143425.7224 6394339.9006 35.7071
143425.9508 6394340.9534 35.6501
143425.6175 6394341.8654 35.2672
143426.3203 6394342.7285 35.3387
143426.3905 6394342.9744 35.2986
143426.7096 6394344.8433 35.3031
143427.1813 6394345.6134 35.1988
143427.7190 6394346.3571 35.2825
143427.9821 6394347.6573 35.4111
143428.2902 6394348.8458 35.3891
143428.6052 6394349.6458 35.1716
143429.0533 6394350.9048 35.2145
143429.6737 6394352.5376 35.3766
143430.6785 6394353.1538 35.8902
143431.0555 6394354.2546 35.8659
143430.9606 6394354.7840 35.6827
143431.2594 6394355.3755 35.9299
143431.8768 6394356.4001 35.3952
143431.7849 6394356.6471 35.6567
143430.6293 6394354.5626 35.8898
143431.2658 6394354.7058 35.7201
143430.8080 6394354.6890 35.8574
143431.3996 6394356.1593 35.7022
143431.3650 6394356.4814 35.8985
143432.8935 6394359.1783 35.6994
143432.5845 6394359.2718 35.9327
143432.9278 6394360.0228 36.1387
143432.9256 6394359.7919 35.2060
143433.7556 6394360.8425 34.4477
143434.4177 6394363.5426 35.1050
143433.1070 6394360.5428 35.2174
143433.3895 6394360.9720 35.1943
143433.3871 6394361.0677 35.3365
143431.1100 6394355.9770 36.1136
143431.0094 6394355.7952 35.9893
143430.8272 6394353.9812 35.6837
143431.0199 6394354.5774 35.6784
143431.3770 6394355.2107 35.5147
143431.0243 6394355.0063 35.6563
143431.5789 6394355.7525 35.3143
