143439.3397, 6394372.9888, 32.6457, 708.8408, 497.3036
143451.4409, 6394368.1484, 44.4540, 192.2291, 250.7969
143440.0125, 6394356.5791, 33.7569, 1175.6479, 501.6275
143429.3580, 6394362.0151, 32.6837, 362.7093, 564.5454
143439.6815, 6394355.5614, 33.7860, 1206.1923, 504.6247
143436.5000, 6394360.1036, 33.3991, 826.8975, 513.2062
143426.4215, 6394357.0248, 33.2912, 135.5368, 578.2872
143425.5048, 6394361.5043, 33.4169, 61.5780, 533.9522
143430.9105, 6394354.0503, 33.8625, 595.3768, 533.8553
143438.3747, 6394353.1498, 33.4463, 1258.6611, 556.6940
143425.5627, 6394355.4952, 33.4476, 77.6043, 579.9266
143427.6304, 6394360.9933, 32.9980, 231.1234, 560.3116
143438.9368, 6394356.9246, 32.8055, 1094.4924, 569.6911
143425.9222, 6394355.5293, 33.3131, 78.1650, 595.5150
143434.7566, 6394358.0389, 32.4991, 781.6993, 597.7209
143433.4531, 6394352.6052, 32.4316, 827.1420, 680.4211
143433.3332, 6394352.5284, 32.2724, 1003.1082, 827.1364
143433.3332, 6394352.5284, 32.2724, 1017.8675, 838.0615
143433.3962, 6394352.5112, 32.0812, 878.5328, 720.5576
143433.3651, 6394352.4922, 31.9523, 954.9633, 819.2649
143432.6244, 6394364.5257, 37.4394, 514.7979, 268.8561
143432.9812, 6394364.5292, 37.4124, 536.1140, 271.0154
143429.4108, 6394361.4745, 38.5610, 347.4907, 172.1872
143433.7554, 6394365.5015, 37.4768, 563.7138, 272.4125
143434.1008, 6394365.4904, 37.4285, 581.5477, 275.2885
143445.9658, 6394365.6065, 37.5799, 1127.1167, 279.1419
143428.1921, 6394364.4882, 37.1851, 254.2137, 281.3552
143445.3721, 6394361.6340, 37.2124, 1238.9080, 281.1866
143430.0413, 6394360.9807, 38.4847, 390.4940, 173.5314
143429.0601, 6394366.9829, 41.0084, 292.9216, 82.5552
143436.4935, 6394360.1234, 36.9636, 588.0248, 275.0188
143427.8482, 6394361.9929, 38.4447, 236.5788, 179.6825
143427.8482, 6394361.9929, 38.4447, 236.5788, 179.6825
143428.3649, 6394364.9891, 37.1551, 262.0112, 284.8318
143438.2113, 6394364.5497, 37.2295, 810.2341, 286.0884
143428.8305, 6394366.4900, 37.1923, 278.8676, 286.6879
143428.0328, 6394363.9902, 37.0164, 244.1456, 341.3535
143428.2090, 6394363.9632, 39.6641, 262.4918, 132.6687
143435.4667, 6394359.4633, 38.2272, 646.5135, 193.1539
143428.2090, 6394363.9632, 39.6641, 262.4918, 132.6687
143433.5106, 6394359.9693, 38.1521, 646.5135, 193.1539
143433.5106, 6394359.9693, 38.1521, 646.5135, 193.1539
143434.7812, 6394370.4797, 37.4742, 550.1647, 290.4102
143434.7812, 6394370.4797, 37.4742, 550.1647, 290.4102
143430.9125, 6394360.9894, 38.1325, 646.5135, 193.1539
143447.8957, 6394373.1489, 37.6880, 1006.7059, 297.1072
143435.1991, 6394375.4894, 37.6363, 516.6207, 297.4540
143431.9236, 6394360.5117, 38.0778, 372.6239, 207.4574
143428.2610, 6394363.5167, 39.3827, 267.7382, 145.7536
143428.2610, 6394363.5167, 39.3827, 267.7382, 145.7536
143445.4303, 6394363.5440, 36.8723, 1171.3202, 307.0075
143447.8116, 6394374.5870, 37.2711, 976.1486, 314.5626
143438.8386, 6394384.4799, 37.6280, 622.0419, 368.1011
143428.5080, 6394361.9965, 37.9080, 500.3205, 201.4124
143432.2169, 6394360.4879, 37.7781, 340.6522, 261.1364
143447.7411, 6394375.6285, 37.1299, 953.4008, 321.9502
143431.0152, 6394360.9822, 38.5950, 462.7519, 168.3205
143431.7092, 6394360.9824, 37.7247, 231.1234, 560.3116
143446.6954, 6394364.1846, 38.3755, 1204.0549, 233.4874
143433.5261, 6394359.9748, 38.4838, 788.0619, 165.7215
143447.4417, 6394375.6406, 36.6642, 941.6978, 339.8473
143434.4875, 6394359.5345, 38.4268, 721.1901, 173.5182
143429.3572, 6394361.4981, 37.6781, 307.3871, 235.2031
143429.4391, 6394361.4863, 38.4940, 350.0387, 174.9013
143431.5410, 6394360.9831, 38.4162, 496.8235, 181.0500
143431.5410, 6394360.9831, 38.4162, 496.8235, 181.0500
143432.0695, 6394360.4758, 38.3378, 540.7574, 183.0639
143431.6249, 6394360.5401, 38.3014, 509.4120, 185.2429
143432.1475, 6394360.4986, 37.6344, 546.8583, 233.3184
143427.9011, 6394361.9965, 38.3620, 241.3898, 186.0020
143430.4753, 6394361.0080, 38.3137, 425.0161, 186.1924
143432.5331, 6394360.4982, 38.3046, 571.2914, 186.6754
143431.1837, 6394360.9976, 38.2889, 473.3286, 189.8912
143434.0851, 6394359.9562, 38.2722, 685.0428, 187.9945
143434.0851, 6394359.9562, 38.2722, 685.0428, 187.9945
143434.4838, 6394359.5626, 38.2302, 721.0823, 187.7639
143431.8116, 6394360.9880, 37.6077, 516.4630, 236.5493
143456.9458, 6394387.5322, 42.3284, 1006.4496, 199.2111
143431.5022, 6394361.0020, 37.5198, 496.3346, 243.6523
143429.7842, 6394361.4927, 38.2159, 372.6290, 195.6062
143430.0435, 6394361.4814, 38.1583, 390.0479, 199.7079
143434.6935, 6394359.9718, 38.0575, 723.1552, 203.2845
143434.6935, 6394359.9718, 38.0575, 723.1552, 203.2845
143438.9419, 6394367.0952, 35.6507, 792.0491, 358.4834
143447.4192, 6394366.0147, 39.1032, 1174.6028, 209.3867
143429.0616, 6394361.4854, 37.9455, 685.0428, 187.9945
143436.8686, 6394360.9197, 39.4399, 798.5911, 127.9954
143436.3951, 6394359.0999, 37.8730, 854.9396, 212.7227
143439.8840, 6394396.9586, 35.8840, 508.7665, 375.1263
143431.7685, 6394361.0094, 37.4002, 513.1060, 251.6514
143430.4222, 6394361.0308, 37.8729, 421.1194, 215.8332
143429.3036, 6394363.4804, 39.4837, 545.4039, 551.0731
143436.0832, 6394357.5139, 35.4098, 887.6594, 382.7351
143436.0832, 6394357.5139, 35.4098, 887.6594, 382.7351
143436.2989, 6394357.4412, 35.4066, 905.1708, 382.3428
143436.2989, 6394357.4412, 35.4066, 905.1708, 382.3428
143435.9844, 6394357.5641, 35.3369, 880.2511, 388.4587
143435.9844, 6394357.5641, 35.3369, 880.2511, 388.4587
143427.8853, 6394363.9798, 39.5961, 242.4326, 135.9922
143432.0389, 6394361.0018, 37.3723, 1098.9523, 52.7811
143427.1135, 6394358.9936, 38.6848, 987.3803, 133.7368
143435.4431, 6394385.4573, 35.2852, 349.3167, 332.4302
143437.2681, 6394360.9637, 39.1689, 852.2424, 145.9385
143437.2681, 6394360.9637, 39.1689, 852.2424, 145.9385
143427.5496, 6394361.9970, 37.3152, 215.2791, 258.2449
143431.2778, 6394362.5445, 39.0618, 459.1530, 153.8125
143436.7287, 6394364.4684, 37.5747, 690.9648, 266.6383
143435.8597, 6394361.4620, 39.0741, 842.7250, 435.1199
143429.1348, 6394366.9988, 37.6334, 296.9745, 264.7076
143435.9286, 6394361.4572, 39.0757, 842.7250, 435.1199
143436.0947, 6394357.4596, 35.1378, 890.0350, 402.9319
143431.2935, 6394360.9695, 38.6221, 640.7659, 155.9986
143428.7310, 6394365.4828, 37.4270, 281.1585, 271.3293
143432.6119, 6394360.4723, 38.2257, 577.4246, 191.8245
143446.6726, 6394364.0420, 38.2949, 1208.1407, 235.9502
143430.6822, 6394360.9731, 38.1753, 439.9616, 196.4747
143433.4381, 6394370.9824, 37.6949, 484.3551, 280.3168
143446.4922, 6394364.1142, 38.2007, 1198.2041, 241.3412
143430.6822, 6394360.9731, 38.1753, 439.9616, 196.4747
143434.5281, 6394369.5017, 37.4941, 549.5125, 285.9320
143430.2952, 6394361.4892, 38.0963, 407.2525, 204.6917
143431.7593, 6394360.9983, 37.5503, 569.7848, 315.1782
143436.0145, 6394357.4932, 34.9758, 883.4832, 414.9294
143436.2462, 6394357.4359, 34.7365, 900.6415, 432.9130
143437.1955, 6394358.8542, 37.9778, 902.0533, 216.3526
143455.1293, 6394387.0031, 40.4284, 971.6570, 247.7756
143435.9033, 6394373.4874, 37.5041, 563.6160, 298.3743
143431.8477, 6394360.9881, 37.4273, 519.2056, 250.4845
143436.3645, 6394374.9883, 37.5097, 565.9492, 301.4880
143434.3392, 6394359.9758, 37.9525, 335.6894, 233.4341
143436.3645, 6394374.9883, 37.5097, 565.9492, 301.4880
143429.5262, 6394361.4896, 37.9160, 355.3371, 215.8829
143431.3676, 6394371.5009, 37.5635, 423.8851, 284.6347
143429.5262, 6394361.4896, 37.9160, 355.3371, 215.8829
143431.3383, 6394360.9869, 37.8630, 483.9923, 218.0591
143437.9566, 6394380.0236, 37.5318, 573.9157, 311.5704
143438.2281, 6394368.1044, 33.1910, 738.9801, 490.4335
143430.4776, 6394361.0145, 37.7835, 425.6606, 222.8531
143439.7924, 6394368.5140, 36.9595, 798.8807, 312.6038
143429.9505, 6394361.4918, 37.7903, 383.6808, 225.7578
143429.9505, 6394361.4918, 37.7903, 383.6808, 225.7578
143446.0452, 6394365.5352, 37.7372, 1133.1119, 270.1100
143438.9973, 6394383.5011, 37.6088, 598.3449, 337.6385
143440.5029, 6394389.0008, 37.7091, 575.4479, 319.3109
143434.7024, 6394359.9743, 37.5527, 695.1902, 185.4317
143431.4448, 6394366.5348, 33.3112, 444.9194, 499.4997
143431.8392, 6394355.0032, 34.1425, 649.1091, 499.7620
143431.9406, 6394354.9901, 34.1350, 657.3753, 499.4622
143446.2815, 6394363.6354, 38.0340, 1205.6654, 246.5999
143433.0923, 6394367.4854, 33.0712, 516.1180, 505.4411
143433.0923, 6394367.4854, 33.0712, 516.1180, 505.4411
143431.3988, 6394354.0472, 34.1300, 638.3774, 508.4427
143432.0550, 6394353.9626, 34.1132, 696.8796, 508.5930
143433.7587, 6394365.5004, 37.4807, 563.9579, 272.1772
143428.0267, 6394362.0092, 37.3977, 249.2178, 253.3826
143431.3714, 6394354.0192, 34.0852, 636.0948, 512.9018
143433.9828, 6394365.5256, 37.4007, 575.2308, 276.6454
143433.0884, 6394367.4734, 32.9249, 516.3303, 512.6093
143445.9983, 6394362.5105, 37.7024, 1233.4930, 259.1964
143436.4321, 6394359.5930, 36.3307, 840.9029, 322.9195
143431.7761, 6394353.5525, 34.0952, 686.0650, 514.1404
143436.9833, 6394358.9759, 37.2272, 894.3923, 263.2394
143431.9074, 6394366.4840, 33.0225, 468.6265, 513.4814
143428.3725, 6394364.4894, 37.3839, 262.7113, 268.0960
143437.4706, 6394366.1021, 32.8114, 745.3626, 513.8267
143426.7452, 6394360.0002, 33.7035, 165.3273, 518.1122
143437.3855, 6394365.5785, 32.8509, 747.0140, 517.4924
143445.8449, 6394363.1167, 37.4880, 1205.3707, 272.1684
143428.1945, 6394364.4908, 37.0946, 248.9683, 284.7958
143436.3043, 6394357.4831, 33.4929, 903.6029, 522.2716
143436.3043, 6394357.4831, 33.4929, 903.6029, 522.2716
143428.3584, 6394364.9902, 37.0746, 257.6572, 288.2341
143429.3332, 6394367.4952, 37.3448, 305.8157, 284.1286
143446.0161, 6394366.0877, 37.2825, 1111.0441, 301.2861
143431.6165, 6394353.0920, 33.9983, 686.8364, 527.6757
143431.6833, 6394353.0691, 34.0017, 693.6830, 527.2757
143445.8071, 6394366.1344, 36.8721, 1104.7511, 314.3740
143445.8071, 6394366.1344, 36.8721, 1104.7511, 314.3740
143435.4158, 6394372.5442, 37.4824, 555.0170, 296.3039
143438.5914, 6394354.0676, 33.5091, 1218.4570, 540.6490
143431.1882, 6394354.0086, 33.8093, 621.6217, 538.5910
143425.7047, 6394356.0248, 33.8064, 62.2970, 544.0884
143428.5366, 6394363.9788, 32.8751, 299.1328, 542.4996
143431.2567, 6394353.9828, 33.7695, 628.0386, 542.4276
143431.2567, 6394353.9828, 33.7695, 628.0386, 542.4276
143431.1778, 6394353.5713, 33.8138, 632.4423, 542.5128
143431.1778, 6394353.5713, 33.8138, 632.4423, 542.5128
143430.2797, 6394362.0450, 32.8941, 422.4218, 548.4357
143448.2943, 6394376.0745, 37.8054, 963.3312, 299.3531
143432.4613, 6394354.0025, 33.6260, 730.5710, 550.4336
143429.9952, 6394360.5421, 32.9908, 420.4793, 552.2120
143444.0783, 6394363.1691, 36.0998, 1123.4803, 345.5509
143429.9278, 6394360.5423, 32.9824, 412.8893, 554.6409
143426.9176, 6394359.0123, 33.2687, 177.0009, 558.9584
143429.9296, 6394362.5202, 32.6988, 393.7722, 559.0278
143438.1470, 6394364.5891, 35.9483, 804.6164, 356.5341
143428.5620, 6394365.4866, 36.9365, 271.8481, 349.9654
143432.5588, 6394353.9453, 33.4793, 740.8835, 563.8962
143436.5381, 6394359.0514, 35.8461, 865.0225, 354.5173
143436.5210, 6394359.5430, 35.5596, 849.3894, 374.0161
143426.3638, 6394357.5180, 33.3156, 130.4556, 571.2098
143426.3638, 6394357.5180, 33.3156, 130.4556, 571.2098
143427.9425, 6394360.5297, 32.7413, 259.6033, 580.9294
143427.2868, 6394354.5122, 33.4536, 223.3965, 588.9240
143425.1701, 6394355.4905, 33.4084, 973.5057, 800.0529
143430.8073, 6394359.0082, 32.5777, 133.3412, 814.0297
143437.3009, 6394362.1218, 35.5495, 821.3655, 376.3829
143425.4904, 6394355.0063, 33.0534, 67.4875, 624.5395
143428.7729, 6394365.9804, 36.2446, 281.9759, 340.4914
143428.1119, 6394363.4875, 35.5482, 253.0705, 380.0551
143448.1633, 6394375.5832, 37.6894, 965.8058, 304.0974
143428.3423, 6394364.9918, 36.1628, 260.4868, 345.7269
143432.7076, 6394377.4774, 35.5429, 406.5158, 382.7981
143445.9601, 6394366.1355, 37.1564, 1111.0441, 301.2861
143429.9518, 6394369.4809, 36.8007, 331.8257, 319.8853
143432.7076, 6394377.4774, 35.5429, 406.5158, 382.7981
143435.1480, 6394384.4848, 36.5705, 448.8879, 349.6123
143427.7810, 6394362.4950, 36.4531, 232.7350, 319.6186
143435.8285, 6394357.5951, 35.2447, 866.9000, 393.9234
143427.7810, 6394362.4950, 36.4531, 232.7350, 319.6186
143429.4725, 6394368.4825, 35.0850, 311.1889, 405.4096
143436.8643, 6394358.9407, 35.6665, 890.2495, 365.2319
143430.1541, 6394369.9776, 36.7583, 338.9543, 322.6735
143438.1861, 6394364.5720, 36.3163, 807.1465, 337.6190
143429.5573, 6394358.4922, 35.1516, 471.0463, 424.1595
143436.4188, 6394357.4488, 34.4063, 912.0266, 455.8218
143436.9724, 6394358.9493, 35.6007, 897.2722, 369.3094
143436.1740, 6394357.5059, 35.5535, 893.4465, 371.9423
143429.2515, 6394366.5036, 33.4003, 312.5729, 500.7962
143431.7557, 6394353.0489, 34.0655, 700.2996, 520.8083
143431.6116, 6394353.0843, 33.9052, 684.0010, 537.1241
143431.6116, 6394353.0843, 33.9052, 684.0010, 537.1241
143437.7400, 6394357.6268, 33.1285, 985.4028, 544.3697
143438.5113, 6394354.1185, 33.4090, 1208.9966, 549.4833
143427.2025, 6394359.4925, 33.1217, 201.5674, 565.4890
143427.0000, 6394358.9985, 33.1130, 186.0324, 571.2565
143427.0101, 6394358.9980, 32.8712, 188.5624, 589.8483
143438.6136, 6394393.9444, 35.5386, 494.1713, 383.9685
143436.2153, 6394357.4856, 35.4242, 898.1365, 381.7941
143436.1990, 6394357.4942, 35.3797, 896.2621, 384.6658
143430.5606, 6394371.4710, 36.0499, 349.8836, 358.8114
143436.7416, 6394358.9481, 35.7239, 882.5774, 361.2078
143461.2606, 6394391.9582, 47.2339, 1037.8368, 98.6455
143435.4909, 6394376.9953, 35.3757, 516.0500, 388.6255
143434.3265, 6394382.4696, 36.1840, 434.6119, 360.9210
143437.9547, 6394364.0985, 35.7257, 806.8679, 367.8657
143434.3265, 6394382.4696, 36.1840, 434.6119, 360.9210
143435.9480, 6394357.6210, 35.4581, 875.0134, 378.8747
143436.0055, 6394357.5534, 35.4047, 881.2544, 383.6589
143442.7983, 6394360.6874, 35.3243, 1155.0785, 387.0747
143436.0433, 6394357.4862, 35.1324, 886.2439, 403.3216
143432.2315, 6394360.5054, 38.2035, 550.7319, 192.4140
143434.3491, 6394382.4712, 35.2922, 470.4343, 401.4992
143429.9149, 6394361.4911, 38.0810, 381.2999, 204.6467
143435.6126, 6394385.4618, 35.9608, 421.9206, 356.7867
143447.1454, 6394364.4882, 38.8645, 1212.1740, 211.5051
143427.4829, 6394361.9988, 37.7970, 210.7753, 225.3713
143427.6083, 6394361.9981, 35.2788, 223.3638, 396.8179
143438.1001, 6394392.4447, 35.6104, 489.5893, 382.1438
143436.2459, 6394357.4365, 35.0653, 878.7618, 409.9240
143436.3893, 6394357.4418, 35.0635, 910.7885, 408.5200
143428.3961, 6394362.0139, 37.3770, 276.7418, 255.8034
143434.3141, 6394365.4795, 37.6445, 592.5159, 264.3227
143433.9463, 6394371.9624, 35.0340, 501.1418, 404.3677
143436.3173, 6394357.4731, 35.1467, 905.3851, 402.1669
143434.5494, 6394365.0187, 37.6092, 615.2839, 263.7462
143436.4203, 6394357.4336, 35.1464, 912.8287, 402.3232
143436.4203, 6394357.4336, 35.1464, 912.8287, 402.3232
143432.1378, 6394365.9937, 37.4917, 471.3328, 271.9779
143438.8177, 6394394.4438, 35.6277, 496.4576, 381.3978
143445.6850, 6394366.5588, 37.0349, 1088.5851, 306.4294
143440.3999, 6394358.6144, 34.6686, 1104.9636, 430.5294
143428.6922, 6394365.4909, 36.4561, 280.5915, 326.5564
143435.9586, 6394357.5277, 35.0477, 878.7618, 409.9240
143436.0476, 6394357.4906, 34.6341, 886.4967, 440.4406
143435.9586, 6394357.5277, 35.0477, 878.7618, 409.9240
143428.4374, 6394364.9835, 36.2041, 266.1462, 341.8678
143440.1686, 6394358.5482, 34.4551, 1093.0131, 446.7519
143436.0096, 6394357.4948, 34.4391, 883.2073, 455.1658
143439.2593, 6394357.3734, 34.1948, 1088.4396, 467.6390
143436.0471, 6394357.4722, 34.2411, 886.8591, 468.6856
143439.9308, 6394355.6194, 35.6180, 1216.1613, 362.4969
143436.3350, 6394357.4471, 34.2301, 906.4057, 469.6017
143438.8177, 6394394.4438, 35.6277, 496.4576, 381.3978
143435.9696, 6394357.5103, 34.2180, 879.8670, 470.3420
143436.1786, 6394357.5046, 35.4686, 895.1290, 378.6221
143430.7914, 6394371.9852, 35.8573, 357.8215, 368.0760
143436.0928, 6394357.4691, 34.0972, 892.2104, 480.6413
143436.4231, 6394357.4337, 33.9480, 912.1246, 490.1962
143436.0543, 6394357.4742, 34.4857, 887.1765, 451.6178
143436.2467, 6394357.4509, 33.8700, 901.1132, 496.4441
143439.5445, 6394354.6110, 33.9433, 1250.2635, 500.2539
143428.6112, 6394365.4936, 35.4050, 275.9532, 388.8287
143437.2483, 6394364.5919, 33.2867, 761.1834, 497.8600
143439.5055, 6394368.1018, 35.2533, 794.3943, 393.0228
143439.8436, 6394355.5401, 33.8515, 1220.7161, 499.1639
143436.3447, 6394357.4404, 34.2093, 907.8857, 471.8267
143439.5958, 6394354.5663, 33.9191, 1258.5146, 500.2530
143431.4997, 6394354.5284, 34.1389, 634.0204, 504.0066
143438.1513, 6394368.0802, 32.8902, 734.5555, 504.5030
143431.9120, 6394370.5023, 32.8060, 434.5706, 508.8523
143428.8618, 6394366.4846, 35.3117, 285.2154, 393.6805
143436.4801, 6394360.1120, 35.3145, 828.4139, 390.9674
143431.7667, 6394366.5019, 33.1083, 461.0295, 509.5444
143431.9862, 6394366.4684, 33.1062, 472.4162, 509.4083
143433.5359, 6394358.4958, 34.0689, 683.3564, 483.4716
143433.5359, 6394358.4958, 34.0689, 683.3564, 483.4716
143432.3191, 6394366.9784, 33.0494, 483.8162, 509.6220
143435.9984, 6394357.5090, 35.1185, 882.0148, 403.9725
143433.1943, 6394367.4535, 32.9801, 521.7478, 509.8640
143436.4505, 6394360.5008, 33.3617, 811.3036, 513.6766
143433.9228, 6394371.9654, 34.9090, 499.8315, 409.6242
143438.5578, 6394353.6867, 33.7971, 1237.9320, 518.7000
143437.4728, 6394365.0903, 33.3481, 760.5532, 493.7455
143431.7084, 6394353.4871, 34.0499, 682.2160, 519.0970
143437.4728, 6394365.0903, 33.3481, 760.5532, 493.7455
143433.5495, 6394367.9543, 33.2585, 531.6094, 494.5075
143439.1064, 6394355.1400, 33.5538, 1191.9742, 527.7806
143428.8565, 6394366.4848, 35.1841, 286.0905, 400.9012
143439.0775, 6394356.0270, 33.4298, 1143.5128, 531.3080
143440.5495, 6394356.5723, 34.2574, 1208.5134, 463.7168
143433.6432, 6394358.4381, 33.8338, 693.4903, 499.8098
143433.6432, 6394358.4381, 33.8338, 693.4903, 499.8098
143428.7021, 6394365.4915, 33.4418, 421.9206, 356.7867
143429.4538, 6394366.5207, 32.7974, 319.7330, 533.3802
143433.7155, 6394358.4107, 33.8327, 698.8627, 499.8670
143427.7912, 6394362.4961, 33.6328, 237.3141, 507.1562
143432.1189, 6394353.4767, 34.0597, 720.0153, 515.1688
143439.0142, 6394355.1344, 33.2560, 1186.3146, 553.0134
143439.0142, 6394355.1344, 33.2560, 1186.3146, 553.0134
143429.2135, 6394365.9679, 32.8357, 314.4337, 533.8539
143436.3182, 6394357.4482, 35.0012, 905.8485, 412.9710
143431.9662, 6394362.0326, 32.6446, 525.6109, 559.6414
143430.9817, 6394362.0166, 32.6518, 465.5750, 560.1162
143430.8946, 6394358.5275, 32.6018, 496.0621, 599.6823
143428.8721, 6394364.9796, 32.9086, 327.7101, 532.2540
143438.9570, 6394355.9886, 33.3355, 1136.5005, 537.8916
143439.7520, 6394369.0475, 34.6002, 786.3765, 423.1875
143429.3134, 6394365.5239, 32.7905, 335.5996, 536.9826
143432.6927, 6394366.9591, 33.0565, 502.4210, 508.5536
143438.5315, 6394354.1137, 33.4983, 1210.7831, 541.8093
143437.9155, 6394358.0277, 33.0310, 982.5981, 547.9355
143431.6066, 6394362.4784, 39.9251, 480.1812, 97.0464
143436.4628, 6394361.0021, 33.3546, 178.0492, 397.9041
143431.1596, 6394354.5209, 34.0407, 604.5306, 513.4160
143427.1311, 6394359.5082, 33.2431, 196.8443, 555.6976
143431.5614, 6394353.5097, 34.0894, 611.0742, 346.6577
143431.3571, 6394354.0018, 34.0467, 636.0328, 516.5167
143431.6066, 6394362.4784, 39.9251, 480.1812, 97.0464
143427.1311, 6394359.5082, 33.2431, 196.8443, 555.6976
143436.1662, 6394357.4615, 34.7525, 894.9650, 431.4373
143429.9299, 6394362.5195, 32.6926, 393.7722, 559.0278
143431.6931, 6394353.4879, 33.9979, 680.8395, 524.0790
143431.6931, 6394353.4879, 33.9979, 680.8395, 524.0790
143429.9299, 6394362.5195, 32.6926, 393.7722, 559.0278
143428.0422, 6394362.4958, 33.2334, 274.3507, 530.4355
143426.7991, 6394358.5075, 33.2063, 169.9286, 569.2175
143436.1662, 6394357.4615, 34.7525, 894.9650, 431.4373
143426.8724, 6394358.4998, 33.1499, 175.9704, 572.0153
143436.1190, 6394357.4854, 34.7338, 890.4427, 433.3385
143426.3201, 6394357.0196, 33.2928, 125.4706, 578.3748
143426.3201, 6394357.0196, 33.2928, 125.4706, 578.3748
143426.9700, 6394359.0034, 32.9501, 183.4707, 583.3193
143425.8021, 6394355.5010, 33.4247, 64.3912, 587.5930
143430.2113, 6394363.0227, 32.6980, 406.6777, 554.6734
143430.5922, 6394358.0168, 32.5864, 481.3609, 608.0508
143430.0967, 6394357.5440, 32.6204, 446.7863, 615.1154
143426.1273, 6394355.9964, 33.0404, 112.5391, 614.3040
143429.6415, 6394362.0353, 32.7334, 380.4395, 560.5569
143433.3930, 6394352.5580, 32.3955, 945.3802, 752.6277
143433.2266, 6394352.5144, 32.1841, 896.8107, 746.8698
143433.2266, 6394352.5144, 32.1841, 896.8107, 746.8698
143433.7714, 6394355.5161, 32.4615, 807.0485, 652.7727
143424.9458, 6394355.4882, 32.8872, 15.3149, 636.0923
143436.2014, 6394357.4600, 34.5901, 897.3832, 443.6582
143436.1684, 6394357.4784, 34.5407, 894.5611, 447.0526
143440.1777, 6394356.1356, 34.3958, 1208.3013, 454.5478
143436.1247, 6394357.4426, 34.3582, 892.3594, 461.0633
143434.9396, 6394361.5006, 39.7140, 701.5113, 110.2660
143433.1785, 6394358.5128, 34.0696, 492.9316, 507.3143
143432.0593, 6394367.0160, 33.2522, 469.9944, 499.9958
143432.0052, 6394354.4881, 34.1276, 676.4450, 503.8021
143436.6937, 6394360.9253, 39.1789, 820.8541, 141.5197
143432.6332, 6394366.9770, 33.1113, 500.8759, 505.9399
143431.4487, 6394354.0311, 34.1273, 643.0147, 508.5110
143434.3902, 6394359.5580, 38.5140, 713.9622, 167.2669
143431.6686, 6394370.0245, 32.8279, 426.5698, 509.7511
143447.7788, 6394367.1039, 39.3615, 1154.5636, 204.3956
143431.3051, 6394354.0220, 34.0925, 630.5662, 512.4387
143431.3051, 6394354.0220, 34.0925, 630.5662, 512.4387
143431.6383, 6394369.5139, 32.8009, 428.9294, 513.1848
143446.2981, 6394364.6312, 37.9400, 1172.4692, 256.7714
143437.3461, 6394365.5999, 32.9086, 745.3626, 513.8267
143431.0576, 6394354.0712, 34.0578, 607.3235, 515.8361
143425.4157, 6394361.5116, 33.6202, 386.1382, 556.2056
143445.2433, 6394362.1334, 37.0659, 1212.3413, 291.4503
143425.3679, 6394361.5058, 33.5797, 38.1229, 522.7297
143428.5467, 6394365.4914, 37.0387, 269.8370, 293.6869
143425.2326, 6394361.0137, 33.6170, 10.8696, 524.0000
143425.2919, 6394361.0178, 33.6187, 38.1229, 522.7297
143445.7254, 6394365.1532, 36.9458, 1132.5146, 306.7253
143432.9218, 6394367.0373, 32.7319, 575.4479, 319.3109
143427.8354, 6394362.4929, 36.2534, 235.9273, 332.4904
143439.0194, 6394356.0669, 33.4055, 1137.0912, 532.1656
143430.3073, 6394360.4733, 35.1005, 426.7603, 410.2597
143431.8191, 6394365.4610, 34.8670, 464.1357, 418.7065
143435.8537, 6394358.1004, 33.6269, 850.4893, 511.2604
143431.0691, 6394353.9948, 33.7707, 610.3253, 543.1896
143432.2163, 6394353.4057, 33.7616, 729.6367, 544.8929
143431.0022, 6394362.0331, 32.6694, 465.5750, 560.1162
143434.7331, 6394358.4922, 32.4930, 767.9246, 594.4808
143437.7821, 6394357.5902, 33.0415, 990.4860, 550.6514
143430.0156, 6394361.0446, 32.9854, 413.4772, 550.4037
143430.0156, 6394361.0446, 32.9854, 413.4772, 550.4037
143429.8644, 6394363.0139, 32.6862, 386.1382, 556.2056
143421.1417, 6394397.5091, 49.4094, 711.5956, 225.8264
143435.8631, 6394359.4571, 38.1423, 809.8701, 197.8237
143429.8263, 6394367.0076, 37.4519, 333.1960, 276.3270
143429.6016, 6394368.4748, 37.0153, 315.9440, 304.3818
143430.0637, 6394369.9927, 35.4286, 335.7616, 387.8326
143427.7789, 6394361.9889, 35.3137, 235.1600, 396.0142
143431.8415, 6394375.4755, 35.1082, 382.4742, 400.0400
143440.8251, 6394357.3561, 34.3772, 1186.0607, 452.9349
143436.6710, 6394357.4117, 33.4815, 927.8806, 524.4122
143436.2212, 6394362.0954, 32.6913, 761.6920, 546.9055
143451.6258, 6394370.0685, 44.7505, 1203.2069, 9.7505
143460.2416, 6394391.6259, 46.0505, 1020.8611, 124.0732
143427.8745, 6394362.4874, 37.1228, 237.1686, 274.8161
143427.8745, 6394362.4874, 37.1228, 237.1686, 274.8161
143433.7742, 6394370.5216, 37.5533, 502.9038, 283.3832
143439.2128, 6394356.9437, 32.9088, 1107.8276, 561.3643
143429.3769, 6394354.5336, 32.8135, 434.9440, 641.8322
143421.2993, 6394399.4942, 49.7155, 8.9651, 13.2349
143451.7468, 6394369.9874, 44.5171, 1209.6434, 17.9693
143427.9490, 6394361.9988, 37.8081, 242.7098, 224.4878
143448.7032, 6394380.0940, 37.1290, 912.4670, 328.4430
143436.6202, 6394359.0256, 36.1142, 872.8218, 333.2766
143436.3476, 6394359.6039, 33.7162, 837.3280, 497.4857
143436.0867, 6394357.4777, 33.7549, 888.2386, 505.1429
143427.0518, 6394360.4958, 33.7481, 187.2055, 509.2391
143431.3888, 6394353.5033, 33.7986, 654.5723, 542.9443
143425.9932, 6394360.4880, 39.6766, 102.0545, 78.5931
143426.3957, 6394359.9964, 38.9101, 138.3593, 134.8557
143452.4700, 6394369.3084, 44.1311, 1251.9688, 29.2562
143435.2241, 6394361.4628, 39.4536, 718.6447, 126.2653
143435.9505, 6394357.5238, 34.8626, 877.3322, 424.3209
143435.9505, 6394357.5238, 34.8626, 877.3322, 424.3209
143432.1816, 6394364.0142, 32.6708, 511.2513, 544.3816
143427.5653, 6394360.4995, 33.0011, 228.5993, 564.2856
143438.7875, 6394356.9610, 32.3912, 1117.6284, 609.5887
143460.0813, 6394387.1121, 46.2033, 1082.2676, 97.3972
143431.9945, 6394361.9785, 39.5656, 511.4387, 115.9378
143434.0531, 6394361.4971, 39.6216, 647.7469, 112.9133
143430.1776, 6394362.9797, 39.4386, 384.0256, 129.9901
143430.1776, 6394362.9797, 39.4386, 384.0256, 129.9901
143427.8351, 6394362.9767, 38.9403, 239.0866, 160.4182
143426.3158, 6394359.9995, 34.3046, 141.2126, 477.8274
143439.0414, 6394355.9113, 33.2169, 1150.3750, 549.9221
143430.5388, 6394353.5479, 33.3404, 573.7120, 590.3159
143431.7838, 6394353.5215, 33.2245, 688.1368, 598.6790
143424.5083, 6394360.9644, 39.7696, 267.3901, 152.4579
143424.9722, 6394360.4894, 39.6610, 27.2594, 75.8112
143428.9197, 6394366.9881, 41.0748, 292.9216, 82.5552
143421.1113, 6394399.4885, 49.9564, 5.0757, 5.8861
143437.5061, 6394390.4943, 37.7848, 477.8170, 319.8210
143428.3060, 6394362.9734, 33.0641, 228.5993, 564.2856
143452.0422, 6394369.5780, 44.3035, 1231.2455, 23.8850
143451.8254, 6394369.9040, 44.7560, 1215.1340, 7.5319
143430.7839, 6394361.0039, 37.7690, 452.7508, 226.9864
143430.4063, 6394356.0171, 32.5144, 505.8935, 635.8871
143421.3205, 6394395.4789, 48.2060, 3.2596, 33.6111
143432.3983, 6394354.5670, 32.5000, 708.1802, 644.7494
143452.0328, 6394369.8433, 44.5454, 1224.3374, 16.6354
143452.1182, 6394369.8009, 44.4485, 1227.8252, 20.5971
143451.3460, 6394370.5617, 44.4520, 1179.9150, 25.3520
143428.9522, 6394366.9870, 40.9425, 288.3222, 87.5784
143427.2571, 6394359.4601, 39.3877, 209.8549, 88.4229
143421.6787, 6394395.4916, 47.9826, 9.8987, 34.9491
143450.5055, 6394369.5595, 43.7205, 1177.3724, 45.4978
143452.1514, 6394369.4128, 43.5921, 1238.0808, 51.3782
143461.1449, 6394391.6580, 47.2930, 1039.6732, 95.8659
143436.9431, 6394360.9863, 39.4889, 831.8367, 124.9508
143435.0859, 6394361.5194, 39.4331, 707.1979, 128.4294
143433.4964, 6394361.5654, 39.9520, 612.6005, 91.0566
143426.4946, 6394359.5021, 39.1486, 622.0419, 368.1011
143437.2839, 6394360.9758, 39.3291, 851.7174, 135.8636
143460.3510, 6394389.1611, 46.0495, 1058.4342, 112.9261
143433.7136, 6394361.9676, 39.0448, 617.8025, 153.5748
143437.2444, 6394360.9755, 39.0083, 850.7656, 157.0019
143432.8898, 6394360.4365, 38.7046, 596.0404, 159.4125
143423.2008, 6394391.0003, 42.6002, 36.4886, 168.4688
143431.1275, 6394360.9484, 38.6646, 470.8299, 161.6302
143435.1946, 6394359.4752, 38.4220, 768.4156, 175.8206
143435.4144, 6394359.4812, 38.3812, 320.5302, 205.4166
143435.4144, 6394359.4812, 38.3812, 320.5302, 205.4166
143433.8499, 6394359.9735, 38.3895, 668.7610, 178.6109
143433.2580, 6394359.9939, 38.3415, 629.1543, 180.3174
143430.5671, 6394360.9887, 38.3750, 431.4492, 181.7986
143433.4497, 6394359.9750, 38.3270, 320.5302, 205.4166
143425.0526, 6394360.4862, 39.6901, 34.7199, 73.8820
143432.4324, 6394360.4818, 38.3388, 565.0446, 183.6050
143432.4324, 6394360.4818, 38.3388, 565.0446, 183.6050
143434.5682, 6394359.9717, 38.1652, 715.3585, 195.7897
143448.8502, 6394368.0519, 42.4079, 467.7979, 618.6576
143434.5682, 6394359.9717, 38.1652, 715.3585, 195.7897
143455.0991, 6394383.6307, 41.5578, 1020.9432, 207.9810
143427.1564, 6394358.9960, 38.7508, 203.7189, 135.5619
143427.4539, 6394359.4923, 38.8325, 227.0619, 135.5560
143435.5121, 6394359.4521, 38.1025, 789.1437, 198.2798
143434.9433, 6394359.9575, 38.0992, 739.6847, 200.9502
143427.5744, 6394362.0034, 38.1176, 214.0774, 203.1413
143431.7471, 6394360.9864, 38.1136, 511.0175, 201.7352
143425.1429, 6394360.4518, 39.8030, 31.6573, 70.6134
143434.1688, 6394359.9717, 38.0633, 326.6579, 226.3849
143434.1688, 6394359.9717, 38.0633, 326.6579, 226.3849
143428.3044, 6394361.9935, 38.0900, 265.0770, 206.6839
143424.8915, 6394360.4885, 39.4910, 335.6442, 175.9005
143428.3044, 6394361.9935, 38.0900, 265.0770, 206.6839
143428.8648, 6394361.4914, 38.0679, 308.9403, 204.0661
143429.0254, 6394361.4936, 38.0707, 320.5302, 205.4166
143433.5580, 6394359.9689, 38.0238, 326.6579, 226.3849
143446.9483, 6394363.6448, 38.8178, 1232.8386, 209.1524
143436.3728, 6394359.4470, 37.9938, 841.8526, 205.9023
143435.4207, 6394361.4864, 39.3070, 761.3229, 138.0682
143436.6886, 6394358.9447, 37.9496, 915.2907, 376.9545
143429.1752, 6394366.9712, 40.7373, 296.1098, 92.8772
143430.5734, 6394360.9934, 37.9713, 432.3622, 210.1037
143430.3697, 6394361.0308, 37.9520, 417.9917, 210.7007
143460.9442, 6394391.4584, 46.6597, 1037.8135, 110.0283
143428.2539, 6394363.5346, 39.2702, 267.3901, 152.4579
143431.3355, 6394362.5243, 39.2374, 462.5409, 141.9297
143431.1607, 6394361.0035, 37.9190, 472.0981, 214.8218
143431.1607, 6394361.0035, 37.9190, 472.0981, 214.8218
143436.9080, 6394360.9425, 39.2092, 831.8166, 142.0743
143436.4093, 6394359.4550, 37.8716, 843.7396, 216.4451
143460.5316, 6394389.1489, 46.3516, 1062.8086, 105.5987
143429.6824, 6394361.4953, 37.8832, 365.8730, 218.3104
143428.6126, 6394361.5165, 37.8463, 291.5426, 219.9963
143446.9092, 6394365.1842, 38.6496, 1180.2321, 224.6924
143460.5316, 6394389.1489, 46.3516, 1062.8086, 105.5987
143429.1106, 6394361.4948, 37.7603, 326.6579, 226.3849
143427.2258, 6394358.9896, 38.6897, 210.3337, 139.9838
143427.2824, 6394358.9837, 38.6755, 214.1941, 142.2916
143455.6013, 6394387.4708, 40.7697, 975.6953, 240.4224
143459.9661, 6394391.4764, 45.3034, 1016.7294, 141.5032
143455.5505, 6394388.0415, 40.7836, 966.6352, 241.7130
143459.5824, 6394387.9913, 45.4117, 1058.2458, 123.9126
143428.0828, 6394363.9573, 39.6848, 254.4686, 130.9336
143427.2839, 6394358.9888, 38.7685, 215.0170, 134.1063
143446.7887, 6394365.4789, 38.2879, 1166.7477, 242.8947
143427.2236, 6394361.9985, 37.4240, 192.2291, 250.7969
143428.2173, 6394363.9873, 39.5223, 262.7812, 141.5707
143427.2236, 6394361.9985, 37.4240, 192.2291, 250.7969
143433.1552, 6394361.9563, 39.3464, 583.9963, 133.7992
143428.1032, 6394363.9892, 39.4939, 255.5822, 143.0454
143431.9365, 6394361.0306, 37.3241, 524.1361, 257.7226
143433.1552, 6394361.9563, 39.3464, 583.9963, 133.7992
143431.1722, 6394362.4715, 39.2043, 583.9963, 133.7992
143429.1784, 6394363.4790, 39.3537, 1039.3431, 74.1372
143431.1722, 6394362.4715, 39.2043, 583.9963, 133.7992
143432.5730, 6394361.0209, 37.3287, 566.2654, 258.9547
143427.9297, 6394363.9954, 39.3687, 245.0746, 150.1168
143428.3672, 6394363.4877, 39.1860, 275.3042, 157.6765
143427.0202, 6394359.5149, 38.5068, 192.3483, 158.1674
143427.8241, 6394362.0206, 37.3022, 234.9151, 259.7388
143431.8422, 6394362.5190, 37.3882, 497.0071, 262.4234
143432.6616, 6394363.5284, 37.4054, 531.3350, 266.4161
143432.6616, 6394363.5284, 37.4054, 531.3350, 266.4161
143436.3266, 6394359.3997, 38.6807, 841.5184, 159.4289
143432.4497, 6394366.0008, 37.5751, 488.2318, 267.6418
143429.3320, 6394361.4690, 38.5864, 343.8256, 171.9378
143436.4890, 6394360.1243, 36.6617, 828.4633, 300.4138
143458.5352, 6394392.1351, 43.6349, 978.5969, 183.4072
143438.8859, 6394383.5337, 37.5698, 573.0115, 316.0670
143434.3018, 6394359.6074, 38.3983, 707.1414, 176.1338
143434.1758, 6394359.9712, 38.4272, 690.1085, 177.1750
143432.1684, 6394360.4861, 38.3928, 547.7455, 179.4746
143433.5739, 6394359.9881, 38.3704, 650.4513, 179.1346
143431.1334, 6394372.9886, 36.4688, 366.4890, 341.2003
143438.1933, 6394364.0623, 36.1844, 820.6844, 341.9815
143438.1933, 6394364.0623, 36.1844, 820.6844, 341.9815
143432.7942, 6394360.4725, 38.3745, 589.2330, 181.6349
143432.7942, 6394360.4725, 38.3745, 589.2330, 181.6349
143430.9393, 6394360.9872, 38.6614, 457.4625, 164.0297
143432.9997, 6394360.0594, 38.3415, 610.8839, 180.7638
143432.9997, 6394360.0594, 38.3415, 610.8839, 180.7638
143435.4961, 6394359.4628, 38.5689, 788.0619, 165.7215
143429.4957, 6394361.4923, 38.3333, 354.0064, 186.6864
143432.3349, 6394360.4690, 38.2702, 559.1671, 188.3263
143432.3349, 6394360.4690, 38.2702, 559.1671, 188.3263
143431.9811, 6394360.4952, 38.2408, 366.2985, 202.6835
143429.8146, 6394361.0492, 38.2160, 378.9859, 192.1187
143436.8853, 6394358.9374, 35.9292, 889.9454, 346.1706
143430.7956, 6394371.9721, 36.1849, 446.9370, 408.3669
143431.8827, 6394360.5253, 38.1962, 527.4078, 192.3325
143427.6243, 6394361.9974, 38.2399, 217.8628, 194.4446
143435.0406, 6394359.9678, 38.1697, 745.3199, 196.5301
143426.9887, 6394359.9970, 35.8663, 182.8915, 281.0840
143429.8804, 6394361.4896, 38.1754, 547.8889, 185.2131
143429.8804, 6394361.4896, 38.1754, 547.8889, 185.2131
143429.1399, 6394361.4862, 38.1071, 328.2466, 201.5302
143429.1399, 6394361.4862, 38.1071, 328.2466, 201.5302
143429.6929, 6394361.4928, 38.1120, 366.2985, 202.6835
143432.5952, 6394360.4779, 38.3844, 575.3401, 181.0384
143435.0000, 6394359.5805, 38.0401, 752.8737, 202.3492
143433.8436, 6394359.9777, 38.0262, 668.4929, 204.4189
143430.4685, 6394361.0040, 38.0383, 424.8431, 204.9425
143431.9930, 6394360.4972, 38.0055, 535.2252, 205.9068
143433.2663, 6394360.0672, 37.9953, 628.6740, 205.7083
143430.5507, 6394371.4731, 35.1349, 440.9189, 421.6290
143432.5005, 6394367.4616, 35.1234, 479.6184, 403.8477
143436.4317, 6394358.9792, 38.2858, 859.9216, 184.4720
143456.6520, 6394388.5786, 41.8735, 984.3414, 215.7095
143436.4317, 6394358.9792, 38.2858, 859.9216, 184.4720
143439.7058, 6394369.0593, 34.8473, 786.3765, 423.1875
143432.4442, 6394360.4852, 37.9741, 566.0639, 209.5426
143435.2530, 6394359.4651, 38.2740, 646.5135, 193.1539
143436.3341, 6394359.6164, 34.9910, 833.5253, 411.1450
143431.7557, 6394360.9838, 37.9613, 512.1547, 212.5006
143436.4311, 6394357.4527, 34.9646, 913.0273, 415.4608
143430.1707, 6394361.0148, 38.2775, 286.8170, 198.2850
143436.4358, 6394357.4414, 34.8758, 913.6790, 422.6631
143433.3497, 6394360.4681, 37.9256, 628.8625, 213.7237
143427.4284, 6394361.5051, 34.5480, 210.0078, 468.4194
143436.5412, 6394359.0183, 38.2162, 865.9605, 187.7673
143426.8289, 6394360.0020, 34.5154, 854.6879, 714.3129
143429.1249, 6394361.4971, 38.2153, 788.0619, 165.7215
143430.8548, 6394360.9961, 37.8773, 451.2306, 216.9526
143436.2127, 6394357.4616, 34.1900, 898.1746, 472.8622
143429.6914, 6394361.4942, 37.8822, 535.2252, 205.9068
143430.6282, 6394360.9919, 37.8443, 436.0468, 218.8747
143424.4981, 6394360.5209, 34.2905, 461.0295, 509.5444
143430.6282, 6394360.9919, 37.8443, 436.0468, 218.8747
143427.3740, 6394361.5010, 34.1562, 210.0078, 468.4194
143430.3922, 6394361.4990, 37.8695, 414.2503, 220.3825
143431.5612, 6394355.5122, 34.1269, 614.2960, 502.3123
143431.6573, 6394360.9867, 38.1321, 286.7583, 218.7047
143439.1386, 6394372.5136, 32.6649, 708.8408, 497.3036
143431.1108, 6394354.5373, 34.0688, 599.6489, 510.8840
143430.1259, 6394361.4963, 37.8467, 395.9773, 221.8693
143431.7953, 6394353.0313, 34.0299, 705.0139, 524.5668
143436.1022, 6394358.6235, 33.3482, 852.9807, 527.5704
143426.7031, 6394359.9987, 33.4554, 160.1908, 535.1752
143430.1259, 6394361.4963, 37.8467, 395.9773, 221.8693
143426.7936, 6394358.5029, 33.1654, 169.5791, 572.3794
143426.5535, 6394357.5215, 33.2733, 151.1385, 573.8927
143428.5677, 6394361.9956, 37.7961, 285.5080, 226.2443
143426.7784, 6394357.9971, 33.0907, 167.7097, 583.5183
143429.3603, 6394361.4926, 37.7660, 343.8924, 225.9331
143430.3773, 6394357.5251, 32.5723, 467.7979, 618.6576
143433.5082, 6394354.5794, 32.4889, 270.2874, 277.3017
143456.4641, 6394387.1138, 41.8567, 1001.3152, 210.7482
143429.3603, 6394361.4926, 37.7660, 343.8924, 225.9331
143429.5941, 6394361.4937, 37.7725, 359.8123, 225.9677
143428.8273, 6394361.4933, 37.7096, 307.0298, 228.7007
143428.8273, 6394361.4933, 37.7096, 307.0298, 228.7007
143430.3808, 6394361.4952, 37.7410, 414.1772, 228.6426
143455.6213, 6394385.5799, 41.5001, 1003.1391, 216.4350
143428.6175, 6394361.5140, 37.6919, 512.1547, 212.5006
143428.6175, 6394361.5140, 37.6919, 291.9313, 229.9134
143432.3611, 6394360.4748, 37.9840, 561.5084, 209.0092
143437.0963, 6394358.9166, 37.9157, 894.2926, 220.7850
143435.8569, 6394359.4907, 37.3962, 808.1787, 249.8447
143447.1513, 6394365.6123, 38.9253, 1175.9604, 214.6392
143430.4715, 6394361.0137, 37.9521, 424.4030, 211.2452
143434.6411, 6394359.9886, 37.3733, 367.0232, 273.6781
143433.9924, 6394360.5612, 37.3774, 665.5461, 254.9600
143433.4144, 6394360.5427, 37.3388, 629.6463, 256.6251
143428.5848, 6394361.9952, 37.9112, 286.7583, 218.7047
143430.3254, 6394361.4877, 37.9045, 409.1449, 218.8817
143431.8039, 6394366.0016, 37.5777, 452.4801, 267.0020
143455.9404, 6394387.5965, 41.0031, 982.0412, 234.1971
143430.9499, 6394366.4966, 37.5364, 400.7993, 271.0464
143430.9499, 6394366.4966, 37.5364, 400.7993, 271.0464
143430.9499, 6394366.4966, 37.5364, 367.0232, 273.6781
143428.0825, 6394363.4991, 37.2381, 248.1895, 272.3223
143455.9404, 6394387.5965, 41.0031, 982.0412, 234.1971
143429.2050, 6394367.0032, 37.5104, 301.2020, 272.8486
143430.3264, 6394366.5122, 37.4788, 367.0232, 273.6781
143448.1100, 6394375.0510, 37.5343, 973.5573, 308.9487
143446.5123, 6394363.7018, 38.2127, 1212.8341, 238.5505
143447.9115, 6394375.0731, 37.3519, 967.4321, 315.2878
143436.5311, 6394359.5457, 36.4784, 848.9435, 308.1327
143429.0790, 6394366.9945, 36.3122, 294.8274, 338.6488
143428.5686, 6394365.4860, 36.0591, 272.2692, 350.6230
143427.7718, 6394362.4970, 35.9349, 232.8004, 350.2490
143446.0214, 6394362.1391, 37.7859, 1165.0308, 76.2327
143432.0507, 6394360.5470, 37.3724, 537.1654, 248.9288
143436.6324, 6394359.0039, 35.7278, 874.0388, 360.2362
143436.6489, 6394358.9799, 35.5959, 875.7625, 370.0739
143427.7379, 6394361.9912, 35.5498, 232.9275, 379.5055
143432.4836, 6394361.0466, 37.3047, 558.9309, 261.4240
143432.4909, 6394365.0168, 37.5703, 558.9309, 261.4240
143436.3154, 6394357.4486, 35.2295, 904.9949, 396.0536
143436.1466, 6394357.4642, 35.1182, 893.2037, 404.3084
143430.9589, 6394362.4598, 35.0911, 446.9370, 408.3669
143439.6627, 6394368.6001, 34.7013, 790.7634, 419.7005
143436.3069, 6394357.4457, 34.9146, 904.8920, 419.1309
143436.3069, 6394357.4457, 34.9146, 904.8920, 419.1309
143436.3069, 6394357.4457, 34.9146, 904.8920, 419.1309
143436.0542, 6394357.4720, 34.9022, 886.1879, 420.5499
143440.4649, 6394358.5716, 34.7869, 1110.7650, 421.7968
143440.4459, 6394358.0381, 34.7905, 1132.2739, 422.1737
143436.2199, 6394357.4485, 34.4885, 899.2248, 451.2919
143436.2199, 6394357.4485, 34.4885, 899.2248, 451.2919
143436.3373, 6394357.4540, 33.9995, 906.3403, 486.9255
143432.3629, 6394373.0180, 32.8439, 435.3521, 497.7739
143451.7277, 6394370.0119, 44.3656, 1208.2430, 25.5298
143436.3584, 6394357.4662, 33.8376, 907.1302, 498.0032
143433.0474, 6394367.5053, 33.1930, 513.6213, 499.2275
143437.7202, 6394366.6015, 33.0863, 743.9928, 500.6323
143425.0265, 6394360.4815, 39.7206, 31.6573, 70.6134
143432.4845, 6394366.9914, 33.0904, 492.9316, 507.3143
143432.9547, 6394367.5116, 33.0131, 509.1530, 508.2791
143439.6122, 6394356.1596, 33.6420, 1170.6771, 512.9029
143438.6402, 6394357.4364, 33.5293, 1046.4553, 517.0781
143438.6959, 6394357.4313, 33.4438, 1053.0693, 519.8843
143431.3139, 6394367.5242, 32.7851, 429.8513, 523.5701
143427.6574, 6394361.5100, 33.3703, 231.3941, 530.7007
143439.1480, 6394355.1018, 33.4986, 1196.3252, 532.0367
143439.0493, 6394355.1480, 33.4191, 1187.1792, 538.5497
143433.5177, 6394361.9819, 39.0502, 606.4186, 152.5868
143427.6550, 6394360.9985, 33.2310, 232.7054, 543.7345
143426.2562, 6394359.9968, 33.3787, 122.8746, 545.0357
143432.6510, 6394361.9685, 38.9727, 553.7421, 155.4399
143427.7835, 6394361.4858, 33.1037, 239.5673, 548.8162
143431.1981, 6394353.5575, 33.7502, 634.3226, 548.5085
143431.2156, 6394353.9994, 33.7005, 624.7363, 548.6730
143429.4978, 6394363.0154, 38.8963, 343.8256, 171.9378
143428.3954, 6394354.4842, 33.5580, 357.1245, 568.5722
143428.2554, 6394354.4969, 33.5276, 357.1245, 568.5722
143433.4329, 6394359.9755, 38.3618, 641.7276, 180.0909
143427.9981, 6394354.5140, 33.4768, 357.1245, 568.5722
143424.9442, 6394355.4930, 33.3229, 47.2261, 589.8851
143434.5796, 6394359.5120, 38.3346, 727.3729, 180.0794
143436.3288, 6394359.0358, 38.2420, 852.5109, 187.7319
143431.7200, 6394360.5292, 38.2106, 516.5647, 191.5318
143431.7200, 6394360.5292, 38.2106, 516.5647, 191.5318
143434.6201, 6394359.5630, 38.1464, 728.7526, 194.3002
143431.5435, 6394360.9935, 38.0927, 500.0936, 206.2701
143432.9714, 6394360.4864, 38.1506, 600.6963, 199.2126
143435.0986, 6394359.5324, 37.9473, 759.7334, 208.7169
143430.4738, 6394361.0113, 37.8184, 425.6606, 222.8531
143430.4738, 6394361.0113, 37.8184, 425.6606, 222.8531
143430.7398, 6394360.9678, 37.7692, 443.8320, 224.8409
143431.7140, 6394360.5628, 37.6537, 516.6566, 230.8124
143431.7140, 6394360.5628, 37.6537, 516.6566, 230.8124
143432.2734, 6394360.4850, 37.6823, 554.4660, 229.4866
143429.4786, 6394361.4921, 37.6759, 351.9359, 232.3089
143428.7135, 6394361.5075, 37.5983, 299.4755, 236.6111
143427.3686, 6394361.9889, 37.5743, 201.9448, 240.7622
143446.0902, 6394362.4137, 37.8899, 1241.3135, 247.9012
143447.9256, 6394374.1351, 37.5381, 986.7316, 305.4101
143436.4136, 6394359.6029, 36.4465, 839.4150, 314.0474
143436.4256, 6394359.5871, 36.1420, 840.8679, 334.8898
143428.9183, 6394366.4809, 36.1615, 287.9383, 346.3668
143445.5429, 6394366.0174, 35.9517, 1098.1312, 357.1324
143436.4430, 6394359.5805, 35.7645, 842.1199, 359.7686
143443.0672, 6394360.5800, 35.5055, 1170.1409, 374.9599
143436.0404, 6394357.5749, 35.4996, 882.6279, 375.8066
143438.2416, 6394364.5539, 35.0580, 810.4196, 404.4995
143436.4108, 6394357.4473, 34.7053, 910.2989, 434.1695
143436.4108, 6394357.4473, 34.7053, 910.2989, 434.1695
143431.8210, 6394368.5413, 33.4702, 444.7095, 484.4083
143451.9012, 6394369.8208, 44.8219, 1220.7404, 4.6318
143451.9012, 6394369.8208, 44.8219, 1220.7404, 4.6318
143451.5293, 6394368.1609, 44.1314, 1254.7424, 15.1356
143452.0487, 6394369.8899, 44.3446, 1224.3644, 25.0151
143421.5693, 6394395.9937, 48.3055, 8.1316, 28.9560
143461.5887, 6394390.9309, 47.3622, 1059.9666, 90.4768
143461.4110, 6394391.0105, 47.2300, 1054.1395, 93.3478
143460.9832, 6394391.5595, 47.0571, 1037.2042, 100.3083
143439.3397, 6394372.9888, 32.6457, 708.8408, 497.3036
143440.0125, 6394356.5791, 33.7569, 1175.6479, 501.6275
143429.3580, 6394362.0151, 32.6837, 362.7093, 564.5454
143436.5000, 6394360.1036, 33.3991, 826.8975, 513.2062
143426.4215, 6394357.0248, 33.2912, 135.5368, 578.2872
143425.5048, 6394361.5043, 33.4169, 61.5780, 533.9522
143430.9105, 6394354.0503, 33.8625, 595.3768, 533.8553
143425.5627, 6394355.4952, 33.4476, 77.6043, 579.9266
143427.6304, 6394360.9933, 32.9980, 231.1234, 560.3116
143425.9222, 6394355.5293, 33.3131, 78.1650, 595.5150
143432.6244, 6394364.5257, 37.4394, 514.7979, 268.8561
143432.9812, 6394364.5292, 37.4124, 536.1140, 271.0154
143429.4108, 6394361.4745, 38.5610, 347.4907, 172.1872
143433.7554, 6394365.5015, 37.4768, 563.7138, 272.4125
143434.1008, 6394365.4904, 37.4285, 581.5477, 275.2885
143445.9658, 6394365.6065, 37.5799, 1127.1167, 279.1419
143428.1921, 6394364.4882, 37.1851, 254.2137, 281.3552
143445.3721, 6394361.6340, 37.2124, 1238.9080, 281.1866
143430.0413, 6394360.9807, 38.4847, 390.4940, 173.5314
143429.0601, 6394366.9829, 41.0084, 292.9216, 82.5552
143427.8482, 6394361.9929, 38.4447, 236.5788, 179.6825
143427.8482, 6394361.9929, 38.4447, 236.5788, 179.6825
143428.3649, 6394364.9891, 37.1551, 262.0112, 284.8318
143438.2113, 6394364.5497, 37.2295, 810.2341, 286.0884
143428.8305, 6394366.4900, 37.1923, 278.8676, 286.6879
143428.2090, 6394363.9632, 39.6641, 262.4918, 132.6687
143428.2090, 6394363.9632, 39.6641, 262.4918, 132.6687
143433.5106, 6394359.9693, 38.1521, 646.5135, 193.1539
143433.5106, 6394359.9693, 38.1521, 646.5135, 193.1539
143434.7812, 6394370.4797, 37.4742, 550.1647, 290.4102
143434.7812, 6394370.4797, 37.4742, 550.1647, 290.4102
143447.8957, 6394373.1489, 37.6880, 1006.7059, 297.1072
143435.1991, 6394375.4894, 37.6363, 516.6207, 297.4540
143428.2610, 6394363.5167, 39.3827, 267.7382, 145.7536
143428.2610, 6394363.5167, 39.3827, 267.7382, 145.7536
143445.4303, 6394363.5440, 36.8723, 1171.3202, 307.0075
143447.8116, 6394374.5870, 37.2711, 976.1486, 314.5626
143438.8386, 6394384.4799, 37.6280, 622.0419, 368.1011
143447.7411, 6394375.6285, 37.1299, 953.4008, 321.9502
143431.0152, 6394360.9822, 38.5950, 462.7519, 168.3205
143446.6954, 6394364.1846, 38.3755, 1204.0549, 233.4874
143447.4417, 6394375.6406, 36.6642, 941.6978, 339.8473
143434.4875, 6394359.5345, 38.4268, 721.1901, 173.5182
143429.4391, 6394361.4863, 38.4940, 350.0387, 174.9013
143431.5410, 6394360.9831, 38.4162, 496.8235, 181.0500
143431.5410, 6394360.9831, 38.4162, 496.8235, 181.0500
143432.0695, 6394360.4758, 38.3378, 540.7574, 183.0639
143431.6249, 6394360.5401, 38.3014, 509.4120, 185.2429
143432.1475, 6394360.4986, 37.6344, 546.8583, 233.3184
143427.9011, 6394361.9965, 38.3620, 241.3898, 186.0020
143430.4753, 6394361.0080, 38.3137, 425.0161, 186.1924
143432.5331, 6394360.4982, 38.3046, 571.2914, 186.6754
143431.1837, 6394360.9976, 38.2889, 473.3286, 189.8912
143434.0851, 6394359.9562, 38.2722, 685.0428, 187.9945
143434.0851, 6394359.9562, 38.2722, 685.0428, 187.9945
143434.4838, 6394359.5626, 38.2302, 721.0823, 187.7639
143431.8116, 6394360.9880, 37.6077, 516.4630, 236.5493
143456.9458, 6394387.5322, 42.3284, 1006.4496, 199.2111
143431.5022, 6394361.0020, 37.5198, 496.3346, 243.6523
143429.7842, 6394361.4927, 38.2159, 372.6290, 195.6062
143430.0435, 6394361.4814, 38.1583, 390.0479, 199.7079
143434.6935, 6394359.9718, 38.0575, 723.1552, 203.2845
143434.6935, 6394359.9718, 38.0575, 723.1552, 203.2845
143447.4192, 6394366.0147, 39.1032, 1174.6028, 209.3867
143436.3951, 6394359.0999, 37.8730, 854.9396, 212.7227
143439.8840, 6394396.9586, 35.8840, 508.7665, 375.1263
143431.7685, 6394361.0094, 37.4002, 513.1060, 251.6514
143430.4222, 6394361.0308, 37.8729, 421.1194, 215.8332
143436.0832, 6394357.5139, 35.4098, 887.6594, 382.7351
143436.0832, 6394357.5139, 35.4098, 887.6594, 382.7351
143436.2989, 6394357.4412, 35.4066, 905.1708, 382.3428
143436.2989, 6394357.4412, 35.4066, 905.1708, 382.3428
143435.9844, 6394357.5641, 35.3369, 880.2511, 388.4587
143435.9844, 6394357.5641, 35.3369, 880.2511, 388.4587
143427.8853, 6394363.9798, 39.5961, 242.4326, 135.9922
143437.2681, 6394360.9637, 39.1689, 852.2424, 145.9385
143437.2681, 6394360.9637, 39.1689, 852.2424, 145.9385
143427.5496, 6394361.9970, 37.3152, 215.2791, 258.2449
143431.2778, 6394362.5445, 39.0618, 459.1530, 153.8125
143429.1348, 6394366.9988, 37.6334, 296.9745, 264.7076
143436.0947, 6394357.4596, 35.1378, 890.0350, 402.9319
143428.7310, 6394365.4828, 37.4270, 281.1585, 271.3293
143432.6119, 6394360.4723, 38.2257, 577.4246, 191.8245
143446.6726, 6394364.0420, 38.2949, 1208.1407, 235.9502
143430.6822, 6394360.9731, 38.1753, 439.9616, 196.4747
143433.4381, 6394370.9824, 37.6949, 484.3551, 280.3168
143446.4922, 6394364.1142, 38.2007, 1198.2041, 241.3412
143430.6822, 6394360.9731, 38.1753, 439.9616, 196.4747
143434.5281, 6394369.5017, 37.4941, 549.5125, 285.9320
143430.2952, 6394361.4892, 38.0963, 407.2525, 204.6917
143436.0145, 6394357.4932, 34.9758, 883.4832, 414.9294
143436.2462, 6394357.4359, 34.7365, 900.6415, 432.9130
143437.1955, 6394358.8542, 37.9778, 902.0533, 216.3526
143455.1293, 6394387.0031, 40.4284, 971.6570, 247.7756
143435.9033, 6394373.4874, 37.5041, 563.6160, 298.3743
143431.8477, 6394360.9881, 37.4273, 519.2056, 250.4845
143436.3645, 6394374.9883, 37.5097, 565.9492, 301.4880
143436.3645, 6394374.9883, 37.5097, 565.9492, 301.4880
143429.5262, 6394361.4896, 37.9160, 355.3371, 215.8829
143429.5262, 6394361.4896, 37.9160, 355.3371, 215.8829
143431.3383, 6394360.9869, 37.8630, 483.9923, 218.0591
143437.9566, 6394380.0236, 37.5318, 573.9157, 311.5704
143438.2281, 6394368.1044, 33.1910, 738.9801, 490.4335
143430.4776, 6394361.0145, 37.7835, 425.6606, 222.8531
143439.7924, 6394368.5140, 36.9595, 798.8807, 312.6038
143429.9505, 6394361.4918, 37.7903, 383.6808, 225.7578
143429.9505, 6394361.4918, 37.7903, 383.6808, 225.7578
143446.0452, 6394365.5352, 37.7372, 1133.1119, 270.1100
143438.9973, 6394383.5011, 37.6088, 598.3449, 337.6385
143440.5029, 6394389.0008, 37.7091, 575.4479, 319.3109
143431.4448, 6394366.5348, 33.3112, 444.9194, 499.4997
143431.8392, 6394355.0032, 34.1425, 649.1091, 499.7620
143431.9406, 6394354.9901, 34.1350, 657.3753, 499.4622
143446.2815, 6394363.6354, 38.0340, 1205.6654, 246.5999
143433.0923, 6394367.4854, 33.0712, 516.1180, 505.4411
143433.0923, 6394367.4854, 33.0712, 516.1180, 505.4411
143431.3988, 6394354.0472, 34.1300, 638.3774, 508.4427
143432.0550, 6394353.9626, 34.1132, 696.8796, 508.5930
143433.7587, 6394365.5004, 37.4807, 563.9579, 272.1772
143428.0267, 6394362.0092, 37.3977, 249.2178, 253.3826
143431.3714, 6394354.0192, 34.0852, 636.0948, 512.9018
143433.9828, 6394365.5256, 37.4007, 575.2308, 276.6454
143433.0884, 6394367.4734, 32.9249, 516.3303, 512.6093
143445.9983, 6394362.5105, 37.7024, 1233.4930, 259.1964
143436.4321, 6394359.5930, 36.3307, 840.9029, 322.9195
143431.7761, 6394353.5525, 34.0952, 686.0650, 514.1404
143436.9833, 6394358.9759, 37.2272, 894.3923, 263.2394
143431.9074, 6394366.4840, 33.0225, 468.6265, 513.4814
143428.3725, 6394364.4894, 37.3839, 262.7113, 268.0960
143426.7452, 6394360.0002, 33.7035, 165.3273, 518.1122
143437.3855, 6394365.5785, 32.8509, 747.0140, 517.4924
143445.8449, 6394363.1167, 37.4880, 1205.3707, 272.1684
143428.1945, 6394364.4908, 37.0946, 248.9683, 284.7958
143428.3584, 6394364.9902, 37.0746, 257.6572, 288.2341
143429.3332, 6394367.4952, 37.3448, 305.8157, 284.1286
143446.0161, 6394366.0877, 37.2825, 1111.0441, 301.2861
143431.6165, 6394353.0920, 33.9983, 686.8364, 527.6757
143431.6833, 6394353.0691, 34.0017, 693.6830, 527.2757
143445.8071, 6394366.1344, 36.8721, 1104.7511, 314.3740
143445.8071, 6394366.1344, 36.8721, 1104.7511, 314.3740
143435.4158, 6394372.5442, 37.4824, 555.0170, 296.3039
143431.1882, 6394354.0086, 33.8093, 621.6217, 538.5910
143425.7047, 6394356.0248, 33.8064, 62.2970, 544.0884
143428.5366, 6394363.9788, 32.8751, 299.1328, 542.4996
143431.2567, 6394353.9828, 33.7695, 628.0386, 542.4276
143431.2567, 6394353.9828, 33.7695, 628.0386, 542.4276
143431.1778, 6394353.5713, 33.8138, 632.4423, 542.5128
143431.1778, 6394353.5713, 33.8138, 632.4423, 542.5128
143430.2797, 6394362.0450, 32.8941, 422.4218, 548.4357
143448.2943, 6394376.0745, 37.8054, 963.3312, 299.3531
143432.4613, 6394354.0025, 33.6260, 730.5710, 550.4336
143429.9952, 6394360.5421, 32.9908, 420.4793, 552.2120
143444.0783, 6394363.1691, 36.0998, 1123.4803, 345.5509
143429.9278, 6394360.5423, 32.9824, 412.8893, 554.6409
143426.9176, 6394359.0123, 33.2687, 177.0009, 558.9584
143429.9296, 6394362.5202, 32.6988, 393.7722, 559.0278
143438.1470, 6394364.5891, 35.9483, 804.6164, 356.5341
143432.5588, 6394353.9453, 33.4793, 740.8835, 563.8962
143436.5381, 6394359.0514, 35.8461, 865.0225, 354.5173
143436.5210, 6394359.5430, 35.5596, 849.3894, 374.0161
143426.3638, 6394357.5180, 33.3156, 130.4556, 571.2098
143426.3638, 6394357.5180, 33.3156, 130.4556, 571.2098
143427.9425, 6394360.5297, 32.7413, 259.6033, 580.9294
143427.2868, 6394354.5122, 33.4536, 223.3965, 588.9240
143437.3009, 6394362.1218, 35.5495, 821.3655, 376.3829
143425.4904, 6394355.0063, 33.0534, 67.4875, 624.5395
143428.7729, 6394365.9804, 36.2446, 281.9759, 340.4914
143428.1119, 6394363.4875, 35.5482, 253.0705, 380.0551
143448.1633, 6394375.5832, 37.6894, 965.8058, 304.0974
143428.3423, 6394364.9918, 36.1628, 260.4868, 345.7269
143432.7076, 6394377.4774, 35.5429, 406.5158, 382.7981
143445.9601, 6394366.1355, 37.1564, 1111.0441, 301.2861
143429.9518, 6394369.4809, 36.8007, 331.8257, 319.8853
143432.7076, 6394377.4774, 35.5429, 406.5158, 382.7981
143435.1480, 6394384.4848, 36.5705, 448.8879, 349.6123
143427.7810, 6394362.4950, 36.4531, 232.7350, 319.6186
143435.8285, 6394357.5951, 35.2447, 866.9000, 393.9234
143427.7810, 6394362.4950, 36.4531, 232.7350, 319.6186
143429.4725, 6394368.4825, 35.0850, 311.1889, 405.4096
143436.8643, 6394358.9407, 35.6665, 890.2495, 365.2319
143430.1541, 6394369.9776, 36.7583, 338.9543, 322.6735
143438.1861, 6394364.5720, 36.3163, 807.1465, 337.6190
143429.5573, 6394358.4922, 35.1516, 471.0463, 424.1595
143436.4188, 6394357.4488, 34.4063, 912.0266, 455.8218
143436.9724, 6394358.9493, 35.6007, 897.2722, 369.3094
143436.1740, 6394357.5059, 35.5535, 893.4465, 371.9423
143429.2515, 6394366.5036, 33.4003, 312.5729, 500.7962
143431.7557, 6394353.0489, 34.0655, 700.2996, 520.8083
143431.6116, 6394353.0843, 33.9052, 684.0010, 537.1241
143431.6116, 6394353.0843, 33.9052, 684.0010, 537.1241
143437.7400, 6394357.6268, 33.1285, 985.4028, 544.3697
143427.2025, 6394359.4925, 33.1217, 201.5674, 565.4890
143427.0000, 6394358.9985, 33.1130, 186.0324, 571.2565
143427.0101, 6394358.9980, 32.8712, 188.5624, 589.8483
143438.6136, 6394393.9444, 35.5386, 494.1713, 383.9685
143436.2153, 6394357.4856, 35.4242, 898.1365, 381.7941
143436.1990, 6394357.4942, 35.3797, 896.2621, 384.6658
143430.5606, 6394371.4710, 36.0499, 349.8836, 358.8114
143436.7416, 6394358.9481, 35.7239, 882.5774, 361.2078
143461.2606, 6394391.9582, 47.2339, 1037.8368, 98.6455
143435.4909, 6394376.9953, 35.3757, 516.0500, 388.6255
143434.3265, 6394382.4696, 36.1840, 434.6119, 360.9210
143437.9547, 6394364.0985, 35.7257, 806.8679, 367.8657
143434.3265, 6394382.4696, 36.1840, 434.6119, 360.9210
143435.9480, 6394357.6210, 35.4581, 875.0134, 378.8747
143436.0055, 6394357.5534, 35.4047, 881.2544, 383.6589
143442.7983, 6394360.6874, 35.3243, 1155.0785, 387.0747
143436.0433, 6394357.4862, 35.1324, 886.2439, 403.3216
143432.2315, 6394360.5054, 38.2035, 550.7319, 192.4140
143434.3491, 6394382.4712, 35.2922, 470.4343, 401.4992
143429.9149, 6394361.4911, 38.0810, 381.2999, 204.6467
143435.6126, 6394385.4618, 35.9608, 421.9206, 356.7867
143447.1454, 6394364.4882, 38.8645, 1212.1740, 211.5051
143427.4829, 6394361.9988, 37.7970, 210.7753, 225.3713
143427.6083, 6394361.9981, 35.2788, 223.3638, 396.8179
143438.1001, 6394392.4447, 35.6104, 489.5893, 382.1438
143436.3893, 6394357.4418, 35.0635, 910.7885, 408.5200
143428.3961, 6394362.0139, 37.3770, 276.7418, 255.8034
143434.3141, 6394365.4795, 37.6445, 592.5159, 264.3227
143433.9463, 6394371.9624, 35.0340, 501.1418, 404.3677
143436.3173, 6394357.4731, 35.1467, 905.3851, 402.1669
143434.5494, 6394365.0187, 37.6092, 615.2839, 263.7462
143436.4203, 6394357.4336, 35.1464, 912.8287, 402.3232
143436.4203, 6394357.4336, 35.1464, 912.8287, 402.3232
143432.1378, 6394365.9937, 37.4917, 471.3328, 271.9779
143438.8177, 6394394.4438, 35.6277, 496.4576, 381.3978
143445.6850, 6394366.5588, 37.0349, 1088.5851, 306.4294
143440.3999, 6394358.6144, 34.6686, 1104.9636, 430.5294
143428.6922, 6394365.4909, 36.4561, 280.5915, 326.5564
143435.9586, 6394357.5277, 35.0477, 878.7618, 409.9240
143436.0476, 6394357.4906, 34.6341, 886.4967, 440.4406
143435.9586, 6394357.5277, 35.0477, 878.7618, 409.9240
143428.4374, 6394364.9835, 36.2041, 266.1462, 341.8678
143440.1686, 6394358.5482, 34.4551, 1093.0131, 446.7519
143436.0096, 6394357.4948, 34.4391, 883.2073, 455.1658
143439.2593, 6394357.3734, 34.1948, 1088.4396, 467.6390
143436.0471, 6394357.4722, 34.2411, 886.8591, 468.6856
143436.3350, 6394357.4471, 34.2301, 906.4057, 469.6017
143438.8177, 6394394.4438, 35.6277, 496.4576, 381.3978
143435.9696, 6394357.5103, 34.2180, 879.8670, 470.3420
143436.1786, 6394357.5046, 35.4686, 895.1290, 378.6221
143430.7914, 6394371.9852, 35.8573, 357.8215, 368.0760
143436.0928, 6394357.4691, 34.0972, 892.2104, 480.6413
143436.4231, 6394357.4337, 33.9480, 912.1246, 490.1962
143436.0543, 6394357.4742, 34.4857, 887.1765, 451.6178
143436.2467, 6394357.4509, 33.8700, 901.1132, 496.4441
143439.5445, 6394354.6110, 33.9433, 1250.2635, 500.2539
143428.6112, 6394365.4936, 35.4050, 275.9532, 388.8287
143437.2483, 6394364.5919, 33.2867, 761.1834, 497.8600
143439.5055, 6394368.1018, 35.2533, 794.3943, 393.0228
143436.3447, 6394357.4404, 34.2093, 907.8857, 471.8267
143431.4997, 6394354.5284, 34.1389, 634.0204, 504.0066
143438.1513, 6394368.0802, 32.8902, 734.5555, 504.5030
143431.9120, 6394370.5023, 32.8060, 434.5706, 508.8523
143428.8618, 6394366.4846, 35.3117, 285.2154, 393.6805
143436.4801, 6394360.1120, 35.3145, 828.4139, 390.9674
143431.7667, 6394366.5019, 33.1083, 461.0295, 509.5444
143431.9862, 6394366.4684, 33.1062, 472.4162, 509.4083
143433.5359, 6394358.4958, 34.0689, 683.3564, 483.4716
143433.5359, 6394358.4958, 34.0689, 683.3564, 483.4716
143432.3191, 6394366.9784, 33.0494, 483.8162, 509.6220
143435.9984, 6394357.5090, 35.1185, 882.0148, 403.9725
143433.1943, 6394367.4535, 32.9801, 521.7478, 509.8640
143436.4505, 6394360.5008, 33.3617, 811.3036, 513.6766
143433.9228, 6394371.9654, 34.9090, 499.8315, 409.6242
143437.4728, 6394365.0903, 33.3481, 760.5532, 493.7455
143431.7084, 6394353.4871, 34.0499, 682.2160, 519.0970
143437.4728, 6394365.0903, 33.3481, 760.5532, 493.7455
143433.5495, 6394367.9543, 33.2585, 531.6094, 494.5075
143428.8565, 6394366.4848, 35.1841, 286.0905, 400.9012
143439.0775, 6394356.0270, 33.4298, 1143.5128, 531.3080
143440.5495, 6394356.5723, 34.2574, 1208.5134, 463.7168
143433.6432, 6394358.4381, 33.8338, 693.4903, 499.8098
143433.6432, 6394358.4381, 33.8338, 693.4903, 499.8098
143429.4538, 6394366.5207, 32.7974, 319.7330, 533.3802
143433.7155, 6394358.4107, 33.8327, 698.8627, 499.8670
143427.7912, 6394362.4961, 33.6328, 237.3141, 507.1562
143432.1189, 6394353.4767, 34.0597, 720.0153, 515.1688
143439.0142, 6394355.1344, 33.2560, 1186.3146, 553.0134
143439.0142, 6394355.1344, 33.2560, 1186.3146, 553.0134
143429.2135, 6394365.9679, 32.8357, 314.4337, 533.8539
143436.3182, 6394357.4482, 35.0012, 905.8485, 412.9710
143431.9662, 6394362.0326, 32.6446, 525.6109, 559.6414
143430.9817, 6394362.0166, 32.6518, 465.5750, 560.1162
143430.8946, 6394358.5275, 32.6018, 496.0621, 599.6823
143428.8721, 6394364.9796, 32.9086, 327.7101, 532.2540
143439.7520, 6394369.0475, 34.6002, 786.3765, 423.1875
143429.3134, 6394365.5239, 32.7905, 335.5996, 536.9826
143432.6927, 6394366.9591, 33.0565, 502.4210, 508.5536
143431.6066, 6394362.4784, 39.9251, 480.1812, 97.0464
143431.1596, 6394354.5209, 34.0407, 604.5306, 513.4160
143427.1311, 6394359.5082, 33.2431, 196.8443, 555.6976
143431.3571, 6394354.0018, 34.0467, 636.0328, 516.5167
143431.6066, 6394362.4784, 39.9251, 480.1812, 97.0464
143427.1311, 6394359.5082, 33.2431, 196.8443, 555.6976
143436.1662, 6394357.4615, 34.7525, 894.9650, 431.4373
143429.9299, 6394362.5195, 32.6926, 393.7722, 559.0278
143431.6931, 6394353.4879, 33.9979, 680.8395, 524.0790
143431.6931, 6394353.4879, 33.9979, 680.8395, 524.0790
143429.9299, 6394362.5195, 32.6926, 393.7722, 559.0278
143428.0422, 6394362.4958, 33.2334, 274.3507, 530.4355
143426.7991, 6394358.5075, 33.2063, 169.9286, 569.2175
143436.1662, 6394357.4615, 34.7525, 894.9650, 431.4373
143426.8724, 6394358.4998, 33.1499, 175.9704, 572.0153
143436.1190, 6394357.4854, 34.7338, 890.4427, 433.3385
143426.3201, 6394357.0196, 33.2928, 125.4706, 578.3748
143426.3201, 6394357.0196, 33.2928, 125.4706, 578.3748
143426.9700, 6394359.0034, 32.9501, 183.4707, 583.3193
143425.8021, 6394355.5010, 33.4247, 64.3912, 587.5930
143430.2113, 6394363.0227, 32.6980, 406.6777, 554.6734
143430.5922, 6394358.0168, 32.5864, 481.3609, 608.0508
143430.0967, 6394357.5440, 32.6204, 446.7863, 615.1154
143426.1273, 6394355.9964, 33.0404, 112.5391, 614.3040
143429.6415, 6394362.0353, 32.7334, 380.4395, 560.5569
143424.9458, 6394355.4882, 32.8872, 15.3149, 636.0923
143436.2014, 6394357.4600, 34.5901, 897.3832, 443.6582
143436.1684, 6394357.4784, 34.5407, 894.5611, 447.0526
143436.1247, 6394357.4426, 34.3582, 892.3594, 461.0633
143434.9396, 6394361.5006, 39.7140, 701.5113, 110.2660
143432.0593, 6394367.0160, 33.2522, 469.9944, 499.9958
143432.0052, 6394354.4881, 34.1276, 676.4450, 503.8021
143436.6937, 6394360.9253, 39.1789, 820.8541, 141.5197
143432.6332, 6394366.9770, 33.1113, 500.8759, 505.9399
143431.4487, 6394354.0311, 34.1273, 643.0147, 508.5110
143434.3902, 6394359.5580, 38.5140, 713.9622, 167.2669
143431.6686, 6394370.0245, 32.8279, 426.5698, 509.7511
143447.7788, 6394367.1039, 39.3615, 1154.5636, 204.3956
143431.3051, 6394354.0220, 34.0925, 630.5662, 512.4387
143431.3051, 6394354.0220, 34.0925, 630.5662, 512.4387
143431.6383, 6394369.5139, 32.8009, 428.9294, 513.1848
143446.2981, 6394364.6312, 37.9400, 1172.4692, 256.7714
143437.3461, 6394365.5999, 32.9086, 745.3626, 513.8267
143431.0576, 6394354.0712, 34.0578, 607.3235, 515.8361
143445.2433, 6394362.1334, 37.0659, 1212.3413, 291.4503
143425.3679, 6394361.5058, 33.5797, 38.1229, 522.7297
143428.5467, 6394365.4914, 37.0387, 269.8370, 293.6869
143425.2326, 6394361.0137, 33.6170, 10.8696, 524.0000
143425.2919, 6394361.0178, 33.6187, 38.1229, 522.7297
143445.7254, 6394365.1532, 36.9458, 1132.5146, 306.7253
143427.8354, 6394362.4929, 36.2534, 235.9273, 332.4904
143430.3073, 6394360.4733, 35.1005, 426.7603, 410.2597
143431.8191, 6394365.4610, 34.8670, 464.1357, 418.7065
143435.8537, 6394358.1004, 33.6269, 850.4893, 511.2604
143431.0691, 6394353.9948, 33.7707, 610.3253, 543.1896
143432.2163, 6394353.4057, 33.7616, 729.6367, 544.8929
143431.0022, 6394362.0331, 32.6694, 465.5750, 560.1162
143430.0156, 6394361.0446, 32.9854, 413.4772, 550.4037
143430.0156, 6394361.0446, 32.9854, 413.4772, 550.4037
143429.8644, 6394363.0139, 32.6862, 386.1382, 556.2056
143435.8631, 6394359.4571, 38.1423, 809.8701, 197.8237
143429.8263, 6394367.0076, 37.4519, 333.1960, 276.3270
143429.6016, 6394368.4748, 37.0153, 315.9440, 304.3818
143430.0637, 6394369.9927, 35.4286, 335.7616, 387.8326
143427.7789, 6394361.9889, 35.3137, 235.1600, 396.0142
143431.8415, 6394375.4755, 35.1082, 382.4742, 400.0400
143440.8251, 6394357.3561, 34.3772, 1186.0607, 452.9349
143436.6710, 6394357.4117, 33.4815, 927.8806, 524.4122
143436.2212, 6394362.0954, 32.6913, 761.6920, 546.9055
143451.6258, 6394370.0685, 44.7505, 1203.2069, 9.7505
143460.2416, 6394391.6259, 46.0505, 1020.8611, 124.0732
143427.8745, 6394362.4874, 37.1228, 237.1686, 274.8161
143427.8745, 6394362.4874, 37.1228, 237.1686, 274.8161
143433.7742, 6394370.5216, 37.5533, 502.9038, 283.3832
143429.3769, 6394354.5336, 32.8135, 434.9440, 641.8322
143451.7468, 6394369.9874, 44.5171, 1209.6434, 17.9693
143427.9490, 6394361.9988, 37.8081, 242.7098, 224.4878
143448.7032, 6394380.0940, 37.1290, 912.4670, 328.4430
143436.6202, 6394359.0256, 36.1142, 872.8218, 333.2766
143436.3476, 6394359.6039, 33.7162, 837.3280, 497.4857
143436.0867, 6394357.4777, 33.7549, 888.2386, 505.1429
143427.0518, 6394360.4958, 33.7481, 187.2055, 509.2391
143431.3888, 6394353.5033, 33.7986, 654.5723, 542.9443
143452.4700, 6394369.3084, 44.1311, 1251.9688, 29.2562
143435.2241, 6394361.4628, 39.4536, 718.6447, 126.2653
143435.9505, 6394357.5238, 34.8626, 877.3322, 424.3209
143435.9505, 6394357.5238, 34.8626, 877.3322, 424.3209
143432.1816, 6394364.0142, 32.6708, 511.2513, 544.3816
143427.5653, 6394360.4995, 33.0011, 228.5993, 564.2856
143460.0813, 6394387.1121, 46.2033, 1082.2676, 97.3972
143431.9945, 6394361.9785, 39.5656, 511.4387, 115.9378
143434.0531, 6394361.4971, 39.6216, 647.7469, 112.9133
143430.1776, 6394362.9797, 39.4386, 384.0256, 129.9901
143430.1776, 6394362.9797, 39.4386, 384.0256, 129.9901
143427.8351, 6394362.9767, 38.9403, 239.0866, 160.4182
143426.3158, 6394359.9995, 34.3046, 141.2126, 477.8274
143439.0414, 6394355.9113, 33.2169, 1150.3750, 549.9221
143430.5388, 6394353.5479, 33.3404, 573.7120, 590.3159
143431.7838, 6394353.5215, 33.2245, 688.1368, 598.6790
143424.9722, 6394360.4894, 39.6610, 27.2594, 75.8112
143428.9197, 6394366.9881, 41.0748, 292.9216, 82.5552
143421.1113, 6394399.4885, 49.9564, 5.0757, 5.8861
143437.5061, 6394390.4943, 37.7848, 477.8170, 319.8210
143452.0422, 6394369.5780, 44.3035, 1231.2455, 23.8850
143451.8254, 6394369.9040, 44.7560, 1215.1340, 7.5319
143430.7839, 6394361.0039, 37.7690, 452.7508, 226.9864
143430.4063, 6394356.0171, 32.5144, 505.8935, 635.8871
143432.3983, 6394354.5670, 32.5000, 708.1802, 644.7494
143452.0328, 6394369.8433, 44.5454, 1224.3374, 16.6354
143452.1182, 6394369.8009, 44.4485, 1227.8252, 20.5971
143451.3460, 6394370.5617, 44.4520, 1179.9150, 25.3520
143428.9522, 6394366.9870, 40.9425, 288.3222, 87.5784
143427.2571, 6394359.4601, 39.3877, 209.8549, 88.4229
143421.6787, 6394395.4916, 47.9826, 9.8987, 34.9491
143450.5055, 6394369.5595, 43.7205, 1177.3724, 45.4978
143452.1514, 6394369.4128, 43.5921, 1238.0808, 51.3782
143461.1449, 6394391.6580, 47.2930, 1039.6732, 95.8659
143436.9431, 6394360.9863, 39.4889, 831.8367, 124.9508
143435.0859, 6394361.5194, 39.4331, 707.1979, 128.4294
143433.4964, 6394361.5654, 39.9520, 612.6005, 91.0566
143437.2839, 6394360.9758, 39.3291, 851.7174, 135.8636
143460.3510, 6394389.1611, 46.0495, 1058.4342, 112.9261
143433.7136, 6394361.9676, 39.0448, 617.8025, 153.5748
143437.2444, 6394360.9755, 39.0083, 850.7656, 157.0019
143432.8898, 6394360.4365, 38.7046, 596.0404, 159.4125
143431.1275, 6394360.9484, 38.6646, 470.8299, 161.6302
143435.1946, 6394359.4752, 38.4220, 768.4156, 175.8206
143433.8499, 6394359.9735, 38.3895, 668.7610, 178.6109
143433.2580, 6394359.9939, 38.3415, 629.1543, 180.3174
143430.5671, 6394360.9887, 38.3750, 431.4492, 181.7986
143425.0526, 6394360.4862, 39.6901, 34.7199, 73.8820
143432.4324, 6394360.4818, 38.3388, 565.0446, 183.6050
143432.4324, 6394360.4818, 38.3388, 565.0446, 183.6050
143434.5682, 6394359.9717, 38.1652, 715.3585, 195.7897
143434.5682, 6394359.9717, 38.1652, 715.3585, 195.7897
143455.0991, 6394383.6307, 41.5578, 1020.9432, 207.9810
143427.1564, 6394358.9960, 38.7508, 203.7189, 135.5619
143427.4539, 6394359.4923, 38.8325, 227.0619, 135.5560
143435.5121, 6394359.4521, 38.1025, 789.1437, 198.2798
143434.9433, 6394359.9575, 38.0992, 739.6847, 200.9502
143427.5744, 6394362.0034, 38.1176, 214.0774, 203.1413
143431.7471, 6394360.9864, 38.1136, 511.0175, 201.7352
143428.3044, 6394361.9935, 38.0900, 265.0770, 206.6839
143428.3044, 6394361.9935, 38.0900, 265.0770, 206.6839
143428.8648, 6394361.4914, 38.0679, 308.9403, 204.0661
143429.0254, 6394361.4936, 38.0707, 320.5302, 205.4166
143446.9483, 6394363.6448, 38.8178, 1232.8386, 209.1524
143436.3728, 6394359.4470, 37.9938, 841.8526, 205.9023
143429.1752, 6394366.9712, 40.7373, 296.1098, 92.8772
143430.5734, 6394360.9934, 37.9713, 432.3622, 210.1037
143430.3697, 6394361.0308, 37.9520, 417.9917, 210.7007
143460.9442, 6394391.4584, 46.6597, 1037.8135, 110.0283
143428.2539, 6394363.5346, 39.2702, 267.3901, 152.4579
143431.3355, 6394362.5243, 39.2374, 462.5409, 141.9297
143431.1607, 6394361.0035, 37.9190, 472.0981, 214.8218
143431.1607, 6394361.0035, 37.9190, 472.0981, 214.8218
143436.9080, 6394360.9425, 39.2092, 831.8166, 142.0743
143436.4093, 6394359.4550, 37.8716, 843.7396, 216.4451
143460.5316, 6394389.1489, 46.3516, 1062.8086, 105.5987
143429.6824, 6394361.4953, 37.8832, 365.8730, 218.3104
143428.6126, 6394361.5165, 37.8463, 291.5426, 219.9963
143446.9092, 6394365.1842, 38.6496, 1180.2321, 224.6924
143460.5316, 6394389.1489, 46.3516, 1062.8086, 105.5987
143429.1106, 6394361.4948, 37.7603, 326.6579, 226.3849
143427.2258, 6394358.9896, 38.6897, 210.3337, 139.9838
143427.2824, 6394358.9837, 38.6755, 214.1941, 142.2916
143455.6013, 6394387.4708, 40.7697, 975.6953, 240.4224
143459.9661, 6394391.4764, 45.3034, 1016.7294, 141.5032
143455.5505, 6394388.0415, 40.7836, 966.6352, 241.7130
143459.5824, 6394387.9913, 45.4117, 1058.2458, 123.9126
143428.0828, 6394363.9573, 39.6848, 254.4686, 130.9336
143427.2839, 6394358.9888, 38.7685, 215.0170, 134.1063
143446.7887, 6394365.4789, 38.2879, 1166.7477, 242.8947
143427.2236, 6394361.9985, 37.4240, 192.2291, 250.7969
143428.2173, 6394363.9873, 39.5223, 262.7812, 141.5707
143427.2236, 6394361.9985, 37.4240, 192.2291, 250.7969
143433.1552, 6394361.9563, 39.3464, 583.9963, 133.7992
143428.1032, 6394363.9892, 39.4939, 255.5822, 143.0454
143431.9365, 6394361.0306, 37.3241, 524.1361, 257.7226
143433.1552, 6394361.9563, 39.3464, 583.9963, 133.7992
143432.5730, 6394361.0209, 37.3287, 566.2654, 258.9547
143427.9297, 6394363.9954, 39.3687, 245.0746, 150.1168
143428.3672, 6394363.4877, 39.1860, 275.3042, 157.6765
143427.0202, 6394359.5149, 38.5068, 192.3483, 158.1674
143427.8241, 6394362.0206, 37.3022, 234.9151, 259.7388
143431.8422, 6394362.5190, 37.3882, 497.0071, 262.4234
143432.6616, 6394363.5284, 37.4054, 531.3350, 266.4161
143432.6616, 6394363.5284, 37.4054, 531.3350, 266.4161
143436.3266, 6394359.3997, 38.6807, 841.5184, 159.4289
143432.4497, 6394366.0008, 37.5751, 488.2318, 267.6418
143429.3320, 6394361.4690, 38.5864, 343.8256, 171.9378
143436.4890, 6394360.1243, 36.6617, 828.4633, 300.4138
143458.5352, 6394392.1351, 43.6349, 978.5969, 183.4072
143438.8859, 6394383.5337, 37.5698, 573.0115, 316.0670
143434.3018, 6394359.6074, 38.3983, 707.1414, 176.1338
143434.1758, 6394359.9712, 38.4272, 690.1085, 177.1750
143432.1684, 6394360.4861, 38.3928, 547.7455, 179.4746
143433.5739, 6394359.9881, 38.3704, 650.4513, 179.1346
143431.1334, 6394372.9886, 36.4688, 366.4890, 341.2003
143438.1933, 6394364.0623, 36.1844, 820.6844, 341.9815
143438.1933, 6394364.0623, 36.1844, 820.6844, 341.9815
143432.7942, 6394360.4725, 38.3745, 589.2330, 181.6349
143432.7942, 6394360.4725, 38.3745, 589.2330, 181.6349
143430.9393, 6394360.9872, 38.6614, 457.4625, 164.0297
143432.9997, 6394360.0594, 38.3415, 610.8839, 180.7638
143432.9997, 6394360.0594, 38.3415, 610.8839, 180.7638
143435.4961, 6394359.4628, 38.5689, 788.0619, 165.7215
143429.4957, 6394361.4923, 38.3333, 354.0064, 186.6864
143432.3349, 6394360.4690, 38.2702, 559.1671, 188.3263
143432.3349, 6394360.4690, 38.2702, 559.1671, 188.3263
143429.8146, 6394361.0492, 38.2160, 378.9859, 192.1187
143436.8853, 6394358.9374, 35.9292, 889.9454, 346.1706
143431.8827, 6394360.5253, 38.1962, 527.4078, 192.3325
143427.6243, 6394361.9974, 38.2399, 217.8628, 194.4446
143435.0406, 6394359.9678, 38.1697, 745.3199, 196.5301
143429.1399, 6394361.4862, 38.1071, 328.2466, 201.5302
143429.1399, 6394361.4862, 38.1071, 328.2466, 201.5302
143429.6929, 6394361.4928, 38.1120, 366.2985, 202.6835
143432.5952, 6394360.4779, 38.3844, 575.3401, 181.0384
143435.0000, 6394359.5805, 38.0401, 752.8737, 202.3492
143433.8436, 6394359.9777, 38.0262, 668.4929, 204.4189
143430.4685, 6394361.0040, 38.0383, 424.8431, 204.9425
143431.9930, 6394360.4972, 38.0055, 535.2252, 205.9068
143433.2663, 6394360.0672, 37.9953, 628.6740, 205.7083
143432.5005, 6394367.4616, 35.1234, 479.6184, 403.8477
143436.4317, 6394358.9792, 38.2858, 859.9216, 184.4720
143456.6520, 6394388.5786, 41.8735, 984.3414, 215.7095
143436.4317, 6394358.9792, 38.2858, 859.9216, 184.4720
143432.4442, 6394360.4852, 37.9741, 566.0639, 209.5426
143436.3341, 6394359.6164, 34.9910, 833.5253, 411.1450
143431.7557, 6394360.9838, 37.9613, 512.1547, 212.5006
143436.4311, 6394357.4527, 34.9646, 913.0273, 415.4608
143436.4358, 6394357.4414, 34.8758, 913.6790, 422.6631
143436.5412, 6394359.0183, 38.2162, 865.9605, 187.7673
143430.8548, 6394360.9961, 37.8773, 451.2306, 216.9526
143436.2127, 6394357.4616, 34.1900, 898.1746, 472.8622
143430.6282, 6394360.9919, 37.8443, 436.0468, 218.8747
143430.6282, 6394360.9919, 37.8443, 436.0468, 218.8747
143430.3922, 6394361.4990, 37.8695, 414.2503, 220.3825
143431.5612, 6394355.5122, 34.1269, 614.2960, 502.3123
143439.1386, 6394372.5136, 32.6649, 708.8408, 497.3036
143431.1108, 6394354.5373, 34.0688, 599.6489, 510.8840
143430.1259, 6394361.4963, 37.8467, 395.9773, 221.8693
143431.7953, 6394353.0313, 34.0299, 705.0139, 524.5668
143426.7031, 6394359.9987, 33.4554, 160.1908, 535.1752
143430.1259, 6394361.4963, 37.8467, 395.9773, 221.8693
143426.7936, 6394358.5029, 33.1654, 169.5791, 572.3794
143426.5535, 6394357.5215, 33.2733, 151.1385, 573.8927
143428.5677, 6394361.9956, 37.7961, 285.5080, 226.2443
143426.7784, 6394357.9971, 33.0907, 167.7097, 583.5183
143429.3603, 6394361.4926, 37.7660, 343.8924, 225.9331
143430.3773, 6394357.5251, 32.5723, 467.7979, 618.6576
143456.4641, 6394387.1138, 41.8567, 1001.3152, 210.7482
143429.3603, 6394361.4926, 37.7660, 343.8924, 225.9331
143429.5941, 6394361.4937, 37.7725, 359.8123, 225.9677
143428.8273, 6394361.4933, 37.7096, 307.0298, 228.7007
143428.8273, 6394361.4933, 37.7096, 307.0298, 228.7007
143430.3808, 6394361.4952, 37.7410, 414.1772, 228.6426
143455.6213, 6394385.5799, 41.5001, 1003.1391, 216.4350
143428.6175, 6394361.5140, 37.6919, 291.9313, 229.9134
143432.3611, 6394360.4748, 37.9840, 561.5084, 209.0092
143437.0963, 6394358.9166, 37.9157, 894.2926, 220.7850
143435.8569, 6394359.4907, 37.3962, 808.1787, 249.8447
143447.1513, 6394365.6123, 38.9253, 1175.9604, 214.6392
143430.4715, 6394361.0137, 37.9521, 424.4030, 211.2452
143433.9924, 6394360.5612, 37.3774, 665.5461, 254.9600
143433.4144, 6394360.5427, 37.3388, 629.6463, 256.6251
143428.5848, 6394361.9952, 37.9112, 286.7583, 218.7047
143430.3254, 6394361.4877, 37.9045, 409.1449, 218.8817
143431.8039, 6394366.0016, 37.5777, 452.4801, 267.0020
143455.9404, 6394387.5965, 41.0031, 982.0412, 234.1971
143430.9499, 6394366.4966, 37.5364, 400.7993, 271.0464
143430.9499, 6394366.4966, 37.5364, 400.7993, 271.0464
143428.0825, 6394363.4991, 37.2381, 248.1895, 272.3223
143455.9404, 6394387.5965, 41.0031, 982.0412, 234.1971
143429.2050, 6394367.0032, 37.5104, 301.2020, 272.8486
143430.3264, 6394366.5122, 37.4788, 367.0232, 273.6781
143448.1100, 6394375.0510, 37.5343, 973.5573, 308.9487
143446.5123, 6394363.7018, 38.2127, 1212.8341, 238.5505
143447.9115, 6394375.0731, 37.3519, 967.4321, 315.2878
143436.5311, 6394359.5457, 36.4784, 848.9435, 308.1327
143429.0790, 6394366.9945, 36.3122, 294.8274, 338.6488
143428.5686, 6394365.4860, 36.0591, 272.2692, 350.6230
143427.7718, 6394362.4970, 35.9349, 232.8004, 350.2490
143432.0507, 6394360.5470, 37.3724, 537.1654, 248.9288
143436.6324, 6394359.0039, 35.7278, 874.0388, 360.2362
143436.6489, 6394358.9799, 35.5959, 875.7625, 370.0739
143427.7379, 6394361.9912, 35.5498, 232.9275, 379.5055
143432.4836, 6394361.0466, 37.3047, 558.9309, 261.4240
143436.3154, 6394357.4486, 35.2295, 904.9949, 396.0536
143436.1466, 6394357.4642, 35.1182, 893.2037, 404.3084
143430.9589, 6394362.4598, 35.0911, 446.9370, 408.3669
143439.6627, 6394368.6001, 34.7013, 790.7634, 419.7005
143436.3069, 6394357.4457, 34.9146, 904.8920, 419.1309
143436.3069, 6394357.4457, 34.9146, 904.8920, 419.1309
143436.3069, 6394357.4457, 34.9146, 904.8920, 419.1309
143436.0542, 6394357.4720, 34.9022, 886.1879, 420.5499
143440.4649, 6394358.5716, 34.7869, 1110.7650, 421.7968
143440.4459, 6394358.0381, 34.7905, 1132.2739, 422.1737
143436.2199, 6394357.4485, 34.4885, 899.2248, 451.2919
143436.2199, 6394357.4485, 34.4885, 899.2248, 451.2919
143436.3373, 6394357.4540, 33.9995, 906.3403, 486.9255
143432.3629, 6394373.0180, 32.8439, 435.3521, 497.7739
143451.7277, 6394370.0119, 44.3656, 1208.2430, 25.5298
143433.0474, 6394367.5053, 33.1930, 513.6213, 499.2275
143437.7202, 6394366.6015, 33.0863, 743.9928, 500.6323
143425.0265, 6394360.4815, 39.7206, 31.6573, 70.6134
143432.4845, 6394366.9914, 33.0904, 492.9316, 507.3143
143432.9547, 6394367.5116, 33.0131, 509.1530, 508.2791
143439.6122, 6394356.1596, 33.6420, 1170.6771, 512.9029
143438.6402, 6394357.4364, 33.5293, 1046.4553, 517.0781
143431.3139, 6394367.5242, 32.7851, 429.8513, 523.5701
143427.6574, 6394361.5100, 33.3703, 231.3941, 530.7007
143433.5177, 6394361.9819, 39.0502, 606.4186, 152.5868
143427.6550, 6394360.9985, 33.2310, 232.7054, 543.7345
143426.2562, 6394359.9968, 33.3787, 122.8746, 545.0357
143432.6510, 6394361.9685, 38.9727, 553.7421, 155.4399
143427.7835, 6394361.4858, 33.1037, 239.5673, 548.8162
143431.1981, 6394353.5575, 33.7502, 634.3226, 548.5085
143431.2156, 6394353.9994, 33.7005, 624.7363, 548.6730
143429.4978, 6394363.0154, 38.8963, 343.8256, 171.9378
143428.3954, 6394354.4842, 33.5580, 357.1245, 568.5722
143428.2554, 6394354.4969, 33.5276, 357.1245, 568.5722
143433.4329, 6394359.9755, 38.3618, 641.7276, 180.0909
143427.9981, 6394354.5140, 33.4768, 357.1245, 568.5722
143424.9442, 6394355.4930, 33.3229, 47.2261, 589.8851
143434.5796, 6394359.5120, 38.3346, 727.3729, 180.0794
143436.3288, 6394359.0358, 38.2420, 852.5109, 187.7319
143431.7200, 6394360.5292, 38.2106, 516.5647, 191.5318
143431.7200, 6394360.5292, 38.2106, 516.5647, 191.5318
143434.6201, 6394359.5630, 38.1464, 728.7526, 194.3002
143431.5435, 6394360.9935, 38.0927, 500.0936, 206.2701
143432.9714, 6394360.4864, 38.1506, 600.6963, 199.2126
143435.0986, 6394359.5324, 37.9473, 759.7334, 208.7169
143430.4738, 6394361.0113, 37.8184, 425.6606, 222.8531
143430.4738, 6394361.0113, 37.8184, 425.6606, 222.8531
143430.7398, 6394360.9678, 37.7692, 443.8320, 224.8409
143431.7140, 6394360.5628, 37.6537, 516.6566, 230.8124
143431.7140, 6394360.5628, 37.6537, 516.6566, 230.8124
143432.2734, 6394360.4850, 37.6823, 554.4660, 229.4866
143429.4786, 6394361.4921, 37.6759, 351.9359, 232.3089
143428.7135, 6394361.5075, 37.5983, 299.4755, 236.6111
143427.3686, 6394361.9889, 37.5743, 201.9448, 240.7622
143446.0902, 6394362.4137, 37.8899, 1241.3135, 247.9012
143447.9256, 6394374.1351, 37.5381, 986.7316, 305.4101
143436.4136, 6394359.6029, 36.4465, 839.4150, 314.0474
143436.4256, 6394359.5871, 36.1420, 840.8679, 334.8898
143428.9183, 6394366.4809, 36.1615, 287.9383, 346.3668
143445.5429, 6394366.0174, 35.9517, 1098.1312, 357.1324
143436.4430, 6394359.5805, 35.7645, 842.1199, 359.7686
143443.0672, 6394360.5800, 35.5055, 1170.1409, 374.9599
143436.0404, 6394357.5749, 35.4996, 882.6279, 375.8066
143438.2416, 6394364.5539, 35.0580, 810.4196, 404.4995
143436.4108, 6394357.4473, 34.7053, 910.2989, 434.1695
143436.4108, 6394357.4473, 34.7053, 910.2989, 434.1695
143431.8210, 6394368.5413, 33.4702, 444.7095, 484.4083
143451.9012, 6394369.8208, 44.8219, 1220.7404, 4.6318
143451.9012, 6394369.8208, 44.8219, 1220.7404, 4.6318
143451.5293, 6394368.1609, 44.1314, 1254.7424, 15.1356
143452.0487, 6394369.8899, 44.3446, 1224.3644, 25.0151
143421.5693, 6394395.9937, 48.3055, 8.1316, 28.9560
143461.5887, 6394390.9309, 47.3622, 1059.9666, 90.4768
143461.4110, 6394391.0105, 47.2300, 1054.1395, 93.3478
143460.9832, 6394391.5595, 47.0571, 1037.2042, 100.3083
