143425.7759, 6394363.0180, 33.4689, 62.0216, 519.0721
143436.2019, 6394357.4489, 35.2974, 929.1235, 367.6867
143432.8402, 6394361.9724, 39.4306, 799.4513, 71.5214
143436.2019, 6394357.4489, 35.2974, 929.1235, 367.6867
143437.9344, 6394363.5804, 37.4422, 832.6573, 242.6751
143431.4674, 6394365.5398, 33.0342, 434.4140, 519.0851
143437.9344, 6394363.5804, 37.4422, 832.6573, 242.6751
143439.3452, 6394367.6059, 34.7154, 799.8853, 416.6565
143436.6054, 6394357.4483, 34.7983, 959.8561, 409.4198
143436.3903, 6394359.6133, 37.0092, 855.8911, 244.1467
143440.4234, 6394357.9657, 34.6575, 1188.1450, 415.9397
143460.9856, 6394386.1688, 47.2380, 1135.8357, 48.8083
143435.9650, 6394357.5180, 34.4290, 909.1387, 441.7361
143425.2329, 6394361.0139, 33.5842, 3.1437, 524.6308
143430.7169, 6394361.9927, 32.9208, 425.7751, 547.7368
143432.4392, 6394367.0177, 33.3264, 473.1981, 494.2629
143461.0975, 6394386.6001, 47.2548, 698.0069, 502.9971
143429.9889, 6394361.0395, 32.9341, 382.3784, 556.5681
143429.9889, 6394361.0395, 32.9341, 382.3784, 556.5681
143429.8218, 6394362.5248, 32.7066, 357.1155, 562.0191
143438.9562, 6394355.9536, 33.0824, 1201.8550, 556.7319
143429.6249, 6394356.0465, 32.5869, 391.5674, 655.7356
143431.1966, 6394362.4611, 39.2519, 428.2301, 95.6881
143429.8218, 6394362.5248, 32.7066, 357.1155, 562.0191
143435.5422, 6394374.0323, 37.6011, 546.4684, 296.5521
143438.6360, 6394356.9590, 32.7292, 1126.4775, 577.0994
143435.1320, 6394361.4433, 39.2285, 838.6291, 91.9579
143426.5075, 6394357.5183, 33.2443, 63.5140, 584.1983
143426.4414, 6394357.5136, 33.2308, 55.8508, 585.3820
143428.3552, 6394361.0219, 32.6956, 249.9713, 582.4922
143426.2849, 6394357.5059, 33.2130, 37.9053, 588.5925
143451.0484, 6394369.4113, 43.4295, 1234.8311, 20.6078
143459.2028, 6394388.6017, 45.3386, 1053.6296, 113.9565
143426.8203, 6394360.0061, 38.5650, 110.1637, 110.5433
143435.6149, 6394374.0208, 37.5055, 537.0373, 284.8462
143433.3086, 6394361.9717, 39.2063, 583.0740, 98.4150
143432.3242, 6394376.4760, 37.0309, 377.8059, 313.6749
143434.5949, 6394359.4947, 38.4161, 734.8755, 127.4728
143426.6502, 6394359.4900, 39.2969, 68.5533, 20.4650
143434.6276, 6394359.5329, 38.2173, 736.0621, 143.5927
143432.3552, 6394376.4733, 36.9190, 379.5825, 317.8145
143431.4309, 6394360.9843, 38.1722, 466.5067, 156.0646
143431.7218, 6394360.5689, 38.1386, 495.0907, 154.2114
143461.2700, 6394390.9599, 47.1445, 1065.0040, 78.1829
143442.0746, 6394393.9997, 37.7196, 575.4604, 321.0843
143426.5167, 6394359.9928, 38.8994, 59.6828, 65.7349
143429.3650, 6394363.4995, 39.2392, 582.4634, 79.1273
143436.5068, 6394359.0664, 37.7479, 885.8640, 180.9258
143432.3914, 6394360.4840, 37.7683, 548.4158, 183.9117
143435.2242, 6394361.4322, 39.5845, 726.5775, 70.0765
143432.3914, 6394360.4840, 37.7683, 548.4158, 183.9117
143427.2893, 6394362.4900, 37.9018, 136.2829, 185.4343
143436.3692, 6394361.4167, 39.5799, 834.0380, 74.6082
143434.9733, 6394361.4315, 39.4805, 814.4730, 74.0703
143429.0398, 6394361.4904, 37.7281, 277.6184, 191.1896
143433.0940, 6394361.9523, 39.4591, 569.0295, 79.4247
143429.2864, 6394361.4848, 37.7483, 295.9921, 189.6442
143434.5705, 6394359.4868, 38.5110, 485.5901, 135.4077
143428.5365, 6394361.9957, 37.7236, 235.3296, 195.5327
143437.2499, 6394360.9642, 39.3731, 868.3372, 85.5343
143432.2846, 6394360.4811, 37.5923, 539.7916, 200.5135
143427.1467, 6394362.4980, 37.6806, 125.1529, 201.5490
143437.3948, 6394360.9570, 39.1325, 878.1213, 103.4881
143433.0165, 6394361.9844, 39.1031, 322.5189, 569.7698
143461.1369, 6394392.1045, 47.4060, 1044.2222, 78.9258
143456.2321, 6394388.0502, 41.3709, 993.1712, 214.3884
143431.5626, 6394360.5503, 38.3338, 777.9716, 155.3833
143436.5738, 6394359.0068, 38.2675, 891.0750, 138.4984
143427.4375, 6394362.0016, 37.4114, 148.7518, 218.2593
143461.0330, 6394391.1402, 47.0621, 1054.9615, 81.3310
143434.1282, 6394359.9914, 38.2694, 416.1317, 151.1033
143437.2273, 6394358.9031, 35.6839, 944.1556, 337.2090
143437.0408, 6394358.9080, 35.6612, 931.9479, 341.1005
143432.4172, 6394363.0135, 37.4040, 507.7775, 234.7413
143437.0408, 6394358.9080, 35.6612, 931.9479, 341.1005
143429.2099, 6394366.9947, 37.7187, 264.5930, 237.8264
143436.3896, 6394359.6197, 36.8122, 856.4956, 260.4627
143436.5656, 6394359.5390, 36.7618, 872.8674, 262.9078
143445.4490, 6394365.1248, 36.5977, 1155.9928, 304.2559
143437.2571, 6394360.9602, 39.2029, 871.6353, 96.1779
143436.4267, 6394359.5908, 36.0380, 860.5815, 316.4676
143428.6088, 6394365.4899, 36.1620, 234.9009, 328.0585
143436.5004, 6394360.1140, 35.9421, 846.7720, 332.5707
143436.4445, 6394359.5822, 35.7034, 861.9941, 342.3217
143426.8963, 6394360.0030, 37.9004, 118.6426, 166.3731
143435.2054, 6394359.4448, 38.6252, 618.7454, 118.3144
143429.3774, 6394361.4968, 38.0753, 572.1851, 160.9285
143434.1747, 6394359.9454, 38.6299, 269.4438, 146.1090
143434.5007, 6394359.5140, 38.5119, 726.8615, 119.5584
143432.1887, 6394360.4802, 38.4521, 532.6868, 129.8345
143430.7372, 6394360.9903, 38.4541, 618.7454, 118.3144
143429.9629, 6394369.5036, 37.2719, 298.2807, 277.3166
143430.3197, 6394360.9839, 38.4026, 381.0443, 135.3398
143436.5291, 6394360.0965, 36.5298, 845.2007, 522.1987
143432.1991, 6394375.9732, 35.6045, 376.8443, 373.3314
143437.3806, 6394378.5153, 37.5616, 561.5018, 295.6605
143432.1991, 6394375.9732, 35.6045, 376.8443, 373.3314
143437.6924, 6394379.5158, 37.5538, 562.9679, 298.6797
143431.2173, 6394363.9994, 35.2261, 422.2674, 388.0642
143438.2080, 6394364.5707, 34.9812, 821.7785, 394.5100
143438.7915, 6394383.5456, 37.6359, 554.2816, 280.0862
143435.0043, 6394359.9679, 37.9230, 661.5358, 175.4805
143440.9982, 6394372.6096, 34.7189, 780.7192, 408.1498
143436.5570, 6394357.4509, 34.6315, 954.9772, 423.1511
143436.3646, 6394359.9619, 33.3250, 844.3393, 516.1215
143429.1838, 6394361.4868, 38.3306, 269.4438, 146.1090
143426.4533, 6394359.9976, 33.5360, 71.3438, 531.9387
143435.5002, 6394357.5321, 33.3331, 871.4628, 534.6844
143432.4096, 6394355.4603, 33.5993, 683.1674, 537.7839
143430.0345, 6394361.0120, 38.2926, 557.1149, 128.1579
143433.8737, 6394359.9510, 37.8488, 669.1390, 174.8365
143436.4211, 6394359.0852, 38.1760, 878.4053, 145.6771
143433.8737, 6394359.9510, 37.8488, 578.7434, 179.2253
143436.6121, 6394364.5084, 32.5511, 739.0759, 527.3819
143429.5967, 6394361.4872, 38.3067, 516.1179, 130.6596
143437.6157, 6394357.5821, 33.0255, 1017.0377, 550.9082
143436.2532, 6394357.4610, 35.4686, 933.4521, 353.6265
143436.2089, 6394357.4863, 35.4381, 927.8955, 355.8529
143430.4932, 6394361.0125, 37.8534, 394.5832, 179.0508
143432.9250, 6394363.5021, 32.6245, 545.7205, 549.7464
143432.8060, 6394360.4796, 37.8382, 578.7434, 179.2253
143426.9970, 6394359.0015, 33.0981, 115.9375, 578.6260
143426.5650, 6394357.5034, 33.0748, 67.3076, 600.7073
143434.0624, 6394355.5592, 32.4807, 837.6432, 643.0345
143432.0932, 6394360.4668, 37.8066, 861.0508, 166.5895
143431.8137, 6394360.9752, 37.8423, 495.9689, 182.3132
143432.0647, 6394360.4792, 37.7697, 523.8896, 183.3716
143428.6410, 6394361.5118, 38.2591, 618.7454, 118.3144
143429.8650, 6394361.4929, 38.2705, 340.8100, 150.4813
143429.8650, 6394361.4929, 38.2705, 340.8100, 150.4813
143431.5336, 6394360.9773, 38.2331, 473.9809, 151.3468
143431.4147, 6394360.9837, 37.8062, 487.8908, 183.1672
143428.4117, 6394361.5350, 38.1485, 227.2534, 157.2667
143434.0680, 6394359.9730, 38.1013, 427.8067, 170.0359
143433.4358, 6394360.0076, 38.0729, 427.8067, 170.0359
143431.1764, 6394360.9986, 37.7896, 449.4062, 184.9047
143436.4797, 6394359.0550, 37.9173, 883.6260, 165.5476
143432.7053, 6394377.4777, 36.5055, 750.6929, 514.4864
143426.1903, 6394359.9952, 39.0685, 1009.1394, 104.8544
143436.1529, 6394359.4622, 37.9546, 847.2101, 167.3773
143436.9537, 6394358.9447, 37.5987, 921.1619, 182.1049
143436.3990, 6394359.0969, 37.9081, 875.5980, 167.0334
143460.9408, 6394392.1048, 46.9489, 1039.8353, 89.6133
143428.0626, 6394361.9923, 38.0271, 242.9544, 31.9761
143436.0779, 6394359.4730, 37.8984, 841.7964, 171.2582
143450.0000, 6394377.0938, 40.1583, 1011.1815, 204.2836
143437.1537, 6394358.9453, 35.6774, 938.3243, 339.8130
143460.8365, 6394393.0721, 46.8530, 1023.6128, 96.9339
143458.4148, 6394394.6212, 43.3694, 952.0612, 187.6035
143432.5436, 6394360.4925, 38.3202, 558.7437, 141.9753
143432.5436, 6394360.4925, 38.3202, 558.7437, 141.9753
143442.8859, 6394360.5795, 35.1365, 1208.5856, 379.4787
143430.5389, 6394361.0035, 38.2658, 398.1167, 147.1640
143436.5978, 6394358.9876, 38.1318, 894.2814, 149.4173
143433.9544, 6394372.4884, 35.3300, 482.9682, 383.4831
143429.7371, 6394361.4942, 38.1752, 331.0533, 158.1988
143432.1802, 6394360.4961, 37.9921, 532.0779, 166.1111
143432.1802, 6394360.4961, 37.9921, 532.0779, 166.1111
143433.9544, 6394372.4884, 35.3300, 416.3172, 357.1820
143427.4996, 6394361.9818, 37.9984, 151.4007, 171.3064
143446.6509, 6394365.5816, 38.3138, 1193.9071, 217.4224
143439.7897, 6394369.0243, 35.1551, 797.1861, 386.5296
143446.9441, 6394364.0770, 38.7554, 1261.9940, 184.8101
143432.7427, 6394360.4758, 37.8500, 665.5461, 173.6281
143428.7727, 6394361.4970, 37.7091, 256.1189, 191.8654
143427.8610, 6394362.0071, 37.4505, 185.3865, 216.3462
143451.8784, 6394369.9101, 43.7508, 1247.1302, 13.3196
143437.3415, 6394362.1049, 37.5723, 837.3469, 225.3151
143436.1008, 6394357.4536, 35.0693, 921.8105, 387.5023
143436.0146, 6394357.5003, 35.0518, 913.2404, 389.0818
143432.0854, 6394361.0043, 37.4003, 517.9564, 219.3942
143440.5349, 6394357.9737, 34.9518, 1194.5309, 394.1329
143436.1467, 6394357.4455, 34.9949, 925.6341, 393.2430
143432.0854, 6394361.0043, 37.4003, 517.9564, 219.3942
143434.4868, 6394365.0322, 37.6707, 707.2998, 229.6401
143434.1515, 6394365.4798, 37.6928, 576.3236, 234.9689
143428.0917, 6394363.4948, 37.3601, 199.3818, 235.7222
143439.6431, 6394369.0886, 34.8725, 789.0815, 400.3203
143445.9077, 6394362.9984, 37.4108, 1258.3480, 251.2084
143429.0070, 6394366.4994, 37.3447, 253.7388, 257.4109
143431.7105, 6394360.9873, 37.6796, 488.9059, 195.8647
143436.0605, 6394357.5253, 35.3403, 915.6926, 364.5877
143428.1710, 6394364.4941, 36.2201, 207.1593, 321.4650
143436.4081, 6394359.1167, 35.8992, 876.5056, 325.0470
143444.1431, 6394363.1325, 35.9974, 1169.0781, 330.5823
143432.6717, 6394361.0002, 37.3151, 559.5449, 226.5235
143431.7548, 6394360.9839, 37.6128, 492.0998, 200.9256
143430.4271, 6394370.9869, 35.8878, 318.0920, 354.4972
143436.3807, 6394359.1086, 35.4901, 876.0045, 356.7060
143437.5041, 6394362.5965, 35.5011, 835.6171, 361.5402
143427.8675, 6394362.4964, 35.5516, 189.2862, 362.7743
143431.6258, 6394365.9880, 37.7441, 620.2006, 219.5907
143428.5785, 6394365.9968, 35.2057, 231.5096, 390.0701
143426.5356, 6394359.4978, 39.3422, 56.9937, 15.4171
143429.0589, 6394366.9971, 35.1222, 260.2833, 394.5080
143436.2351, 6394359.1008, 34.1478, 865.1081, 459.9291
143432.5623, 6394355.4209, 33.7745, 699.1649, 520.7484
143438.0265, 6394357.5150, 32.9666, 1052.4502, 553.8273
143436.4924, 6394357.4775, 34.9252, 924.7129, 400.4152
143446.5251, 6394363.9935, 38.1141, 1248.2764, 216.6983
143431.4346, 6394362.5187, 32.6537, 467.4917, 559.9344
143436.1252, 6394357.4319, 34.9112, 924.7129, 400.4152
143438.7730, 6394356.9151, 32.7717, 1137.7273, 572.6736
143428.5461, 6394362.0065, 37.4934, 241.0566, 215.1742
143426.8091, 6394358.0111, 32.9191, 96.3604, 607.1339
143433.6875, 6394371.4754, 34.8924, 479.6594, 404.1730
143446.4742, 6394365.3966, 38.1454, 1192.2191, 225.2085
143436.4375, 6394357.4469, 34.7551, 948.3444, 413.8130
143431.9635, 6394361.0178, 37.3752, 508.3385, 221.5247
143436.0160, 6394357.5092, 34.6942, 913.8510, 418.6633
143436.4409, 6394357.4363, 34.6851, 945.2938, 419.0862
143436.4409, 6394357.4363, 34.6851, 945.2938, 419.0862
143436.3117, 6394357.4579, 34.6773, 937.3362, 420.1351
143428.6559, 6394362.0191, 37.3563, 249.9487, 226.8687
143436.3787, 6394357.4449, 34.6599, 942.2587, 421.2129
143436.2348, 6394357.4304, 34.6553, 933.1732, 422.0672
143429.8900, 6394369.5080, 37.3053, 294.3323, 275.5179
143435.5129, 6394372.5203, 37.5059, 549.5525, 279.3400
143454.9590, 6394387.1140, 40.3537, 976.2299, 239.0629
143435.5129, 6394372.5203, 37.5059, 572.9620, 324.4241
143462.8606, 6394392.8272, 48.4186, 1071.0948, 58.3831
143432.2740, 6394366.0023, 37.7387, 458.6640, 232.7098
143432.2740, 6394366.0023, 37.7387, 458.6640, 232.7098
143431.8187, 6394362.5304, 37.3766, 476.7837, 232.7374
143430.0842, 6394370.0072, 37.2721, 302.3608, 279.5360
143431.4709, 6394362.4839, 40.0791, 445.0164, 35.7359
143442.5866, 6394397.9900, 33.7199, 564.4395, 426.9365
143431.4709, 6394362.4839, 40.0791, 445.0164, 35.7359
143432.7354, 6394364.0123, 37.4260, 513.3926, 240.1750
143440.0698, 6394358.1612, 34.4128, 1153.1266, 438.2689
143436.3509, 6394357.4518, 34.5041, 940.8257, 434.7677
143436.3509, 6394357.4518, 34.5041, 940.8257, 434.7677
143448.2409, 6394375.5357, 37.7130, 985.4880, 288.5112
143434.1391, 6394365.4901, 37.5977, 800.6656, 618.7542
143462.8606, 6394392.8272, 48.4186, 1071.0948, 58.3831
143436.2133, 6394357.4504, 34.2917, 930.6835, 452.7166
143435.1671, 6394375.4472, 35.2242, 482.6263, 378.9448
143446.1239, 6394365.4767, 37.7111, 1175.8035, 246.7749
143445.8628, 6394366.0076, 36.8650, 1141.9725, 299.7436
143436.5957, 6394359.5138, 36.9254, 876.3024, 245.7451
143426.7989, 6394359.9987, 38.8852, 99.9260, 76.0262
143433.5603, 6394358.4670, 33.8045, 690.2090, 496.1655
143432.9268, 6394357.9480, 33.8141, 656.9342, 499.9529
143437.1408, 6394379.0444, 37.5709, 546.4684, 296.5521
143432.5929, 6394357.9782, 33.7770, 629.4527, 503.2441
143432.5929, 6394357.9782, 33.7770, 629.4527, 503.2441
143432.7424, 6394356.0259, 33.9115, 695.5576, 503.0634
143427.1875, 6394359.0398, 38.3730, 820.6442, 676.5865
143431.3923, 6394362.4949, 39.2017, 441.1577, 98.2133
143433.5135, 6394367.9836, 33.0241, 518.9053, 504.5428
143434.7294, 6394359.3966, 38.6379, 747.9711, 108.3516
143446.6119, 6394397.0057, 34.8368, 631.8006, 372.3369
143431.6824, 6394366.4941, 33.1463, 437.5287, 507.2835
143434.5580, 6394359.9484, 38.6894, 718.0217, 111.6834
143432.7090, 6394357.9658, 33.7167, 638.7083, 507.9379
143438.0374, 6394381.0234, 37.5710, 560.3239, 301.6349
143434.9910, 6394359.4623, 38.3571, 764.7233, 132.6046
143428.5404, 6394365.4967, 37.0235, 231.2715, 273.2512
143433.5099, 6394367.9832, 32.8937, 518.9293, 511.2374
143438.0374, 6394381.0234, 37.5710, 560.3239, 301.6349
143432.4087, 6394355.4844, 33.8420, 684.0496, 514.1412
143432.2006, 6394355.5564, 33.8402, 662.5403, 514.7115
143436.1607, 6394359.4487, 37.7692, 845.8938, 187.4509
143428.9269, 6394366.9868, 40.7706, 242.5608, 51.2879
143431.5549, 6394366.4920, 33.0215, 430.8503, 515.2025
143428.9269, 6394366.9868, 40.7706, 242.5608, 51.2879
143426.5257, 6394359.9981, 33.6567, 76.3579, 522.2364
143447.9862, 6394373.6114, 37.6050, 1018.5331, 287.3949
143429.8534, 6394367.0158, 32.8313, 314.3680, 529.4449
143429.6138, 6394367.0155, 32.8125, 314.3680, 529.4449
143446.5124, 6394395.9632, 34.6296, 641.1966, 380.9594
143436.3920, 6394357.4461, 34.8678, 943.5951, 403.8601
143436.1063, 6394357.4415, 34.8566, 922.5502, 405.1332
143428.8780, 6394364.9875, 32.9565, 260.9294, 534.9011
143445.7324, 6394366.5294, 36.9784, 1123.0016, 289.0245
143442.2554, 6394393.5570, 37.6926, 583.1157, 320.9132
143448.0092, 6394375.6273, 37.6131, 975.9373, 293.1761
143428.4317, 6394364.4930, 36.4829, 224.6302, 302.5800
143427.6639, 6394361.0059, 33.2579, 179.2733, 543.9681
143427.6026, 6394361.0071, 33.2569, 179.2733, 543.9681
143431.6953, 6394355.5234, 33.5701, 618.4152, 542.8909
143438.3209, 6394357.4536, 33.0333, 1072.3662, 548.6509
143432.3277, 6394363.0342, 32.6638, 516.9410, 552.4580
143430.4739, 6394361.5117, 32.8933, 406.5678, 555.6459
143429.5729, 6394362.0317, 32.7284, 343.9021, 565.0671
143429.5729, 6394362.0317, 32.7284, 343.9021, 565.0671
143431.1336, 6394356.0489, 33.3118, 549.5346, 566.7696
143431.0094, 6394356.0672, 33.3058, 536.7480, 568.8522
143427.8646, 6394362.4963, 35.5636, 189.2862, 362.7743
143426.4753, 6394357.5203, 33.2763, 31.1198, 585.9157
143426.6042, 6394358.0081, 33.1880, 75.5881, 583.2698
143426.7661, 6394357.9948, 32.8072, 487.1808, 107.9124
143430.2343, 6394357.0463, 32.5943, 785.7813, 417.7774
143426.1341, 6394357.4807, 32.7664, 15.2874, 636.3260
143426.0730, 6394357.4741, 32.7569, 15.2874, 636.3260
143429.5644, 6394356.0348, 32.5220, 380.5531, 662.5359
143434.1622, 6394354.5213, 32.1036, 877.4108, 683.9459
143436.4241, 6394359.5909, 36.2616, 859.7366, 300.8232
143443.2152, 6394398.4951, 37.7713, 549.5525, 279.3400
143447.9138, 6394375.0265, 37.2255, 985.3824, 306.3565
143427.7584, 6394362.4985, 36.3962, 178.1125, 299.8527
143444.4706, 6394398.5183, 37.7043, 602.4903, 326.8166
143447.7952, 6394376.0715, 37.0455, 960.4330, 314.9557
143428.4482, 6394364.4889, 35.6045, 227.0291, 362.4766
143460.9017, 6394391.4575, 46.7781, 1048.1655, 90.1185
143438.1934, 6394364.0651, 36.0133, 833.6090, 332.6680
143435.4301, 6394385.4580, 35.6060, 440.6159, 377.2071
143429.1289, 6394366.9900, 36.2246, 264.1137, 328.5746
143439.7287, 6394369.0577, 34.4313, 793.2958, 423.0217
143435.4301, 6394385.4580, 35.6060, 440.6159, 377.2071
143435.9026, 6394357.5589, 35.2229, 900.9090, 373.9963
143440.5057, 6394357.9968, 34.9805, 1190.3890, 392.4616
143449.3748, 6394396.5942, 33.4279, 732.3088, 432.0176
143440.5057, 6394357.9968, 34.9805, 1190.3890, 392.4616
143436.4079, 6394357.4359, 34.2047, 946.0111, 459.8970
143439.7959, 6394369.0215, 34.9101, 794.0066, 408.5519
143436.5573, 6394357.4414, 34.1025, 956.4374, 468.0655
143460.5525, 6394391.5492, 46.3838, 1038.8578, 100.6060
143436.8666, 6394358.9364, 35.6743, 918.6899, 340.4137
143439.7959, 6394369.0215, 34.9101, 795.5248, 403.7930
143434.3164, 6394369.9729, 33.4354, 534.0673, 476.0130
143436.8666, 6394358.9364, 35.6743, 918.6899, 340.4137
143437.0409, 6394358.9079, 35.6621, 931.9479, 341.1005
143437.0409, 6394358.9079, 35.6621, 931.9479, 341.1005
143435.4324, 6394385.4607, 34.5079, 399.2268, 403.6766
143433.5720, 6394358.4748, 33.9617, 690.6479, 483.4244
143428.3822, 6394364.4947, 33.4740, 231.5796, 504.7311
143427.5025, 6394361.4968, 33.6556, 164.2291, 509.7499
143437.1065, 6394360.9632, 39.2860, 859.5992, 90.4908
143427.5025, 6394361.4968, 33.6556, 164.2291, 509.7499
143436.9820, 6394357.8573, 33.2245, 965.1097, 535.8637
143435.1976, 6394357.0676, 33.3350, 862.6500, 541.2545
143431.4441, 6394362.5178, 32.6628, 467.4917, 559.9344
143426.5540, 6394357.4968, 33.0275, 68.3478, 605.3029
143436.3987, 6394359.1040, 35.6777, 875.4136, 342.5511
143434.9721, 6394361.4650, 39.3307, 705.6946, 86.8789
143433.8462, 6394380.9884, 36.3484, 410.1126, 347.6018
143432.9115, 6394360.4781, 38.0506, 585.9472, 162.9280
143447.7768, 6394367.0135, 39.2858, 1192.9232, 179.1539
143437.6980, 6394366.0768, 33.2045, 758.8287, 493.6652
143432.7019, 6394360.4877, 37.6664, 577.9656, 193.2782
143428.2947, 6394362.0139, 37.4209, 216.9978, 218.6664
143446.4025, 6394364.5585, 37.8817, 1220.4615, 233.1706
143436.3585, 6394357.4780, 35.5563, 939.8593, 346.0618
143433.6564, 6394358.4264, 33.7516, 698.1037, 499.9622
143428.2422, 6394364.4973, 37.0274, 209.6110, 265.9072
143429.1938, 6394366.9864, 37.0116, 263.4321, 280.1798
143459.1353, 6394388.6502, 45.3222, 1050.1776, 113.2342
143431.6305, 6394366.4980, 33.2606, 434.8845, 501.3926
143436.2769, 6394357.5226, 35.5710, 931.7864, 344.2338
143445.8206, 6394365.0912, 36.8927, 1172.8275, 290.1942
143427.6040, 6394361.9950, 36.2521, 166.9466, 309.0203
143433.1631, 6394367.4700, 33.0719, 505.4428, 504.8236
143433.1459, 6394367.4693, 33.0148, 505.2942, 507.8773
143432.2283, 6394355.5494, 33.8683, 665.5310, 511.8920
143431.5641, 6394355.4813, 33.8331, 606.3338, 518.5656
143448.0247, 6394378.0859, 37.1197, 943.9351, 298.7907
143432.3470, 6394355.4977, 33.7413, 678.4236, 524.0052
143432.3470, 6394355.4977, 33.7413, 678.4236, 524.0052
143459.1353, 6394388.6502, 45.3222, 1050.1776, 113.2342
143430.1040, 6394360.5233, 32.9828, 396.2863, 556.5121
143437.5252, 6394360.9286, 39.2083, 888.0789, 97.4339
143429.9316, 6394369.4807, 36.3892, 299.1764, 326.0016
143433.6292, 6394361.9725, 39.1904, 605.2989, 98.6457
143434.0773, 6394354.9196, 32.0312, 852.0133, 688.5854
143436.3903, 6394357.4616, 35.5135, 942.6251, 349.4124
143436.0383, 6394357.5351, 35.4270, 913.6463, 357.3122
143430.3163, 6394360.4730, 34.9987, 399.2268, 403.6766
143436.3291, 6394362.6120, 32.5569, 245.9606, 222.6544
143430.5213, 6394357.5294, 32.5836, 457.0362, 623.6241
143436.2000, 6394357.4489, 35.3596, 928.9963, 362.2569
143439.2891, 6394367.6245, 35.3872, 804.2890, 373.3817
143440.5026, 6394358.0234, 35.0718, 1189.0051, 385.4178
143436.4732, 6394357.4444, 35.0894, 949.3056, 385.6184
143431.3605, 6394363.9747, 35.1686, 433.0957, 390.9261
143432.0078, 6394365.9661, 35.0842, 451.0684, 395.7752
143436.2920, 6394357.4403, 35.4302, 936.8807, 356.8507
143432.0078, 6394365.9661, 35.0842, 451.0684, 395.7752
143436.2920, 6394357.4403, 35.4302, 936.8807, 356.8507
143433.6347, 6394370.9610, 34.9966, 483.6796, 399.7726
143435.9206, 6394357.5971, 35.4023, 900.7502, 353.4518
143433.2115, 6394359.9606, 38.5463, 618.7454, 118.3144
143434.1727, 6394359.9666, 38.5221, 644.3365, 125.2403
143434.1727, 6394359.9666, 38.5221, 644.3365, 125.2403
143433.5407, 6394359.9681, 38.4793, 644.3365, 125.2403
143433.5407, 6394359.9681, 38.4793, 644.3365, 125.2403
143439.7640, 6394369.0420, 34.4261, 796.1614, 422.6129
143437.6743, 6394390.9553, 35.7681, 410.1126, 347.6018
143428.5662, 6394361.4773, 38.4938, 243.2300, 130.8823
143442.2647, 6394376.5802, 33.8129, 762.8069, 440.8269
143435.8916, 6394358.1207, 34.0910, 878.2375, 467.0639
143432.4463, 6394360.4697, 38.3933, 551.7154, 134.8466
143436.4851, 6394357.4753, 33.8714, 949.3105, 487.5988
143429.6322, 6394367.0027, 37.5633, 289.4688, 247.5538
143436.3933, 6394357.4451, 33.7582, 944.7917, 497.9894
143432.4463, 6394360.4697, 38.3933, 551.7154, 134.8466
143437.8570, 6394358.1133, 33.6323, 1009.2493, 498.9866
143432.2537, 6394360.4805, 38.3732, 537.8834, 135.7416
143429.7513, 6394368.9939, 35.4450, 292.5399, 376.6817
143434.5062, 6394359.5480, 38.3103, 726.8949, 136.0547
143427.5417, 6394361.9998, 35.3110, 162.9792, 381.5005
143435.6804, 6394359.6210, 33.1699, 813.2029, 532.0303
143438.3993, 6394369.0952, 32.7647, 734.2510, 504.7450
143432.2650, 6394357.0669, 32.7686, 623.8065, 607.7493
143436.5960, 6394358.9915, 38.2881, 893.6082, 136.6028
143432.2650, 6394357.0669, 32.7686, 623.8065, 607.7493
143431.0428, 6394360.9823, 38.3864, 436.8698, 139.1600
143431.0428, 6394360.9823, 38.3864, 436.8698, 139.1600
143430.9564, 6394362.4958, 39.4034, 561.7914, 70.4185
143427.4080, 6394361.4969, 38.2385, 144.3015, 148.0629
143432.2852, 6394366.9879, 33.0695, 465.4082, 508.3411
143434.8925, 6394359.5317, 38.1893, 755.2537, 146.1778
143432.6785, 6394366.9641, 33.0572, 487.7642, 508.5615
143430.9494, 6394360.9896, 38.2427, 263.0573, 167.6135
143435.2353, 6394359.4686, 38.1324, 782.3354, 150.9367
143437.6396, 6394366.5890, 32.7095, 746.6282, 517.8411
143432.3859, 6394355.4886, 33.7939, 681.2633, 519.0803
143435.0371, 6394359.5556, 38.1155, 765.8324, 152.7433
143435.0371, 6394359.5556, 38.1155, 765.8324, 152.7433
143434.7096, 6394359.9710, 38.1474, 730.0035, 154.0163
143434.7096, 6394359.9710, 38.1474, 730.0035, 154.0163
143436.4610, 6394359.0699, 37.8826, 879.6929, 170.6014
143433.8250, 6394359.9815, 38.1105, 665.5491, 155.4832
143427.6699, 6394362.0138, 37.1110, 169.2449, 241.6084
143439.0241, 6394355.6450, 33.2970, 1226.7762, 538.9117
143438.3712, 6394393.4647, 35.6204, 482.6263, 378.9448
143430.3154, 6394361.0267, 38.1300, 380.5598, 157.0818
143438.9610, 6394355.6928, 33.2810, 1220.6986, 540.3801
143430.3154, 6394361.0267, 38.1300, 380.5598, 157.0818
143436.7542, 6394358.9571, 36.0833, 908.2781, 309.4608
143427.0207, 6394360.0039, 35.1992, 118.1433, 386.3138
143435.6063, 6394359.4696, 38.0417, 642.2618, 164.7917
143427.4025, 6394361.5006, 34.3808, 155.5875, 450.4589
143428.0548, 6394362.4938, 32.9490, 235.2662, 551.2367
143437.2913, 6394357.5985, 32.7779, 1011.8243, 577.6587
143431.8357, 6394363.5109, 32.6593, 481.3157, 551.7828
143432.9990, 6394361.9619, 39.5612, 561.7914, 70.4185
143430.2328, 6394360.5125, 32.9801, 394.9097, 558.8247
143430.0837, 6394360.5233, 32.9550, 394.9097, 558.8247
143429.6886, 6394359.5353, 33.0206, 375.4755, 562.8447
143429.6886, 6394359.5353, 33.0206, 375.4755, 562.8447
143429.4093, 6394362.0187, 32.6995, 322.5189, 569.7698
143458.5398, 6394392.5592, 43.5670, 982.0048, 173.3379
143429.4093, 6394362.0187, 32.6995, 322.5189, 569.7698
143435.2684, 6394359.4603, 38.0154, 619.8311, 166.2890
143429.1871, 6394361.5306, 32.7250, 322.5189, 569.7698
143434.1735, 6394359.9747, 38.0210, 642.2618, 164.7917
143429.1871, 6394361.5306, 32.7250, 322.5189, 569.7698
143433.5522, 6394360.0435, 37.9826, 642.2618, 164.7917
143426.3325, 6394357.5110, 33.2580, 43.8171, 583.7272
143426.6067, 6394358.0077, 33.1838, 75.5881, 583.2698
143434.3774, 6394358.0016, 32.4572, 754.9378, 587.3717
143460.2682, 6394388.0765, 46.2367, 1087.0774, 85.5885
143431.7749, 6394360.5562, 37.9958, 500.3850, 165.4337
143434.3618, 6394357.0096, 32.4539, 806.3307, 623.3866
143429.6138, 6394356.5220, 32.5458, 549.5346, 566.7696
143429.0935, 6394363.4883, 39.3360, 270.4055, 104.2394
143431.7749, 6394360.5562, 37.9958, 305.1247, 181.8777
143435.4089, 6394359.4698, 38.4707, 792.5507, 126.1093
143434.9195, 6394359.6121, 37.9023, 755.2224, 170.2572
143436.3775, 6394359.5916, 33.6218, 860.6917, 497.3821
143434.9195, 6394359.6121, 37.9023, 755.2224, 170.2572
143436.1782, 6394357.4756, 33.6094, 925.9383, 510.8930
143430.6960, 6394360.9748, 37.9549, 411.2910, 170.9602
143431.5447, 6394364.0256, 32.7124, 456.9822, 544.9926
143430.6960, 6394360.9748, 37.9549, 411.2910, 170.9602
143432.6359, 6394364.5101, 32.6452, 517.4431, 543.0267
143432.0225, 6394355.5289, 33.5551, 646.0749, 540.6733
143436.3871, 6394357.4407, 35.0925, 943.5770, 385.0251
143430.2149, 6394361.4946, 37.9628, 368.1943, 174.8913
143430.2149, 6394361.4946, 37.9628, 368.1943, 174.8913
143442.6177, 6394386.4179, 35.1341, 617.8262, 359.4373
143429.9402, 6394361.4918, 37.9342, 347.0024, 176.1615
143429.9402, 6394361.4918, 37.9342, 347.0024, 176.1615
143442.6177, 6394386.4179, 35.1341, 617.8262, 359.4373
143429.1637, 6394361.4950, 37.8468, 286.7140, 181.8607
143436.1763, 6394357.4549, 35.0786, 927.6335, 386.5572
143436.2067, 6394357.4551, 35.0373, 929.4103, 390.1544
143429.4011, 6394361.4927, 37.8542, 305.1247, 181.8777
143429.4011, 6394361.4927, 37.8542, 305.1247, 181.8777
143428.6269, 6394361.4967, 37.7791, 244.4032, 186.7829
143428.6269, 6394361.4967, 37.7791, 244.4032, 186.7829
143428.4401, 6394361.9914, 37.8178, 227.6101, 187.7913
143439.7039, 6394369.0626, 34.9520, 793.0231, 396.2928
143436.5580, 6394357.4581, 34.9890, 956.1368, 393.3301
143436.5095, 6394357.4682, 34.9745, 951.4813, 395.1281
143435.8481, 6394369.9741, 37.6388, 629.0886, 268.6016
143436.0005, 6394357.4970, 34.7806, 910.7957, 412.2659
143438.7652, 6394355.1373, 33.0809, 1229.4414, 570.0388
143430.1008, 6394358.0359, 32.6029, 401.4960, 621.3908
143446.4666, 6394363.5988, 38.1655, 1259.0498, 212.7856
143427.7903, 6394361.4847, 33.0432, 195.4933, 553.6926
143431.1349, 6394356.0083, 32.8631, 555.9332, 607.4156
143440.8205, 6394372.5929, 37.5013, 779.6597, 276.4890
143432.5377, 6394361.0380, 37.2947, 548.9615, 227.5776
143436.1643, 6394357.4608, 34.7432, 926.5476, 414.8505
143436.1643, 6394357.4608, 34.7432, 926.5476, 414.8505
143435.0770, 6394380.5077, 37.6365, 458.6315, 290.7456
143432.5224, 6394363.0205, 37.4203, 515.2290, 233.8209
143432.2480, 6394363.0383, 37.4012, 496.4676, 234.9862
143439.5899, 6394369.1179, 34.4267, 785.9630, 426.0469
143436.0722, 6394357.4788, 34.6903, 919.4855, 419.2935
143432.2480, 6394363.0383, 37.4012, 496.4676, 234.9862
143439.6496, 6394369.0935, 34.3887, 790.2075, 419.9312
143431.6154, 6394365.9847, 37.6661, 418.9323, 237.1441
143437.6583, 6394363.1261, 37.4757, 830.2045, 236.8859
143428.5597, 6394364.9817, 37.4993, 231.2280, 238.7221
143432.4600, 6394364.5583, 37.5102, 488.5284, 237.9426
143428.7222, 6394365.4839, 37.4965, 240.2863, 242.1753
143428.7222, 6394365.4839, 37.4965, 240.2863, 242.1753
143436.3953, 6394359.5918, 34.3239, 859.4675, 440.4831
143451.5262, 6394372.0210, 44.5226, 1175.0677, 3.6145
143436.2185, 6394357.4489, 34.3792, 930.0684, 444.4266
143430.1064, 6394366.5083, 37.5655, 322.5343, 244.7843
143436.3178, 6394357.4349, 34.1262, 938.9112, 467.1488
143436.5244, 6394357.4594, 34.0857, 953.6291, 469.5674
143436.4590, 6394357.4354, 34.0794, 950.5087, 470.5624
143435.8064, 6394357.5946, 34.0297, 892.3838, 472.5464
143429.2387, 6394367.0014, 37.5273, 267.1621, 249.3666
143429.2387, 6394367.0014, 37.5273, 322.5343, 244.7843
143433.9558, 6394368.4375, 33.0695, 536.7053, 499.9517
143428.7406, 6394365.4924, 33.4441, 249.5491, 501.1323
143431.6125, 6394366.4965, 33.1969, 433.8641, 505.0840
143428.0626, 6394363.9893, 37.0588, 231.2715, 273.2512
143431.6125, 6394366.4965, 33.1969, 433.8641, 505.0840
143445.8971, 6394365.5841, 37.3640, 1162.4347, 264.9641
143431.8635, 6394366.4902, 33.1820, 448.0292, 505.4225
143432.3336, 6394355.5170, 33.9183, 676.1880, 507.1787
143432.5970, 6394356.0739, 33.8645, 681.9984, 507.4554
143432.5970, 6394356.0739, 33.8645, 681.9984, 507.4554
143431.5628, 6394366.5002, 33.1346, 431.3490, 508.6205
143428.2835, 6394364.4913, 36.9068, 211.9783, 273.1982
143431.5628, 6394366.5002, 33.1346, 431.3490, 508.6205
143432.7465, 6394356.0201, 33.8514, 696.5065, 508.4597
143431.6093, 6394366.4877, 33.0787, 433.7397, 511.5305
143431.6093, 6394366.4877, 33.0787, 433.7397, 511.5305
143446.0028, 6394366.0587, 37.0878, 1151.1927, 281.0323
143432.4196, 6394367.0134, 32.9925, 31.1180, 644.6930
143432.4747, 6394367.0023, 32.9886, 31.1180, 644.6930
143426.5456, 6394360.0047, 33.7433, 76.8934, 514.5349
143437.3245, 6394365.6051, 32.8640, 750.6929, 514.4864
143437.3245, 6394365.6051, 32.8640, 750.6929, 514.4864
143431.5622, 6394355.5028, 33.8624, 605.8843, 515.5707
143431.5622, 6394355.5028, 33.8624, 605.8843, 515.5707
143447.9471, 6394375.1130, 37.4195, 984.3275, 298.5168
143431.9517, 6394355.5097, 33.8368, 641.9907, 516.3472
143447.8373, 6394374.6115, 37.3155, 991.8654, 301.1757
143447.7585, 6394375.1171, 37.2688, 977.7741, 305.7355
143426.7450, 6394359.4916, 39.3233, 77.3858, 18.5684
143447.6038, 6394373.5311, 36.5850, 1010.9439, 324.6576
143436.7164, 6394358.9594, 35.6459, 916.3163, 450.4268
143436.8127, 6394358.9403, 35.5975, 914.6794, 346.3186
143436.1185, 6394357.4937, 35.3581, 921.1351, 362.5170
143437.3589, 6394360.9467, 39.4232, 876.1206, 82.1890
143431.0400, 6394362.4792, 39.3059, 416.9099, 90.9788
143436.3603, 6394357.4471, 35.2679, 941.1927, 370.1979
143426.4406, 6394359.4731, 39.2429, 49.4123, 23.9579
143436.3603, 6394357.4471, 35.2679, 941.1927, 370.1979
143430.6869, 6394362.4818, 40.1430, 583.4232, 14.4435
143430.6869, 6394362.4818, 40.1430, 583.4232, 14.4435
143428.4758, 6394364.9981, 35.4149, 428.2301, 95.6881
143459.1636, 6394388.0688, 45.1305, 1060.1345, 114.8830
143433.8897, 6394380.9822, 35.5657, 368.4860, 363.1442
143437.2057, 6394360.9601, 39.0839, 867.7637, 104.0330
143432.0207, 6394375.9764, 35.4671, 368.8674, 378.3674
143436.3345, 6394358.9622, 38.6575, 876.1309, 108.1132
143433.0771, 6394378.9717, 35.4910, 391.7905, 378.2078
143436.2494, 6394359.4349, 38.6559, 173.9942, 493.7166
143433.0771, 6394378.9717, 35.4910, 403.9406, 382.1337
143435.5901, 6394359.4755, 38.5362, 806.5596, 119.6101
143435.5901, 6394359.4755, 38.5362, 806.5596, 119.6101
143433.4609, 6394379.9666, 35.4280, 403.9406, 382.1337
143432.1308, 6394366.4748, 35.1952, 451.8561, 388.9154
143434.4462, 6394359.9562, 38.5519, 710.8103, 122.4352
143434.7316, 6394359.4454, 38.4755, 746.2984, 122.2354
143434.7316, 6394359.4454, 38.4755, 746.2984, 122.2354
143432.0746, 6394360.4714, 38.4905, 524.0446, 126.2406
143434.4122, 6394359.5664, 38.4112, 719.1862, 127.8978
143430.4193, 6394360.9785, 38.4703, 388.2752, 130.2671
143432.7258, 6394360.4749, 38.4756, 572.6411, 129.6023
143432.7258, 6394360.4749, 38.4756, 572.6411, 129.6023
143439.6783, 6394369.0735, 35.0900, 791.3305, 390.2872
143436.2740, 6394357.4174, 35.0601, 936.2723, 387.7674
143436.2882, 6394359.0456, 38.3478, 872.2018, 133.3878
143431.6802, 6394364.9699, 35.1237, 352.0247, 366.5056
143436.0498, 6394357.4728, 34.8805, 917.3602, 404.3258
143430.9572, 6394362.4609, 34.8956, 423.2843, 409.5943
143430.9572, 6394362.4609, 34.8956, 423.2843, 409.5943
143430.8474, 6394362.4786, 34.8114, 416.1528, 415.6764
143436.3333, 6394357.4452, 34.7608, 940.8346, 413.4233
143440.2346, 6394358.5015, 34.4536, 1147.2458, 434.8734
143436.1508, 6394357.4267, 34.5454, 927.3944, 430.8655
143440.1769, 6394358.5399, 34.3496, 1147.2458, 434.8734
143439.9473, 6394358.1704, 34.2539, 1146.9199, 447.5013
143436.1240, 6394357.4393, 34.3346, 924.5759, 448.0968
143436.0342, 6394357.4811, 34.2846, 916.3163, 450.4268
143436.3785, 6394359.5981, 33.9178, 858.6097, 474.8115
143436.2614, 6394357.4494, 33.9746, 933.4958, 479.2915
143431.8913, 6394360.5068, 38.3357, 313.2668, 155.1779
143436.3933, 6394359.0071, 38.2619, 879.1848, 139.4560
143434.8993, 6394359.5274, 38.1988, 755.2537, 146.1778
143433.0950, 6394367.4967, 33.2318, 502.5087, 495.9638
143435.1368, 6394359.5143, 38.1900, 774.1974, 147.8141
143431.6244, 6394360.9768, 38.2219, 481.4031, 152.7584
143434.4677, 6394359.9626, 38.1580, 712.7927, 152.7440
143434.4677, 6394359.9626, 38.1580, 712.7927, 152.7440
143429.5149, 6394361.4827, 38.1992, 313.2668, 155.1779
143432.4906, 6394366.9888, 33.0670, 476.3692, 508.1432
143433.2233, 6394360.0734, 38.0796, 618.8743, 156.9325
143433.2498, 6394367.4460, 33.0225, 511.4191, 507.5432
143433.2233, 6394360.0734, 38.0796, 618.8743, 156.9325
143432.1510, 6394355.5768, 33.8949, 657.1374, 509.6165
143435.8656, 6394359.5782, 33.2907, 819.1536, 521.4066
143431.8862, 6394360.5155, 38.1000, 509.5057, 157.0794
143433.4874, 6394367.9781, 32.6936, 518.1257, 521.2945
143431.5293, 6394360.9937, 38.1221, 474.3453, 160.0207
143431.7530, 6394360.9838, 38.1273, 490.7986, 160.8777
143432.3563, 6394360.4810, 38.0588, 545.3716, 160.6723
143426.4632, 6394359.9962, 33.3505, 71.5777, 549.3339
143427.8157, 6394361.4939, 33.1389, 201.9218, 547.8303
143432.3563, 6394360.4810, 38.0588, 545.3716, 160.6723
143426.2459, 6394359.9874, 33.3381, 52.3389, 551.0952
143427.4085, 6394360.5053, 33.2152, 158.6740, 552.7682
143431.7661, 6394355.4950, 33.5095, 625.9703, 548.5881
143427.9276, 6394361.9989, 32.9978, 143.8360, 562.9381
143431.6342, 6394361.0007, 38.0595, 482.1465, 164.8403
143431.3167, 6394363.0316, 32.7018, 453.0043, 553.2402
143461.6279, 6394390.9561, 47.7108, 1072.6672, 64.0482
143429.4942, 6394361.4928, 37.9711, 312.5518, 172.7943
143429.8023, 6394362.0148, 32.6842, 328.5941, 574.9235
143429.8037, 6394362.0146, 32.6841, 328.5941, 574.9235
143428.4360, 6394362.0006, 37.9766, 227.0229, 175.8139
143429.4180, 6394361.5177, 32.6826, 375.4755, 562.8447
143433.7315, 6394359.9889, 37.7974, 915.6926, 364.5877
143426.5341, 6394357.5167, 33.1950, 66.0642, 588.3573
143428.0674, 6394360.0273, 32.7189, 386.4378, 555.7173
143427.7291, 6394360.0277, 32.7265, 285.3908, 574.3884
143426.7724, 6394358.0137, 32.9927, 93.1951, 600.4905
143434.5398, 6394356.4984, 32.4355, 840.4554, 630.6203
143461.3407, 6394391.0211, 47.4626, 1065.0955, 70.6711
143425.7483, 6394359.5226, 38.9013, 312.0083, 203.9345
143458.1692, 6394394.6056, 42.9433, 946.7405, 196.4886
143428.3349, 6394361.9927, 37.8780, 219.6877, 183.2709
143446.8619, 6394364.0303, 38.5419, 1259.9426, 196.8663
143428.5784, 6394361.5209, 37.5308, 238.3213, 206.3746
143449.7742, 6394375.0220, 39.5549, 1047.4231, 217.7753
143446.8931, 6394365.3938, 38.2634, 1211.2159, 218.5564
143455.5931, 6394388.5716, 40.7098, 970.7269, 233.0583
143436.3703, 6394359.6310, 37.1758, 854.4266, 231.9802
143454.6692, 6394386.0666, 40.1384, 984.5738, 241.9609
143432.7760, 6394363.5027, 37.4340, 522.3718, 235.8704
143437.8495, 6394363.6127, 37.5141, 830.2045, 236.8859
143447.1394, 6394369.1350, 38.1291, 1101.8464, 245.9473
143447.1394, 6394369.1350, 38.1291, 1101.8464, 245.9473
143428.2885, 6394364.4868, 36.8907, 211.9783, 273.1982
143427.5793, 6394362.4989, 36.4877, 163.2622, 362.6811
143427.5793, 6394362.4989, 36.4877, 163.2622, 362.6811
143460.8709, 6394390.1292, 46.8247, 1067.5907, 81.6807
143437.4081, 6394378.9964, 37.5473, 557.0772, 297.3142
143437.2292, 6394360.9111, 39.6207, 869.1265, 67.3749
143430.0938, 6394369.4805, 36.5752, 307.7554, 315.2695
143443.5200, 6394398.5010, 37.7726, 580.3161, 324.4876
143443.5200, 6394398.5010, 37.7726, 580.3161, 324.4876
143437.0201, 6394358.9482, 35.9343, 927.8474, 320.0615
143436.8315, 6394358.9655, 35.8896, 917.3543, 322.4273
143437.3962, 6394360.9392, 39.6066, 878.7638, 69.8877
143436.9369, 6394360.9662, 39.5800, 813.2826, 70.3997
143437.5057, 6394362.5982, 35.7660, 834.2411, 343.7416
143437.1856, 6394360.9420, 39.5838, 864.9136, 70.8588
143436.4350, 6394361.0482, 39.5631, 813.2826, 70.3997
143436.6959, 6394360.9292, 39.5513, 832.9092, 71.1176
143439.1039, 6394367.6121, 35.8087, 794.9770, 351.8096
143436.0566, 6394361.4343, 39.6141, 813.2826, 70.3997
143436.3779, 6394357.4696, 35.4813, 941.5278, 352.1832
143436.3581, 6394361.4119, 39.6225, 832.9092, 71.1176
143426.1165, 6394360.0197, 38.8152, 570.8873, 326.8495
143435.0064, 6394361.5240, 39.5487, 813.2826, 70.3997
143427.6066, 6394363.9513, 39.6455, 529.8783, 8.9128
143427.5343, 6394361.9988, 35.5618, 162.6982, 361.9863
143427.5343, 6394361.9988, 35.5618, 163.2622, 362.6811
143435.9092, 6394361.4449, 39.5129, 769.0345, 77.5986
143436.2974, 6394357.4478, 34.9006, 936.9048, 401.3145
143440.3047, 6394358.1501, 34.8195, 816.9161, 622.2802
143436.4506, 6394357.4220, 34.8430, 949.3077, 405.7245
143436.1726, 6394357.4398, 34.8328, 928.2961, 406.9309
143440.1803, 6394358.1529, 34.7035, 1161.9650, 413.3866
143459.6478, 6394388.3677, 45.9594, 1068.2312, 93.4565
143436.2610, 6394357.4582, 34.4552, 934.1174, 439.2254
143436.3817, 6394357.4538, 34.3913, 943.2166, 444.2997
143436.3817, 6394357.4538, 34.3913, 943.2166, 444.2997
143433.3109, 6394361.9860, 39.4775, 582.4634, 79.1273
143432.7464, 6394367.5073, 33.2994, 485.1953, 493.7527
143438.8711, 6394357.3907, 33.5814, 1114.7704, 502.9334
143437.5182, 6394366.9811, 32.5819, 732.9571, 523.2396
143427.4125, 6394361.0122, 33.3468, 158.1195, 536.1243
143431.1834, 6394356.0549, 33.5562, 560.2208, 545.0513
143427.5897, 6394360.9995, 33.1743, 173.3349, 551.1650
143426.3942, 6394357.5070, 33.1956, 51.2906, 589.2487
143462.1149, 6394392.4265, 48.2977, 1060.4598, 58.7822
143460.5554, 6394387.4505, 46.5701, 1103.5930, 73.3424
143436.5006, 6394361.0207, 39.5528, 748.4084, 72.8003
143436.9915, 6394360.9429, 39.5647, 853.2782, 70.9675
143435.5945, 6394361.4595, 39.5732, 748.4084, 72.8003
143436.1330, 6394361.4288, 39.6073, 748.4084, 72.8003
143435.0723, 6394361.5002, 39.5445, 712.4536, 73.6435
143435.0723, 6394361.5002, 39.5445, 712.4536, 73.6435
143433.0857, 6394361.9564, 39.4507, 567.6782, 79.9288
143427.6184, 6394363.9788, 39.5102, 176.2298, 100.5466
143427.6184, 6394363.9788, 39.5102, 176.2298, 100.5466
143459.5015, 6394388.0403, 45.4394, 1070.2271, 105.5162
143437.3872, 6394360.9340, 39.2558, 879.6498, 93.6830
143437.3872, 6394360.9340, 39.2558, 879.6498, 93.6830
143433.4477, 6394361.9589, 39.2072, 436.1386, 107.3198
143431.3200, 6394362.5323, 39.0755, 436.1386, 107.3198
143435.2350, 6394359.4562, 38.5019, 782.2652, 121.3770
143434.3347, 6394359.6131, 38.3070, 712.4415, 136.6531
143430.7364, 6394361.0004, 38.3311, 413.3022, 142.2704
143430.7364, 6394361.0004, 38.3311, 413.3022, 142.2704
143435.5826, 6394359.4744, 38.1887, 807.0103, 148.0645
143432.9099, 6394360.4925, 38.2521, 586.1018, 147.8750
143432.9099, 6394360.4925, 38.2521, 586.1018, 147.8750
143434.1610, 6394359.9688, 38.1543, 690.4252, 152.1151
143434.1610, 6394359.9688, 38.1543, 690.4252, 152.1151
143433.5260, 6394359.9714, 38.1125, 643.6512, 154.1311
143433.5260, 6394359.9714, 38.1125, 643.6512, 154.1311
143428.8302, 6394361.4953, 38.1585, 260.1707, 158.1423
143428.0995, 6394361.9984, 38.1876, 196.1549, 162.3182
143428.0995, 6394361.9984, 38.1876, 196.1549, 162.3182
143428.6741, 6394361.4944, 38.1376, 247.6022, 158.3262
143428.6741, 6394361.4944, 38.1376, 247.6022, 158.3262
143436.3231, 6394359.1433, 38.0281, 871.8074, 159.5630
143436.7743, 6394358.8987, 38.0107, 910.8803, 157.5162
143436.7743, 6394358.8987, 38.0107, 910.8803, 157.5162
143430.4221, 6394361.0050, 38.0533, 389.2749, 163.0766
143431.0106, 6394360.9778, 38.0159, 435.3001, 167.5064
143455.9142, 6394385.6367, 41.9585, 1023.7034, 187.8511
143450.8220, 6394368.8842, 43.2312, 1242.9419, 24.0714
143428.9095, 6394361.4923, 37.8360, 619.7713, 127.9335
143432.1726, 6394360.4830, 37.7534, 531.7923, 185.4915
143456.8611, 6394389.1594, 42.0314, 992.0884, 199.8020
143449.7997, 6394377.0757, 39.7874, 1004.5685, 219.8546
143427.0235, 6394360.5025, 37.3093, 113.4309, 212.2584
143427.0235, 6394360.5025, 37.3093, 113.4309, 212.2584
143446.2905, 6394363.5234, 37.9567, 1254.3734, 223.2300
143455.0797, 6394387.0156, 40.6173, 980.6094, 231.1501
143431.8402, 6394361.0495, 37.3399, 498.8939, 223.4003
143427.0147, 6394360.0062, 37.1054, 111.9391, 224.5605
143427.6450, 6394361.9916, 37.3394, 166.7383, 223.9951
143432.7906, 6394361.5312, 37.2955, 559.3873, 231.5457
143432.2774, 6394365.9859, 37.6662, 459.2937, 237.4492
143445.5273, 6394363.5936, 37.0288, 1216.2848, 275.0979
143445.5273, 6394363.5936, 37.0288, 1216.2848, 275.0979
143445.0345, 6394362.6138, 36.7208, 1232.8845, 287.1882
143447.9900, 6394374.5875, 37.4578, 997.6984, 295.0530
143427.5003, 6394361.9920, 36.3199, 157.6210, 303.7878
143426.5932, 6394359.4938, 39.1866, 63.4496, 31.2284
143450.5372, 6394368.4948, 42.5724, 482.9629, 376.1046
143429.0252, 6394366.9971, 36.1320, 269.8998, 338.4614
143438.0765, 6394364.1204, 35.9787, 824.7807, 334.5672
143442.8909, 6394360.1019, 35.4117, 1233.0067, 360.0861
143460.9392, 6394390.1481, 46.9846, 1069.7250, 77.5705
143460.9765, 6394392.0512, 47.0767, 1041.2789, 86.4955
143460.7602, 6394391.4747, 46.4209, 1045.6816, 101.0030
143437.1541, 6394360.9657, 39.3691, 862.7465, 85.8522
143431.1873, 6394362.4492, 39.3209, 427.5146, 89.8736
143460.6271, 6394391.4065, 45.8984, 1042.9495, 113.6571
143427.0446, 6394360.4911, 38.4964, 130.2750, 123.6351
143427.0446, 6394360.4911, 38.4964, 130.2750, 123.6351
143431.1032, 6394362.4982, 38.9881, 421.5819, 113.6438
143427.4074, 6394362.0174, 38.6938, 1004.5298, 116.4991
143434.4865, 6394359.5455, 38.3693, 724.1195, 131.3473
143426.9072, 6394360.0168, 38.0071, 1153.1266, 438.2689
143430.7624, 6394360.9652, 38.2114, 416.1317, 151.1033
143430.7624, 6394360.9652, 38.2114, 416.1317, 151.1033
143433.1578, 6394360.0931, 38.0786, 613.2390, 155.6253
143436.3057, 6394359.4724, 37.9179, 855.3654, 171.6290
143430.9263, 6394360.9896, 37.9678, 683.6512, 155.9887
143436.0893, 6394359.4664, 37.9053, 841.7964, 171.2582
143458.4031, 6394394.6261, 43.3812, 952.0612, 187.6035
143432.5449, 6394360.4789, 37.8474, 559.8579, 177.8831
143433.2063, 6394360.4745, 37.8613, 614.8882, 177.1376
143432.6819, 6394360.4696, 37.8188, 569.8962, 180.5965
143450.2085, 6394374.0943, 40.0037, 1082.5266, 196.3159
143432.2829, 6394360.4843, 37.7112, 540.2856, 188.4775
143432.2829, 6394360.4843, 37.7112, 540.2856, 188.4775
143431.2791, 6394360.9845, 37.7142, 456.2015, 191.6030
143435.4906, 6394359.4531, 37.6054, 665.5461, 173.6281
143432.3521, 6394360.4842, 37.6237, 545.0477, 195.9638
143433.3509, 6394360.5246, 37.3734, 620.2006, 219.5907
143456.0347, 6394389.1024, 40.9784, 973.6447, 227.2835
143427.2769, 6394361.9928, 37.4130, 136.9921, 217.6565
143428.8335, 6394365.9927, 37.5893, 245.4466, 237.6819
143446.2465, 6394365.4996, 37.8244, 1153.1266, 438.2689
143432.5457, 6394364.0238, 37.4226, 501.1032, 240.9302
143450.1710, 6394369.0413, 43.3987, 1213.1304, 16.6442
143450.3134, 6394370.0581, 43.3509, 1187.4531, 30.2476
143426.5416, 6394359.4833, 39.2225, 56.9870, 26.9482
143425.7759, 6394363.0180, 33.4689, 62.0216, 519.0721
143436.2019, 6394357.4489, 35.2974, 929.1235, 367.6867
143436.2019, 6394357.4489, 35.2974, 929.1235, 367.6867
143437.9344, 6394363.5804, 37.4422, 832.6573, 242.6751
143431.4674, 6394365.5398, 33.0342, 434.4140, 519.0851
143437.9344, 6394363.5804, 37.4422, 832.6573, 242.6751
143439.3452, 6394367.6059, 34.7154, 799.8853, 416.6565
143436.6054, 6394357.4483, 34.7983, 959.8561, 409.4198
143436.3903, 6394359.6133, 37.0092, 855.8911, 244.1467
143440.4234, 6394357.9657, 34.6575, 1188.1450, 415.9397
143460.9856, 6394386.1688, 47.2380, 1135.8357, 48.8083
143435.9650, 6394357.5180, 34.4290, 909.1387, 441.7361
143425.2329, 6394361.0139, 33.5842, 3.1437, 524.6308
143430.7169, 6394361.9927, 32.9208, 425.7751, 547.7368
143432.4392, 6394367.0177, 33.3264, 473.1981, 494.2629
143429.9889, 6394361.0395, 32.9341, 382.3784, 556.5681
143429.9889, 6394361.0395, 32.9341, 382.3784, 556.5681
143429.8218, 6394362.5248, 32.7066, 357.1155, 562.0191
143438.9562, 6394355.9536, 33.0824, 1201.8550, 556.7319
143429.6249, 6394356.0465, 32.5869, 391.5674, 655.7356
143431.1966, 6394362.4611, 39.2519, 428.2301, 95.6881
143429.8218, 6394362.5248, 32.7066, 357.1155, 562.0191
143435.5422, 6394374.0323, 37.6011, 546.4684, 296.5521
143438.6360, 6394356.9590, 32.7292, 1126.4775, 577.0994
143426.5075, 6394357.5183, 33.2443, 63.5140, 584.1983
143426.4414, 6394357.5136, 33.2308, 55.8508, 585.3820
143428.3552, 6394361.0219, 32.6956, 249.9713, 582.4922
143426.2849, 6394357.5059, 33.2130, 37.9053, 588.5925
143451.0484, 6394369.4113, 43.4295, 1234.8311, 20.6078
143459.2028, 6394388.6017, 45.3386, 1053.6296, 113.9565
143426.8203, 6394360.0061, 38.5650, 110.1637, 110.5433
143435.6149, 6394374.0208, 37.5055, 537.0373, 284.8462
143433.3086, 6394361.9717, 39.2063, 583.0740, 98.4150
143432.3242, 6394376.4760, 37.0309, 377.8059, 313.6749
143434.5949, 6394359.4947, 38.4161, 734.8755, 127.4728
143426.6502, 6394359.4900, 39.2969, 68.5533, 20.4650
143434.6276, 6394359.5329, 38.2173, 736.0621, 143.5927
143432.3552, 6394376.4733, 36.9190, 379.5825, 317.8145
143431.4309, 6394360.9843, 38.1722, 466.5067, 156.0646
143431.7218, 6394360.5689, 38.1386, 495.0907, 154.2114
143461.2700, 6394390.9599, 47.1445, 1065.0040, 78.1829
143442.0746, 6394393.9997, 37.7196, 575.4604, 321.0843
143426.5167, 6394359.9928, 38.8994, 59.6828, 65.7349
143436.5068, 6394359.0664, 37.7479, 885.8640, 180.9258
143432.3914, 6394360.4840, 37.7683, 548.4158, 183.9117
143435.2242, 6394361.4322, 39.5845, 726.5775, 70.0765
143432.3914, 6394360.4840, 37.7683, 548.4158, 183.9117
143427.2893, 6394362.4900, 37.9018, 136.2829, 185.4343
143429.0398, 6394361.4904, 37.7281, 277.6184, 191.1896
143433.0940, 6394361.9523, 39.4591, 569.0295, 79.4247
143429.2864, 6394361.4848, 37.7483, 295.9921, 189.6442
143428.5365, 6394361.9957, 37.7236, 235.3296, 195.5327
143437.2499, 6394360.9642, 39.3731, 868.3372, 85.5343
143432.2846, 6394360.4811, 37.5923, 539.7916, 200.5135
143427.1467, 6394362.4980, 37.6806, 125.1529, 201.5490
143437.3948, 6394360.9570, 39.1325, 878.1213, 103.4881
143461.1369, 6394392.1045, 47.4060, 1044.2222, 78.9258
143456.2321, 6394388.0502, 41.3709, 993.1712, 214.3884
143436.5738, 6394359.0068, 38.2675, 891.0750, 138.4984
143427.4375, 6394362.0016, 37.4114, 148.7518, 218.2593
143461.0330, 6394391.1402, 47.0621, 1054.9615, 81.3310
143437.2273, 6394358.9031, 35.6839, 944.1556, 337.2090
143437.0408, 6394358.9080, 35.6612, 931.9479, 341.1005
143432.4172, 6394363.0135, 37.4040, 507.7775, 234.7413
143437.0408, 6394358.9080, 35.6612, 931.9479, 341.1005
143429.2099, 6394366.9947, 37.7187, 264.5930, 237.8264
143436.3896, 6394359.6197, 36.8122, 856.4956, 260.4627
143436.5656, 6394359.5390, 36.7618, 872.8674, 262.9078
143445.4490, 6394365.1248, 36.5977, 1155.9928, 304.2559
143437.2571, 6394360.9602, 39.2029, 871.6353, 96.1779
143436.4267, 6394359.5908, 36.0380, 860.5815, 316.4676
143428.6088, 6394365.4899, 36.1620, 234.9009, 328.0585
143436.5004, 6394360.1140, 35.9421, 846.7720, 332.5707
143436.4445, 6394359.5822, 35.7034, 861.9941, 342.3217
143426.8963, 6394360.0030, 37.9004, 118.6426, 166.3731
143434.5007, 6394359.5140, 38.5119, 726.8615, 119.5584
143432.1887, 6394360.4802, 38.4521, 532.6868, 129.8345
143429.9629, 6394369.5036, 37.2719, 298.2807, 277.3166
143430.3197, 6394360.9839, 38.4026, 381.0443, 135.3398
143432.1991, 6394375.9732, 35.6045, 376.8443, 373.3314
143437.3806, 6394378.5153, 37.5616, 561.5018, 295.6605
143432.1991, 6394375.9732, 35.6045, 376.8443, 373.3314
143437.6924, 6394379.5158, 37.5538, 562.9679, 298.6797
143431.2173, 6394363.9994, 35.2261, 422.2674, 388.0642
143438.2080, 6394364.5707, 34.9812, 821.7785, 394.5100
143438.7915, 6394383.5456, 37.6359, 554.2816, 280.0862
143440.9982, 6394372.6096, 34.7189, 780.7192, 408.1498
143436.5570, 6394357.4509, 34.6315, 954.9772, 423.1511
143436.3646, 6394359.9619, 33.3250, 844.3393, 516.1215
143426.4533, 6394359.9976, 33.5360, 71.3438, 531.9387
143435.5002, 6394357.5321, 33.3331, 871.4628, 534.6844
143432.4096, 6394355.4603, 33.5993, 683.1674, 537.7839
143433.8737, 6394359.9510, 37.8488, 669.1390, 174.8365
143436.4211, 6394359.0852, 38.1760, 878.4053, 145.6771
143437.6157, 6394357.5821, 33.0255, 1017.0377, 550.9082
143436.2532, 6394357.4610, 35.4686, 933.4521, 353.6265
143436.2089, 6394357.4863, 35.4381, 927.8955, 355.8529
143430.4932, 6394361.0125, 37.8534, 394.5832, 179.0508
143432.9250, 6394363.5021, 32.6245, 545.7205, 549.7464
143432.8060, 6394360.4796, 37.8382, 578.7434, 179.2253
143426.9970, 6394359.0015, 33.0981, 115.9375, 578.6260
143426.5650, 6394357.5034, 33.0748, 67.3076, 600.7073
143434.0624, 6394355.5592, 32.4807, 837.6432, 643.0345
143431.8137, 6394360.9752, 37.8423, 495.9689, 182.3132
143432.0647, 6394360.4792, 37.7697, 523.8896, 183.3716
143429.8650, 6394361.4929, 38.2705, 340.8100, 150.4813
143429.8650, 6394361.4929, 38.2705, 340.8100, 150.4813
143431.5336, 6394360.9773, 38.2331, 473.9809, 151.3468
143428.4117, 6394361.5350, 38.1485, 227.2534, 157.2667
143431.1764, 6394360.9986, 37.7896, 449.4062, 184.9047
143436.4797, 6394359.0550, 37.9173, 883.6260, 165.5476
143436.1529, 6394359.4622, 37.9546, 847.2101, 167.3773
143436.3990, 6394359.0969, 37.9081, 875.5980, 167.0334
143460.9408, 6394392.1048, 46.9489, 1039.8353, 89.6133
143436.0779, 6394359.4730, 37.8984, 841.7964, 171.2582
143450.0000, 6394377.0938, 40.1583, 1011.1815, 204.2836
143437.1537, 6394358.9453, 35.6774, 938.3243, 339.8130
143460.8365, 6394393.0721, 46.8530, 1023.6128, 96.9339
143458.4148, 6394394.6212, 43.3694, 952.0612, 187.6035
143432.5436, 6394360.4925, 38.3202, 558.7437, 141.9753
143432.5436, 6394360.4925, 38.3202, 558.7437, 141.9753
143442.8859, 6394360.5795, 35.1365, 1208.5856, 379.4787
143430.5389, 6394361.0035, 38.2658, 398.1167, 147.1640
143436.5978, 6394358.9876, 38.1318, 894.2814, 149.4173
143433.9544, 6394372.4884, 35.3300, 482.9682, 383.4831
143429.7371, 6394361.4942, 38.1752, 331.0533, 158.1988
143432.1802, 6394360.4961, 37.9921, 532.0779, 166.1111
143432.1802, 6394360.4961, 37.9921, 532.0779, 166.1111
143427.4996, 6394361.9818, 37.9984, 151.4007, 171.3064
143446.6509, 6394365.5816, 38.3138, 1193.9071, 217.4224
143439.7897, 6394369.0243, 35.1551, 797.1861, 386.5296
143446.9441, 6394364.0770, 38.7554, 1261.9940, 184.8101
143428.7727, 6394361.4970, 37.7091, 256.1189, 191.8654
143427.8610, 6394362.0071, 37.4505, 185.3865, 216.3462
143451.8784, 6394369.9101, 43.7508, 1247.1302, 13.3196
143437.3415, 6394362.1049, 37.5723, 837.3469, 225.3151
143436.1008, 6394357.4536, 35.0693, 921.8105, 387.5023
143436.0146, 6394357.5003, 35.0518, 913.2404, 389.0818
143432.0854, 6394361.0043, 37.4003, 517.9564, 219.3942
143440.5349, 6394357.9737, 34.9518, 1194.5309, 394.1329
143436.1467, 6394357.4455, 34.9949, 925.6341, 393.2430
143432.0854, 6394361.0043, 37.4003, 517.9564, 219.3942
143434.1515, 6394365.4798, 37.6928, 576.3236, 234.9689
143428.0917, 6394363.4948, 37.3601, 199.3818, 235.7222
143439.6431, 6394369.0886, 34.8725, 789.0815, 400.3203
143445.9077, 6394362.9984, 37.4108, 1258.3480, 251.2084
143429.0070, 6394366.4994, 37.3447, 253.7388, 257.4109
143431.7105, 6394360.9873, 37.6796, 488.9059, 195.8647
143436.0605, 6394357.5253, 35.3403, 915.6926, 364.5877
143428.1710, 6394364.4941, 36.2201, 207.1593, 321.4650
143436.4081, 6394359.1167, 35.8992, 876.5056, 325.0470
143444.1431, 6394363.1325, 35.9974, 1169.0781, 330.5823
143432.6717, 6394361.0002, 37.3151, 559.5449, 226.5235
143431.7548, 6394360.9839, 37.6128, 492.0998, 200.9256
143430.4271, 6394370.9869, 35.8878, 318.0920, 354.4972
143436.3807, 6394359.1086, 35.4901, 876.0045, 356.7060
143437.5041, 6394362.5965, 35.5011, 835.6171, 361.5402
143427.8675, 6394362.4964, 35.5516, 189.2862, 362.7743
143428.5785, 6394365.9968, 35.2057, 231.5096, 390.0701
143426.5356, 6394359.4978, 39.3422, 56.9937, 15.4171
143429.0589, 6394366.9971, 35.1222, 260.2833, 394.5080
143436.2351, 6394359.1008, 34.1478, 865.1081, 459.9291
143432.5623, 6394355.4209, 33.7745, 699.1649, 520.7484
143438.0265, 6394357.5150, 32.9666, 1052.4502, 553.8273
143446.5251, 6394363.9935, 38.1141, 1248.2764, 216.6983
143431.4346, 6394362.5187, 32.6537, 467.4917, 559.9344
143436.1252, 6394357.4319, 34.9112, 924.7129, 400.4152
143438.7730, 6394356.9151, 32.7717, 1137.7273, 572.6736
143428.5461, 6394362.0065, 37.4934, 241.0566, 215.1742
143426.8091, 6394358.0111, 32.9191, 96.3604, 607.1339
143433.6875, 6394371.4754, 34.8924, 479.6594, 404.1730
143446.4742, 6394365.3966, 38.1454, 1192.2191, 225.2085
143436.4375, 6394357.4469, 34.7551, 948.3444, 413.8130
143431.9635, 6394361.0178, 37.3752, 508.3385, 221.5247
143436.0160, 6394357.5092, 34.6942, 913.8510, 418.6633
143436.4409, 6394357.4363, 34.6851, 945.2938, 419.0862
143436.4409, 6394357.4363, 34.6851, 945.2938, 419.0862
143436.3117, 6394357.4579, 34.6773, 937.3362, 420.1351
143428.6559, 6394362.0191, 37.3563, 249.9487, 226.8687
143436.3787, 6394357.4449, 34.6599, 942.2587, 421.2129
143436.2348, 6394357.4304, 34.6553, 933.1732, 422.0672
143429.8900, 6394369.5080, 37.3053, 294.3323, 275.5179
143435.5129, 6394372.5203, 37.5059, 549.5525, 279.3400
143454.9590, 6394387.1140, 40.3537, 976.2299, 239.0629
143435.5129, 6394372.5203, 37.5059, 572.9620, 324.4241
143462.8606, 6394392.8272, 48.4186, 1071.0948, 58.3831
143432.2740, 6394366.0023, 37.7387, 458.6640, 232.7098
143432.2740, 6394366.0023, 37.7387, 458.6640, 232.7098
143431.8187, 6394362.5304, 37.3766, 476.7837, 232.7374
143430.0842, 6394370.0072, 37.2721, 302.3608, 279.5360
143431.4709, 6394362.4839, 40.0791, 445.0164, 35.7359
143442.5866, 6394397.9900, 33.7199, 564.4395, 426.9365
143431.4709, 6394362.4839, 40.0791, 445.0164, 35.7359
143432.7354, 6394364.0123, 37.4260, 513.3926, 240.1750
143440.0698, 6394358.1612, 34.4128, 1153.1266, 438.2689
143436.3509, 6394357.4518, 34.5041, 940.8257, 434.7677
143436.3509, 6394357.4518, 34.5041, 940.8257, 434.7677
143448.2409, 6394375.5357, 37.7130, 985.4880, 288.5112
143462.8606, 6394392.8272, 48.4186, 1071.0948, 58.3831
143436.2133, 6394357.4504, 34.2917, 930.6835, 452.7166
143435.1671, 6394375.4472, 35.2242, 482.6263, 378.9448
143446.1239, 6394365.4767, 37.7111, 1175.8035, 246.7749
143436.5957, 6394359.5138, 36.9254, 876.3024, 245.7451
143426.7989, 6394359.9987, 38.8852, 99.9260, 76.0262
143433.5603, 6394358.4670, 33.8045, 690.2090, 496.1655
143432.9268, 6394357.9480, 33.8141, 656.9342, 499.9529
143437.1408, 6394379.0444, 37.5709, 546.4684, 296.5521
143432.5929, 6394357.9782, 33.7770, 629.4527, 503.2441
143432.5929, 6394357.9782, 33.7770, 629.4527, 503.2441
143432.7424, 6394356.0259, 33.9115, 695.5576, 503.0634
143431.3923, 6394362.4949, 39.2017, 441.1577, 98.2133
143433.5135, 6394367.9836, 33.0241, 518.9053, 504.5428
143434.7294, 6394359.3966, 38.6379, 747.9711, 108.3516
143431.6824, 6394366.4941, 33.1463, 437.5287, 507.2835
143434.5580, 6394359.9484, 38.6894, 718.0217, 111.6834
143432.7090, 6394357.9658, 33.7167, 638.7083, 507.9379
143438.0374, 6394381.0234, 37.5710, 560.3239, 301.6349
143434.9910, 6394359.4623, 38.3571, 764.7233, 132.6046
143428.5404, 6394365.4967, 37.0235, 231.2715, 273.2512
143433.5099, 6394367.9832, 32.8937, 518.9293, 511.2374
143438.0374, 6394381.0234, 37.5710, 560.3239, 301.6349
143432.4087, 6394355.4844, 33.8420, 684.0496, 514.1412
143432.2006, 6394355.5564, 33.8402, 662.5403, 514.7115
143436.1607, 6394359.4487, 37.7692, 845.8938, 187.4509
143428.9269, 6394366.9868, 40.7706, 242.5608, 51.2879
143431.5549, 6394366.4920, 33.0215, 430.8503, 515.2025
143428.9269, 6394366.9868, 40.7706, 242.5608, 51.2879
143426.5257, 6394359.9981, 33.6567, 76.3579, 522.2364
143447.9862, 6394373.6114, 37.6050, 1018.5331, 287.3949
143429.8534, 6394367.0158, 32.8313, 314.3680, 529.4449
143429.6138, 6394367.0155, 32.8125, 314.3680, 529.4449
143436.3920, 6394357.4461, 34.8678, 943.5951, 403.8601
143436.1063, 6394357.4415, 34.8566, 922.5502, 405.1332
143428.8780, 6394364.9875, 32.9565, 260.9294, 534.9011
143445.7324, 6394366.5294, 36.9784, 1123.0016, 289.0245
143442.2554, 6394393.5570, 37.6926, 583.1157, 320.9132
143448.0092, 6394375.6273, 37.6131, 975.9373, 293.1761
143428.4317, 6394364.4930, 36.4829, 224.6302, 302.5800
143427.6639, 6394361.0059, 33.2579, 179.2733, 543.9681
143427.6026, 6394361.0071, 33.2569, 179.2733, 543.9681
143431.6953, 6394355.5234, 33.5701, 618.4152, 542.8909
143438.3209, 6394357.4536, 33.0333, 1072.3662, 548.6509
143432.3277, 6394363.0342, 32.6638, 516.9410, 552.4580
143430.4739, 6394361.5117, 32.8933, 406.5678, 555.6459
143429.5729, 6394362.0317, 32.7284, 343.9021, 565.0671
143429.5729, 6394362.0317, 32.7284, 343.9021, 565.0671
143431.1336, 6394356.0489, 33.3118, 549.5346, 566.7696
143431.0094, 6394356.0672, 33.3058, 536.7480, 568.8522
143427.8646, 6394362.4963, 35.5636, 189.2862, 362.7743
143426.4753, 6394357.5203, 33.2763, 31.1198, 585.9157
143426.6042, 6394358.0081, 33.1880, 75.5881, 583.2698
143426.1341, 6394357.4807, 32.7664, 15.2874, 636.3260
143426.0730, 6394357.4741, 32.7569, 15.2874, 636.3260
143434.1622, 6394354.5213, 32.1036, 877.4108, 683.9459
143436.4241, 6394359.5909, 36.2616, 859.7366, 300.8232
143443.2152, 6394398.4951, 37.7713, 549.5525, 279.3400
143447.9138, 6394375.0265, 37.2255, 985.3824, 306.3565
143427.7584, 6394362.4985, 36.3962, 178.1125, 299.8527
143444.4706, 6394398.5183, 37.7043, 602.4903, 326.8166
143447.7952, 6394376.0715, 37.0455, 960.4330, 314.9557
143428.4482, 6394364.4889, 35.6045, 227.0291, 362.4766
143460.9017, 6394391.4575, 46.7781, 1048.1655, 90.1185
143438.1934, 6394364.0651, 36.0133, 833.6090, 332.6680
143435.4301, 6394385.4580, 35.6060, 440.6159, 377.2071
143429.1289, 6394366.9900, 36.2246, 264.1137, 328.5746
143439.7287, 6394369.0577, 34.4313, 793.2958, 423.0217
143435.4301, 6394385.4580, 35.6060, 440.6159, 377.2071
143435.9026, 6394357.5589, 35.2229, 900.9090, 373.9963
143440.5057, 6394357.9968, 34.9805, 1190.3890, 392.4616
143449.3748, 6394396.5942, 33.4279, 732.3088, 432.0176
143440.5057, 6394357.9968, 34.9805, 1190.3890, 392.4616
143436.4079, 6394357.4359, 34.2047, 946.0111, 459.8970
143436.5573, 6394357.4414, 34.1025, 956.4374, 468.0655
143460.5525, 6394391.5492, 46.3838, 1038.8578, 100.6060
143436.8666, 6394358.9364, 35.6743, 918.6899, 340.4137
143439.7959, 6394369.0215, 34.9101, 795.5248, 403.7930
143434.3164, 6394369.9729, 33.4354, 534.0673, 476.0130
143436.8666, 6394358.9364, 35.6743, 918.6899, 340.4137
143437.0409, 6394358.9079, 35.6621, 931.9479, 341.1005
143437.0409, 6394358.9079, 35.6621, 931.9479, 341.1005
143435.4324, 6394385.4607, 34.5079, 399.2268, 403.6766
143433.5720, 6394358.4748, 33.9617, 690.6479, 483.4244
143428.3822, 6394364.4947, 33.4740, 231.5796, 504.7311
143427.5025, 6394361.4968, 33.6556, 164.2291, 509.7499
143437.1065, 6394360.9632, 39.2860, 859.5992, 90.4908
143427.5025, 6394361.4968, 33.6556, 164.2291, 509.7499
143436.9820, 6394357.8573, 33.2245, 965.1097, 535.8637
143435.1976, 6394357.0676, 33.3350, 862.6500, 541.2545
143431.4441, 6394362.5178, 32.6628, 467.4917, 559.9344
143426.5540, 6394357.4968, 33.0275, 68.3478, 605.3029
143436.3987, 6394359.1040, 35.6777, 875.4136, 342.5511
143434.9721, 6394361.4650, 39.3307, 705.6946, 86.8789
143433.8462, 6394380.9884, 36.3484, 410.1126, 347.6018
143432.9115, 6394360.4781, 38.0506, 585.9472, 162.9280
143447.7768, 6394367.0135, 39.2858, 1192.9232, 179.1539
143437.6980, 6394366.0768, 33.2045, 758.8287, 493.6652
143428.2947, 6394362.0139, 37.4209, 216.9978, 218.6664
143446.4025, 6394364.5585, 37.8817, 1220.4615, 233.1706
143436.3585, 6394357.4780, 35.5563, 939.8593, 346.0618
143433.6564, 6394358.4264, 33.7516, 698.1037, 499.9622
143428.2422, 6394364.4973, 37.0274, 209.6110, 265.9072
143429.1938, 6394366.9864, 37.0116, 263.4321, 280.1798
143459.1353, 6394388.6502, 45.3222, 1050.1776, 113.2342
143431.6305, 6394366.4980, 33.2606, 434.8845, 501.3926
143436.2769, 6394357.5226, 35.5710, 931.7864, 344.2338
143445.8206, 6394365.0912, 36.8927, 1172.8275, 290.1942
143427.6040, 6394361.9950, 36.2521, 166.9466, 309.0203
143433.1631, 6394367.4700, 33.0719, 505.4428, 504.8236
143433.1459, 6394367.4693, 33.0148, 505.2942, 507.8773
143432.2283, 6394355.5494, 33.8683, 665.5310, 511.8920
143431.5641, 6394355.4813, 33.8331, 606.3338, 518.5656
143432.3470, 6394355.4977, 33.7413, 678.4236, 524.0052
143432.3470, 6394355.4977, 33.7413, 678.4236, 524.0052
143459.1353, 6394388.6502, 45.3222, 1050.1776, 113.2342
143430.1040, 6394360.5233, 32.9828, 396.2863, 556.5121
143437.5252, 6394360.9286, 39.2083, 888.0789, 97.4339
143429.9316, 6394369.4807, 36.3892, 299.1764, 326.0016
143433.6292, 6394361.9725, 39.1904, 605.2989, 98.6457
143434.0773, 6394354.9196, 32.0312, 852.0133, 688.5854
143436.3903, 6394357.4616, 35.5135, 942.6251, 349.4124
143436.0383, 6394357.5351, 35.4270, 913.6463, 357.3122
143430.3163, 6394360.4730, 34.9987, 399.2268, 403.6766
143430.5213, 6394357.5294, 32.5836, 457.0362, 623.6241
143436.2000, 6394357.4489, 35.3596, 928.9963, 362.2569
143439.2891, 6394367.6245, 35.3872, 804.2890, 373.3817
143440.5026, 6394358.0234, 35.0718, 1189.0051, 385.4178
143436.4732, 6394357.4444, 35.0894, 949.3056, 385.6184
143431.3605, 6394363.9747, 35.1686, 433.0957, 390.9261
143432.0078, 6394365.9661, 35.0842, 451.0684, 395.7752
143436.2920, 6394357.4403, 35.4302, 936.8807, 356.8507
143432.0078, 6394365.9661, 35.0842, 451.0684, 395.7752
143436.2920, 6394357.4403, 35.4302, 936.8807, 356.8507
143433.6347, 6394370.9610, 34.9966, 483.6796, 399.7726
143433.2115, 6394359.9606, 38.5463, 618.7454, 118.3144
143433.5407, 6394359.9681, 38.4793, 644.3365, 125.2403
143433.5407, 6394359.9681, 38.4793, 644.3365, 125.2403
143439.7640, 6394369.0420, 34.4261, 796.1614, 422.6129
143428.5662, 6394361.4773, 38.4938, 243.2300, 130.8823
143442.2647, 6394376.5802, 33.8129, 762.8069, 440.8269
143435.8916, 6394358.1207, 34.0910, 878.2375, 467.0639
143432.4463, 6394360.4697, 38.3933, 551.7154, 134.8466
143436.4851, 6394357.4753, 33.8714, 949.3105, 487.5988
143429.6322, 6394367.0027, 37.5633, 289.4688, 247.5538
143436.3933, 6394357.4451, 33.7582, 944.7917, 497.9894
143432.4463, 6394360.4697, 38.3933, 551.7154, 134.8466
143437.8570, 6394358.1133, 33.6323, 1009.2493, 498.9866
143432.2537, 6394360.4805, 38.3732, 537.8834, 135.7416
143429.7513, 6394368.9939, 35.4450, 292.5399, 376.6817
143434.5062, 6394359.5480, 38.3103, 726.8949, 136.0547
143427.5417, 6394361.9998, 35.3110, 162.9792, 381.5005
143435.6804, 6394359.6210, 33.1699, 813.2029, 532.0303
143438.3993, 6394369.0952, 32.7647, 734.2510, 504.7450
143432.2650, 6394357.0669, 32.7686, 623.8065, 607.7493
143436.5960, 6394358.9915, 38.2881, 893.6082, 136.6028
143432.2650, 6394357.0669, 32.7686, 623.8065, 607.7493
143431.0428, 6394360.9823, 38.3864, 436.8698, 139.1600
143431.0428, 6394360.9823, 38.3864, 436.8698, 139.1600
143427.4080, 6394361.4969, 38.2385, 144.3015, 148.0629
143432.2852, 6394366.9879, 33.0695, 465.4082, 508.3411
143434.8925, 6394359.5317, 38.1893, 755.2537, 146.1778
143432.6785, 6394366.9641, 33.0572, 487.7642, 508.5615
143435.2353, 6394359.4686, 38.1324, 782.3354, 150.9367
143437.6396, 6394366.5890, 32.7095, 746.6282, 517.8411
143432.3859, 6394355.4886, 33.7939, 681.2633, 519.0803
143435.0371, 6394359.5556, 38.1155, 765.8324, 152.7433
143435.0371, 6394359.5556, 38.1155, 765.8324, 152.7433
143434.7096, 6394359.9710, 38.1474, 730.0035, 154.0163
143434.7096, 6394359.9710, 38.1474, 730.0035, 154.0163
143436.4610, 6394359.0699, 37.8826, 879.6929, 170.6014
143433.8250, 6394359.9815, 38.1105, 665.5491, 155.4832
143427.6699, 6394362.0138, 37.1110, 169.2449, 241.6084
143439.0241, 6394355.6450, 33.2970, 1226.7762, 538.9117
143438.3712, 6394393.4647, 35.6204, 482.6263, 378.9448
143430.3154, 6394361.0267, 38.1300, 380.5598, 157.0818
143438.9610, 6394355.6928, 33.2810, 1220.6986, 540.3801
143430.3154, 6394361.0267, 38.1300, 380.5598, 157.0818
143436.7542, 6394358.9571, 36.0833, 908.2781, 309.4608
143427.0207, 6394360.0039, 35.1992, 118.1433, 386.3138
143427.4025, 6394361.5006, 34.3808, 155.5875, 450.4589
143428.0548, 6394362.4938, 32.9490, 235.2662, 551.2367
143437.2913, 6394357.5985, 32.7779, 1011.8243, 577.6587
143431.8357, 6394363.5109, 32.6593, 481.3157, 551.7828
143432.9990, 6394361.9619, 39.5612, 561.7914, 70.4185
143430.2328, 6394360.5125, 32.9801, 394.9097, 558.8247
143430.0837, 6394360.5233, 32.9550, 394.9097, 558.8247
143429.6886, 6394359.5353, 33.0206, 375.4755, 562.8447
143429.6886, 6394359.5353, 33.0206, 375.4755, 562.8447
143429.4093, 6394362.0187, 32.6995, 322.5189, 569.7698
143458.5398, 6394392.5592, 43.5670, 982.0048, 173.3379
143429.4093, 6394362.0187, 32.6995, 322.5189, 569.7698
143429.1871, 6394361.5306, 32.7250, 322.5189, 569.7698
143429.1871, 6394361.5306, 32.7250, 322.5189, 569.7698
143433.5522, 6394360.0435, 37.9826, 642.2618, 164.7917
143426.3325, 6394357.5110, 33.2580, 43.8171, 583.7272
143426.6067, 6394358.0077, 33.1838, 75.5881, 583.2698
143434.3774, 6394358.0016, 32.4572, 754.9378, 587.3717
143460.2682, 6394388.0765, 46.2367, 1087.0774, 85.5885
143431.7749, 6394360.5562, 37.9958, 500.3850, 165.4337
143434.3618, 6394357.0096, 32.4539, 806.3307, 623.3866
143429.0935, 6394363.4883, 39.3360, 270.4055, 104.2394
143435.4089, 6394359.4698, 38.4707, 792.5507, 126.1093
143434.9195, 6394359.6121, 37.9023, 755.2224, 170.2572
143436.3775, 6394359.5916, 33.6218, 860.6917, 497.3821
143434.9195, 6394359.6121, 37.9023, 755.2224, 170.2572
143436.1782, 6394357.4756, 33.6094, 925.9383, 510.8930
143430.6960, 6394360.9748, 37.9549, 411.2910, 170.9602
143431.5447, 6394364.0256, 32.7124, 456.9822, 544.9926
143430.6960, 6394360.9748, 37.9549, 411.2910, 170.9602
143432.6359, 6394364.5101, 32.6452, 517.4431, 543.0267
143432.0225, 6394355.5289, 33.5551, 646.0749, 540.6733
143436.3871, 6394357.4407, 35.0925, 943.5770, 385.0251
143430.2149, 6394361.4946, 37.9628, 368.1943, 174.8913
143430.2149, 6394361.4946, 37.9628, 368.1943, 174.8913
143429.9402, 6394361.4918, 37.9342, 347.0024, 176.1615
143429.9402, 6394361.4918, 37.9342, 347.0024, 176.1615
143429.1637, 6394361.4950, 37.8468, 286.7140, 181.8607
143436.1763, 6394357.4549, 35.0786, 927.6335, 386.5572
143436.2067, 6394357.4551, 35.0373, 929.4103, 390.1544
143429.4011, 6394361.4927, 37.8542, 305.1247, 181.8777
143429.4011, 6394361.4927, 37.8542, 305.1247, 181.8777
143428.6269, 6394361.4967, 37.7791, 244.4032, 186.7829
143428.6269, 6394361.4967, 37.7791, 244.4032, 186.7829
143428.4401, 6394361.9914, 37.8178, 227.6101, 187.7913
143439.7039, 6394369.0626, 34.9520, 793.0231, 396.2928
143436.5580, 6394357.4581, 34.9890, 956.1368, 393.3301
143436.5095, 6394357.4682, 34.9745, 951.4813, 395.1281
143436.0005, 6394357.4970, 34.7806, 910.7957, 412.2659
143446.4666, 6394363.5988, 38.1655, 1259.0498, 212.7856
143427.7903, 6394361.4847, 33.0432, 195.4933, 553.6926
143431.1349, 6394356.0083, 32.8631, 555.9332, 607.4156
143440.8205, 6394372.5929, 37.5013, 779.6597, 276.4890
143432.5377, 6394361.0380, 37.2947, 548.9615, 227.5776
143436.1643, 6394357.4608, 34.7432, 926.5476, 414.8505
143436.1643, 6394357.4608, 34.7432, 926.5476, 414.8505
143435.0770, 6394380.5077, 37.6365, 458.6315, 290.7456
143432.5224, 6394363.0205, 37.4203, 515.2290, 233.8209
143432.2480, 6394363.0383, 37.4012, 496.4676, 234.9862
143439.5899, 6394369.1179, 34.4267, 785.9630, 426.0469
143436.0722, 6394357.4788, 34.6903, 919.4855, 419.2935
143432.2480, 6394363.0383, 37.4012, 496.4676, 234.9862
143439.6496, 6394369.0935, 34.3887, 790.2075, 419.9312
143431.6154, 6394365.9847, 37.6661, 418.9323, 237.1441
143437.6583, 6394363.1261, 37.4757, 830.2045, 236.8859
143428.5597, 6394364.9817, 37.4993, 231.2280, 238.7221
143432.4600, 6394364.5583, 37.5102, 488.5284, 237.9426
143428.7222, 6394365.4839, 37.4965, 240.2863, 242.1753
143428.7222, 6394365.4839, 37.4965, 240.2863, 242.1753
143436.3953, 6394359.5918, 34.3239, 859.4675, 440.4831
143451.5262, 6394372.0210, 44.5226, 1175.0677, 3.6145
143436.2185, 6394357.4489, 34.3792, 930.0684, 444.4266
143430.1064, 6394366.5083, 37.5655, 322.5343, 244.7843
143436.3178, 6394357.4349, 34.1262, 938.9112, 467.1488
143436.5244, 6394357.4594, 34.0857, 953.6291, 469.5674
143436.4590, 6394357.4354, 34.0794, 950.5087, 470.5624
143435.8064, 6394357.5946, 34.0297, 892.3838, 472.5464
143429.2387, 6394367.0014, 37.5273, 267.1621, 249.3666
143433.9558, 6394368.4375, 33.0695, 536.7053, 499.9517
143428.7406, 6394365.4924, 33.4441, 249.5491, 501.1323
143431.6125, 6394366.4965, 33.1969, 433.8641, 505.0840
143428.0626, 6394363.9893, 37.0588, 231.2715, 273.2512
143431.6125, 6394366.4965, 33.1969, 433.8641, 505.0840
143445.8971, 6394365.5841, 37.3640, 1162.4347, 264.9641
143431.8635, 6394366.4902, 33.1820, 448.0292, 505.4225
143432.3336, 6394355.5170, 33.9183, 676.1880, 507.1787
143432.5970, 6394356.0739, 33.8645, 681.9984, 507.4554
143432.5970, 6394356.0739, 33.8645, 681.9984, 507.4554
143431.5628, 6394366.5002, 33.1346, 431.3490, 508.6205
143428.2835, 6394364.4913, 36.9068, 211.9783, 273.1982
143431.5628, 6394366.5002, 33.1346, 431.3490, 508.6205
143432.7465, 6394356.0201, 33.8514, 696.5065, 508.4597
143431.6093, 6394366.4877, 33.0787, 433.7397, 511.5305
143431.6093, 6394366.4877, 33.0787, 433.7397, 511.5305
143446.0028, 6394366.0587, 37.0878, 1151.1927, 281.0323
143426.5456, 6394360.0047, 33.7433, 76.8934, 514.5349
143437.3245, 6394365.6051, 32.8640, 750.6929, 514.4864
143437.3245, 6394365.6051, 32.8640, 750.6929, 514.4864
143431.5622, 6394355.5028, 33.8624, 605.8843, 515.5707
143431.5622, 6394355.5028, 33.8624, 605.8843, 515.5707
143447.9471, 6394375.1130, 37.4195, 984.3275, 298.5168
143431.9517, 6394355.5097, 33.8368, 641.9907, 516.3472
143447.8373, 6394374.6115, 37.3155, 991.8654, 301.1757
143447.7585, 6394375.1171, 37.2688, 977.7741, 305.7355
143426.7450, 6394359.4916, 39.3233, 77.3858, 18.5684
143447.6038, 6394373.5311, 36.5850, 1010.9439, 324.6576
143436.8127, 6394358.9403, 35.5975, 914.6794, 346.3186
143436.1185, 6394357.4937, 35.3581, 921.1351, 362.5170
143437.3589, 6394360.9467, 39.4232, 876.1206, 82.1890
143431.0400, 6394362.4792, 39.3059, 416.9099, 90.9788
143436.3603, 6394357.4471, 35.2679, 941.1927, 370.1979
143426.4406, 6394359.4731, 39.2429, 49.4123, 23.9579
143436.3603, 6394357.4471, 35.2679, 941.1927, 370.1979
143459.1636, 6394388.0688, 45.1305, 1060.1345, 114.8830
143433.8897, 6394380.9822, 35.5657, 368.4860, 363.1442
143437.2057, 6394360.9601, 39.0839, 867.7637, 104.0330
143432.0207, 6394375.9764, 35.4671, 368.8674, 378.3674
143436.3345, 6394358.9622, 38.6575, 876.1309, 108.1132
143433.0771, 6394378.9717, 35.4910, 391.7905, 378.2078
143433.0771, 6394378.9717, 35.4910, 403.9406, 382.1337
143435.5901, 6394359.4755, 38.5362, 806.5596, 119.6101
143435.5901, 6394359.4755, 38.5362, 806.5596, 119.6101
143433.4609, 6394379.9666, 35.4280, 403.9406, 382.1337
143432.1308, 6394366.4748, 35.1952, 451.8561, 388.9154
143434.4462, 6394359.9562, 38.5519, 710.8103, 122.4352
143434.7316, 6394359.4454, 38.4755, 746.2984, 122.2354
143434.7316, 6394359.4454, 38.4755, 746.2984, 122.2354
143432.0746, 6394360.4714, 38.4905, 524.0446, 126.2406
143434.4122, 6394359.5664, 38.4112, 719.1862, 127.8978
143430.4193, 6394360.9785, 38.4703, 388.2752, 130.2671
143432.7258, 6394360.4749, 38.4756, 572.6411, 129.6023
143432.7258, 6394360.4749, 38.4756, 572.6411, 129.6023
143439.6783, 6394369.0735, 35.0900, 791.3305, 390.2872
143436.2740, 6394357.4174, 35.0601, 936.2723, 387.7674
143436.2882, 6394359.0456, 38.3478, 872.2018, 133.3878
143436.0498, 6394357.4728, 34.8805, 917.3602, 404.3258
143430.9572, 6394362.4609, 34.8956, 423.2843, 409.5943
143430.9572, 6394362.4609, 34.8956, 423.2843, 409.5943
143430.8474, 6394362.4786, 34.8114, 416.1528, 415.6764
143436.3333, 6394357.4452, 34.7608, 940.8346, 413.4233
143440.2346, 6394358.5015, 34.4536, 1147.2458, 434.8734
143436.1508, 6394357.4267, 34.5454, 927.3944, 430.8655
143440.1769, 6394358.5399, 34.3496, 1147.2458, 434.8734
143439.9473, 6394358.1704, 34.2539, 1146.9199, 447.5013
143436.1240, 6394357.4393, 34.3346, 924.5759, 448.0968
143436.0342, 6394357.4811, 34.2846, 916.3163, 450.4268
143436.3785, 6394359.5981, 33.9178, 858.6097, 474.8115
143436.2614, 6394357.4494, 33.9746, 933.4958, 479.2915
143436.3933, 6394359.0071, 38.2619, 879.1848, 139.4560
143434.8993, 6394359.5274, 38.1988, 755.2537, 146.1778
143433.0950, 6394367.4967, 33.2318, 502.5087, 495.9638
143435.1368, 6394359.5143, 38.1900, 774.1974, 147.8141
143431.6244, 6394360.9768, 38.2219, 481.4031, 152.7584
143434.4677, 6394359.9626, 38.1580, 712.7927, 152.7440
143434.4677, 6394359.9626, 38.1580, 712.7927, 152.7440
143429.5149, 6394361.4827, 38.1992, 313.2668, 155.1779
143432.4906, 6394366.9888, 33.0670, 476.3692, 508.1432
143433.2233, 6394360.0734, 38.0796, 618.8743, 156.9325
143433.2498, 6394367.4460, 33.0225, 511.4191, 507.5432
143433.2233, 6394360.0734, 38.0796, 618.8743, 156.9325
143432.1510, 6394355.5768, 33.8949, 657.1374, 509.6165
143435.8656, 6394359.5782, 33.2907, 819.1536, 521.4066
143431.8862, 6394360.5155, 38.1000, 509.5057, 157.0794
143433.4874, 6394367.9781, 32.6936, 518.1257, 521.2945
143431.5293, 6394360.9937, 38.1221, 474.3453, 160.0207
143431.7530, 6394360.9838, 38.1273, 490.7986, 160.8777
143432.3563, 6394360.4810, 38.0588, 545.3716, 160.6723
143426.4632, 6394359.9962, 33.3505, 71.5777, 549.3339
143427.8157, 6394361.4939, 33.1389, 201.9218, 547.8303
143432.3563, 6394360.4810, 38.0588, 545.3716, 160.6723
143426.2459, 6394359.9874, 33.3381, 52.3389, 551.0952
143427.4085, 6394360.5053, 33.2152, 158.6740, 552.7682
143431.7661, 6394355.4950, 33.5095, 625.9703, 548.5881
143427.9276, 6394361.9989, 32.9978, 143.8360, 562.9381
143431.6342, 6394361.0007, 38.0595, 482.1465, 164.8403
143431.3167, 6394363.0316, 32.7018, 453.0043, 553.2402
143461.6279, 6394390.9561, 47.7108, 1072.6672, 64.0482
143429.4942, 6394361.4928, 37.9711, 312.5518, 172.7943
143429.8023, 6394362.0148, 32.6842, 328.5941, 574.9235
143429.8037, 6394362.0146, 32.6841, 328.5941, 574.9235
143428.4360, 6394362.0006, 37.9766, 227.0229, 175.8139
143429.4180, 6394361.5177, 32.6826, 375.4755, 562.8447
143426.5341, 6394357.5167, 33.1950, 66.0642, 588.3573
143427.7291, 6394360.0277, 32.7265, 285.3908, 574.3884
143426.7724, 6394358.0137, 32.9927, 93.1951, 600.4905
143434.5398, 6394356.4984, 32.4355, 840.4554, 630.6203
143461.3407, 6394391.0211, 47.4626, 1065.0955, 70.6711
143458.1692, 6394394.6056, 42.9433, 946.7405, 196.4886
143428.3349, 6394361.9927, 37.8780, 219.6877, 183.2709
143446.8619, 6394364.0303, 38.5419, 1259.9426, 196.8663
143428.5784, 6394361.5209, 37.5308, 238.3213, 206.3746
143449.7742, 6394375.0220, 39.5549, 1047.4231, 217.7753
143446.8931, 6394365.3938, 38.2634, 1211.2159, 218.5564
143455.5931, 6394388.5716, 40.7098, 970.7269, 233.0583
143436.3703, 6394359.6310, 37.1758, 854.4266, 231.9802
143454.6692, 6394386.0666, 40.1384, 984.5738, 241.9609
143432.7760, 6394363.5027, 37.4340, 522.3718, 235.8704
143437.8495, 6394363.6127, 37.5141, 830.2045, 236.8859
143447.1394, 6394369.1350, 38.1291, 1101.8464, 245.9473
143447.1394, 6394369.1350, 38.1291, 1101.8464, 245.9473
143428.2885, 6394364.4868, 36.8907, 211.9783, 273.1982
143460.8709, 6394390.1292, 46.8247, 1067.5907, 81.6807
143437.4081, 6394378.9964, 37.5473, 557.0772, 297.3142
143437.2292, 6394360.9111, 39.6207, 869.1265, 67.3749
143430.0938, 6394369.4805, 36.5752, 307.7554, 315.2695
143443.5200, 6394398.5010, 37.7726, 580.3161, 324.4876
143443.5200, 6394398.5010, 37.7726, 580.3161, 324.4876
143437.0201, 6394358.9482, 35.9343, 927.8474, 320.0615
143436.8315, 6394358.9655, 35.8896, 917.3543, 322.4273
143437.3962, 6394360.9392, 39.6066, 878.7638, 69.8877
143437.5057, 6394362.5982, 35.7660, 834.2411, 343.7416
143437.1856, 6394360.9420, 39.5838, 864.9136, 70.8588
143436.4350, 6394361.0482, 39.5631, 813.2826, 70.3997
143436.6959, 6394360.9292, 39.5513, 832.9092, 71.1176
143439.1039, 6394367.6121, 35.8087, 794.9770, 351.8096
143436.3779, 6394357.4696, 35.4813, 941.5278, 352.1832
143427.5343, 6394361.9988, 35.5618, 162.6982, 361.9863
143427.5343, 6394361.9988, 35.5618, 163.2622, 362.6811
143435.9092, 6394361.4449, 39.5129, 769.0345, 77.5986
143436.2974, 6394357.4478, 34.9006, 936.9048, 401.3145
143436.4506, 6394357.4220, 34.8430, 949.3077, 405.7245
143436.1726, 6394357.4398, 34.8328, 928.2961, 406.9309
143440.1803, 6394358.1529, 34.7035, 1161.9650, 413.3866
143459.6478, 6394388.3677, 45.9594, 1068.2312, 93.4565
143436.2610, 6394357.4582, 34.4552, 934.1174, 439.2254
143436.3817, 6394357.4538, 34.3913, 943.2166, 444.2997
143436.3817, 6394357.4538, 34.3913, 943.2166, 444.2997
143433.3109, 6394361.9860, 39.4775, 582.4634, 79.1273
143432.7464, 6394367.5073, 33.2994, 485.1953, 493.7527
143438.8711, 6394357.3907, 33.5814, 1114.7704, 502.9334
143437.5182, 6394366.9811, 32.5819, 732.9571, 523.2396
143427.4125, 6394361.0122, 33.3468, 158.1195, 536.1243
143431.1834, 6394356.0549, 33.5562, 560.2208, 545.0513
143427.5897, 6394360.9995, 33.1743, 173.3349, 551.1650
143426.3942, 6394357.5070, 33.1956, 51.2906, 589.2487
143462.1149, 6394392.4265, 48.2977, 1060.4598, 58.7822
143460.5554, 6394387.4505, 46.5701, 1103.5930, 73.3424
143436.9915, 6394360.9429, 39.5647, 853.2782, 70.9675
143435.5945, 6394361.4595, 39.5732, 748.4084, 72.8003
143435.0723, 6394361.5002, 39.5445, 712.4536, 73.6435
143435.0723, 6394361.5002, 39.5445, 712.4536, 73.6435
143433.0857, 6394361.9564, 39.4507, 567.6782, 79.9288
143427.6184, 6394363.9788, 39.5102, 176.2298, 100.5466
143427.6184, 6394363.9788, 39.5102, 176.2298, 100.5466
143459.5015, 6394388.0403, 45.4394, 1070.2271, 105.5162
143437.3872, 6394360.9340, 39.2558, 879.6498, 93.6830
143437.3872, 6394360.9340, 39.2558, 879.6498, 93.6830
143431.3200, 6394362.5323, 39.0755, 436.1386, 107.3198
143435.2350, 6394359.4562, 38.5019, 782.2652, 121.3770
143434.3347, 6394359.6131, 38.3070, 712.4415, 136.6531
143430.7364, 6394361.0004, 38.3311, 413.3022, 142.2704
143430.7364, 6394361.0004, 38.3311, 413.3022, 142.2704
143435.5826, 6394359.4744, 38.1887, 807.0103, 148.0645
143432.9099, 6394360.4925, 38.2521, 586.1018, 147.8750
143432.9099, 6394360.4925, 38.2521, 586.1018, 147.8750
143434.1610, 6394359.9688, 38.1543, 690.4252, 152.1151
143434.1610, 6394359.9688, 38.1543, 690.4252, 152.1151
143433.5260, 6394359.9714, 38.1125, 643.6512, 154.1311
143433.5260, 6394359.9714, 38.1125, 643.6512, 154.1311
143428.8302, 6394361.4953, 38.1585, 260.1707, 158.1423
143428.0995, 6394361.9984, 38.1876, 196.1549, 162.3182
143428.0995, 6394361.9984, 38.1876, 196.1549, 162.3182
143428.6741, 6394361.4944, 38.1376, 247.6022, 158.3262
143428.6741, 6394361.4944, 38.1376, 247.6022, 158.3262
143436.3231, 6394359.1433, 38.0281, 871.8074, 159.5630
143436.7743, 6394358.8987, 38.0107, 910.8803, 157.5162
143436.7743, 6394358.8987, 38.0107, 910.8803, 157.5162
143430.4221, 6394361.0050, 38.0533, 389.2749, 163.0766
143431.0106, 6394360.9778, 38.0159, 435.3001, 167.5064
143455.9142, 6394385.6367, 41.9585, 1023.7034, 187.8511
143450.8220, 6394368.8842, 43.2312, 1242.9419, 24.0714
143432.1726, 6394360.4830, 37.7534, 531.7923, 185.4915
143456.8611, 6394389.1594, 42.0314, 992.0884, 199.8020
143449.7997, 6394377.0757, 39.7874, 1004.5685, 219.8546
143427.0235, 6394360.5025, 37.3093, 113.4309, 212.2584
143427.0235, 6394360.5025, 37.3093, 113.4309, 212.2584
143446.2905, 6394363.5234, 37.9567, 1254.3734, 223.2300
143455.0797, 6394387.0156, 40.6173, 980.6094, 231.1501
143431.8402, 6394361.0495, 37.3399, 498.8939, 223.4003
143427.0147, 6394360.0062, 37.1054, 111.9391, 224.5605
143427.6450, 6394361.9916, 37.3394, 166.7383, 223.9951
143432.7906, 6394361.5312, 37.2955, 559.3873, 231.5457
143432.2774, 6394365.9859, 37.6662, 459.2937, 237.4492
143445.5273, 6394363.5936, 37.0288, 1216.2848, 275.0979
143445.5273, 6394363.5936, 37.0288, 1216.2848, 275.0979
143445.0345, 6394362.6138, 36.7208, 1232.8845, 287.1882
143447.9900, 6394374.5875, 37.4578, 997.6984, 295.0530
143427.5003, 6394361.9920, 36.3199, 157.6210, 303.7878
143426.5932, 6394359.4938, 39.1866, 63.4496, 31.2284
143429.0252, 6394366.9971, 36.1320, 269.8998, 338.4614
143438.0765, 6394364.1204, 35.9787, 824.7807, 334.5672
143442.8909, 6394360.1019, 35.4117, 1233.0067, 360.0861
143460.9392, 6394390.1481, 46.9846, 1069.7250, 77.5705
143460.9765, 6394392.0512, 47.0767, 1041.2789, 86.4955
143460.7602, 6394391.4747, 46.4209, 1045.6816, 101.0030
143437.1541, 6394360.9657, 39.3691, 862.7465, 85.8522
143431.1873, 6394362.4492, 39.3209, 427.5146, 89.8736
143460.6271, 6394391.4065, 45.8984, 1042.9495, 113.6571
143427.0446, 6394360.4911, 38.4964, 130.2750, 123.6351
143427.0446, 6394360.4911, 38.4964, 130.2750, 123.6351
143431.1032, 6394362.4982, 38.9881, 421.5819, 113.6438
143434.4865, 6394359.5455, 38.3693, 724.1195, 131.3473
143430.7624, 6394360.9652, 38.2114, 416.1317, 151.1033
143430.7624, 6394360.9652, 38.2114, 416.1317, 151.1033
143433.1578, 6394360.0931, 38.0786, 613.2390, 155.6253
143436.3057, 6394359.4724, 37.9179, 855.3654, 171.6290
143436.0893, 6394359.4664, 37.9053, 841.7964, 171.2582
143458.4031, 6394394.6261, 43.3812, 952.0612, 187.6035
143432.5449, 6394360.4789, 37.8474, 559.8579, 177.8831
143432.6819, 6394360.4696, 37.8188, 569.8962, 180.5965
143450.2085, 6394374.0943, 40.0037, 1082.5266, 196.3159
143432.2829, 6394360.4843, 37.7112, 540.2856, 188.4775
143432.2829, 6394360.4843, 37.7112, 540.2856, 188.4775
143431.2791, 6394360.9845, 37.7142, 456.2015, 191.6030
143432.3521, 6394360.4842, 37.6237, 545.0477, 195.9638
143433.3509, 6394360.5246, 37.3734, 620.2006, 219.5907
143456.0347, 6394389.1024, 40.9784, 973.6447, 227.2835
143427.2769, 6394361.9928, 37.4130, 136.9921, 217.6565
143428.8335, 6394365.9927, 37.5893, 245.4466, 237.6819
143432.5457, 6394364.0238, 37.4226, 501.1032, 240.9302
143450.1710, 6394369.0413, 43.3987, 1213.1304, 16.6442
143450.3134, 6394370.0581, 43.3509, 1187.4531, 30.2476
143426.5416, 6394359.4833, 39.2225, 56.9870, 26.9482
