143433.4257, 6394360.5090, 37.3924, 627.1778, 146.4884
143430.7872, 6394362.4878, 39.2452, 340.2577, 4.0960
143436.2826, 6394360.0655, 37.3911, 888.6367, 146.5603
143429.9998, 6394361.5123, 37.4590, 283.8013, 148.3039
143430.1704, 6394361.5219, 37.4626, 300.4579, 148.5775
143431.4760, 6394361.0422, 37.4122, 433.5971, 148.6177
143430.2673, 6394361.5162, 37.4585, 310.0045, 149.1238
143431.8484, 6394361.0288, 37.4145, 468.9750, 149.1427
143429.6992, 6394361.5296, 37.4295, 253.9494, 150.6944
143439.3270, 6394359.0797, 35.2911, 1182.4297, 330.7343
143430.1224, 6394361.5437, 37.3637, 295.9731, 158.3985
143427.6615, 6394362.4983, 35.6387, 55.9473, 333.0946
143436.4745, 6394360.1517, 37.3575, 900.2965, 151.5669
143431.8482, 6394361.0351, 37.3779, 468.9614, 152.7640
143431.4989, 6394361.0458, 37.3635, 435.8906, 153.4533
143431.5042, 6394361.5506, 37.3899, 427.0349, 159.2923
143431.4989, 6394361.0458, 37.3635, 435.8906, 153.4533
143428.6320, 6394362.0116, 37.6976, 143.1858, 130.1364
143430.3114, 6394361.5243, 37.4031, 314.4433, 154.7233
143428.4278, 6394362.0105, 37.6671, 122.4703, 132.4692
143429.9635, 6394361.5239, 37.3903, 280.4250, 155.0930
143428.0597, 6394362.4929, 37.6821, 85.8588, 138.6439
143429.9635, 6394361.5239, 37.3903, 280.4250, 155.0930
143427.6476, 6394362.4946, 37.6197, 44.1122, 143.5261
143431.9475, 6394361.5774, 37.3903, 466.9695, 160.6993
143436.0034, 6394360.0212, 37.4011, 867.7260, 144.1533
143437.0105, 6394361.1566, 37.5075, 897.2657, 155.1187
143427.9614, 6394362.5131, 37.4433, 77.1861, 161.5436
143430.3583, 6394361.5256, 37.3852, 319.0603, 156.5866
143428.7708, 6394362.0296, 37.3640, 158.8719, 163.1740
143431.7132, 6394361.5581, 37.3777, 446.1158, 161.0312
143429.9470, 6394361.5340, 37.3389, 278.9305, 160.2100
143436.0034, 6394360.0212, 37.4011, 867.7260, 144.1533
143431.1348, 6394361.5197, 37.3571, 393.3289, 161.0244
143430.2234, 6394361.5451, 37.3149, 306.0392, 163.3681
143437.0011, 6394358.9739, 37.0438, 1003.2385, 163.2932
143427.5753, 6394362.4964, 37.3946, 37.8693, 165.0654
143431.7584, 6394362.0369, 37.4490, 441.0941, 162.0500
143430.3532, 6394361.5387, 37.3074, 318.7534, 164.2875
143430.1153, 6394362.0351, 37.3465, 290.5712, 167.9199
143430.0251, 6394362.0221, 37.3381, 282.1321, 168.3120
143430.0251, 6394362.0221, 37.3381, 282.1321, 168.3120
143437.3320, 6394362.1150, 37.7319, 881.1135, 151.1149
143437.0240, 6394358.9497, 37.0922, 1006.3853, 158.2098
143428.5780, 6394362.0379, 37.3130, 139.6008, 167.8102
143436.7003, 6394364.4719, 37.9943, 756.8140, 161.1041
143431.6940, 6394362.5406, 37.4808, 426.6065, 166.6455
143431.1641, 6394366.4801, 38.1063, 332.7952, 167.9769
143427.9261, 6394362.5269, 37.3628, 74.0765, 169.3707
143429.7248, 6394362.0405, 37.3145, 253.2339, 170.1859
143429.7566, 6394366.9920, 38.0155, 225.8285, 178.3894
143431.6940, 6394362.5406, 37.4808, 426.6065, 166.6455
143432.1234, 6394362.0501, 37.3742, 473.2622, 169.7762
143430.6211, 6394362.9775, 37.5076, 326.6410, 168.5054
143430.0327, 6394362.0224, 37.3311, 282.8831, 168.9935
143428.0648, 6394362.5271, 37.3653, 88.0865, 169.4297
143432.6606, 6394361.5445, 37.2884, 531.5363, 171.1139
143429.8254, 6394362.0466, 37.3000, 262.9516, 171.8546
143436.9882, 6394358.9606, 36.9482, 1003.0867, 172.3778
143432.1292, 6394365.9675, 37.8877, 409.2180, 179.3732
143432.4535, 6394362.5341, 37.4213, 491.7249, 173.2406
143432.3718, 6394362.5340, 37.4179, 484.8618, 173.3782
143432.2475, 6394365.9960, 37.8997, 417.3283, 179.0017
143430.5227, 6394370.9817, 36.6971, 263.0762, 296.8519
143427.7105, 6394362.4978, 35.9855, 59.1371, 300.0834
143430.0841, 6394366.4976, 37.9872, 252.9335, 175.1689
143431.8569, 6394365.9848, 37.9194, 389.1598, 176.8469
143431.8569, 6394365.9848, 37.9194, 389.1598, 176.8469
143429.4262, 6394367.9915, 36.2914, 203.9985, 308.4083
143450.0573, 6394377.0589, 40.1707, 1036.5033, 172.7864
143433.5552, 6394379.9885, 36.5481, 364.7040, 334.1255
143449.7827, 6394374.0419, 39.5139, 1104.2662, 179.7882
143428.3041, 6394364.4908, 37.5102, 114.0681, 184.9677
143449.8962, 6394374.0705, 39.5878, 1107.5281, 176.8612
143436.5639, 6394359.5332, 36.9551, 937.9386, 179.7099
143431.4671, 6394366.0104, 37.8724, 360.4629, 180.0192
143428.3894, 6394364.4786, 37.5231, 121.5844, 183.8606
143456.6405, 6394387.0703, 41.9752, 1025.6635, 171.7628
143428.6057, 6394362.5336, 37.3404, 142.0950, 173.0155
143428.8068, 6394362.5405, 37.3136, 161.9216, 176.0354
143433.4837, 6394364.4486, 37.6569, 533.6234, 180.7413
143435.4307, 6394364.9682, 37.6882, 659.2343, 187.2201
143433.4837, 6394364.4486, 37.6569, 533.6234, 180.7413
143432.4727, 6394363.5190, 37.4360, 474.4415, 185.2059
143450.0573, 6394377.0589, 40.1707, 1036.5033, 172.7864
143440.9478, 6394389.0257, 37.6210, 559.2605, 312.6656
143433.4551, 6394364.4570, 37.7029, 531.2149, 177.2558
143437.8336, 6394363.6355, 37.5555, 859.3246, 185.2004
143433.5552, 6394379.9885, 36.5481, 364.7040, 334.1255
143433.4551, 6394364.4570, 37.7029, 531.2149, 177.2558
143432.2735, 6394363.5649, 37.4272, 457.7063, 186.2089
143432.5260, 6394363.0311, 37.4233, 487.9274, 180.0084
143433.0709, 6394364.5174, 37.4463, 502.3023, 197.1982
143432.1325, 6394365.9683, 37.8020, 409.7068, 185.6594
143428.2632, 6394364.5073, 37.3363, 111.2243, 199.7921
143436.5272, 6394359.5653, 36.8101, 933.6346, 193.8867
143438.1448, 6394363.5880, 37.3633, 881.7076, 199.3150
143429.2411, 6394367.0072, 37.5223, 188.7918, 213.7917
143455.4351, 6394385.6609, 41.2706, 1019.6975, 185.8974
143449.0264, 6394368.5980, 41.9665, 1249.4194, 5.4294
143431.6619, 6394366.0094, 37.5270, 375.8703, 205.6824
143428.2695, 6394364.5192, 37.2501, 112.1822, 207.2014
143429.5225, 6394367.0283, 37.3866, 210.4053, 224.0838
143449.8014, 6394377.1045, 39.7046, 1027.1046, 191.5856
143430.2510, 6394366.5063, 37.5200, 267.0512, 209.8810
143438.0107, 6394363.9763, 37.5112, 859.1058, 192.5059
143428.8476, 6394365.9930, 37.6284, 159.5406, 194.5906
143429.4167, 6394367.0133, 37.4925, 202.1348, 216.1791
143428.0842, 6394363.5237, 37.2318, 93.3735, 196.1201
143449.0264, 6394368.5980, 41.9665, 1249.4194, 5.4294
143449.7060, 6394374.9830, 39.4756, 1076.3081, 187.6830
143448.7104, 6394376.1480, 38.4071, 1012.8704, 238.6975
143427.5594, 6394362.4996, 36.5277, 40.8337, 248.3643
143439.0709, 6394358.8419, 35.2197, 1178.2765, 336.3825
143449.5399, 6394369.5691, 42.1718, 1234.3501, 9.8727
143438.8480, 6394366.6032, 35.6088, 830.4250, 339.6062
143438.9820, 6394358.9193, 35.1877, 1166.6931, 339.8847
143435.2034, 6394371.5297, 37.4662, 523.6688, 255.1178
143449.7060, 6394374.9830, 39.4756, 1076.3081, 187.6830
143454.6682, 6394384.5465, 40.7502, 1019.7606, 196.7385
143437.9493, 6394363.9712, 37.4345, 855.4609, 197.9682
143435.2034, 6394371.5297, 37.4662, 523.6688, 255.1178
143428.1312, 6394364.0169, 37.2704, 98.7252, 199.1533
143438.6050, 6394363.9270, 37.4052, 898.9694, 200.3710
143428.1966, 6394364.0285, 37.2379, 104.8953, 202.2058
143449.7060, 6394374.9830, 39.4756, 1076.3081, 187.6830
143430.7523, 6394366.5022, 37.5607, 304.1931, 207.3560
143428.8112, 6394365.9933, 37.6965, 156.3319, 189.2794
143436.1777, 6394374.5342, 37.5376, 532.3091, 267.9447
143437.9188, 6394363.0352, 37.4151, 886.9651, 188.9559
143430.8306, 6394366.5012, 37.5619, 309.9594, 207.3443
143428.1958, 6394364.5009, 36.1401, 110.5040, 300.2445
143436.5591, 6394360.1048, 36.7299, 910.5908, 208.6660
143446.1756, 6394365.4383, 37.6034, 1253.9010, 208.6811
143449.2275, 6394376.1037, 38.8410, 1031.7583, 220.6888
143439.8261, 6394368.5087, 36.2624, 829.9381, 306.7518
143437.1575, 6394358.9477, 35.3347, 1020.8441, 328.7733
143437.1575, 6394358.9477, 35.3347, 1020.8441, 328.7733
143428.6651, 6394365.9945, 37.2536, 146.2602, 223.3632
143430.6571, 6394366.5145, 37.4978, 297.2785, 211.9706
143436.5967, 6394359.5097, 36.5974, 942.5663, 213.4128
143428.4565, 6394365.0219, 37.2413, 128.9848, 213.8924
143438.3143, 6394365.1122, 35.6736, 843.9766, 330.2952
143438.2215, 6394364.0456, 36.9558, 871.2245, 233.6360
143437.1323, 6394361.6434, 35.6718, 889.6921, 314.6274
143436.9717, 6394359.0275, 35.4839, 1000.8734, 315.1383
143435.5025, 6394385.4556, 36.4976, 406.2292, 346.4291
143446.0348, 6394365.4538, 37.4903, 1246.5215, 215.5394
143438.2215, 6394364.0456, 36.9558, 871.2245, 233.6360
143449.7193, 6394377.1454, 39.7511, 1023.3259, 189.9109
143433.6112, 6394367.0130, 37.5062, 497.1212, 218.6245
143428.7999, 6394366.0178, 37.2835, 157.0170, 221.4024
143445.9790, 6394366.0017, 36.9642, 1220.7308, 250.9908
143429.4626, 6394367.9960, 37.4379, 202.6944, 229.1667
143436.6143, 6394360.0709, 36.4753, 917.1287, 231.6380
143445.9790, 6394366.0017, 36.9642, 1220.7308, 250.9908
143438.4641, 6394363.9503, 36.9058, 890.0743, 236.5303
143438.1433, 6394364.0749, 36.5612, 865.9361, 262.2754
143434.6035, 6394369.5179, 37.4959, 519.4890, 239.9906
143438.1433, 6394364.0749, 36.5612, 865.9361, 262.2754
143438.4167, 6394363.9576, 36.8541, 886.8954, 240.3009
143438.5690, 6394363.9326, 36.5578, 897.9419, 261.4884
143436.5778, 6394359.5153, 36.0334, 941.9124, 266.8963
143455.9671, 6394386.6168, 41.1857, 1016.6718, 193.3595
143433.5945, 6394370.5621, 37.5867, 446.8996, 241.5802
143429.2687, 6394363.4839, 39.2217, 194.4990, 22.0594
143429.2687, 6394363.4839, 39.2217, 194.4990, 22.0594
143431.7130, 6394360.9798, 38.5261, 452.9561, 39.8656
143434.3158, 6394360.0369, 38.4092, 719.7173, 41.5964
143434.3867, 6394360.0165, 38.3988, 726.8151, 42.4829
143446.2980, 6394365.4527, 37.8350, 1258.9895, 194.9415
143435.2867, 6394384.9599, 36.4058, 401.6823, 349.0633
143436.9841, 6394358.9823, 35.1159, 1005.0775, 350.2943
143436.1876, 6394375.0220, 37.4740, 526.7476, 273.4257
143433.5945, 6394370.5621, 37.5867, 446.8996, 241.5802
143437.0052, 6394358.9656, 36.2298, 1005.6041, 242.4371
143438.2463, 6394364.5784, 37.3707, 854.0245, 209.0611
143438.2463, 6394364.5784, 37.3707, 854.0245, 209.0611
143428.2097, 6394364.4952, 37.1762, 107.1514, 213.0850
143429.9944, 6394369.9812, 36.9359, 233.5551, 276.8910
143427.7153, 6394362.4977, 36.2046, 58.4886, 279.2172
143427.7153, 6394362.4977, 36.2046, 58.4886, 279.2172
143439.5216, 6394358.9423, 35.8335, 1204.9501, 279.9934
143428.2118, 6394364.4871, 37.0226, 108.0002, 225.9429
143429.9473, 6394369.4993, 37.4013, 230.9622, 244.0198
143439.5216, 6394358.9423, 35.8335, 1204.9501, 279.9934
143436.5833, 6394359.5155, 36.2473, 941.9046, 246.6587
143428.2118, 6394364.4871, 37.0226, 108.0002, 225.9429
143436.5090, 6394360.1276, 36.4987, 906.0169, 230.0593
143438.4457, 6394363.9521, 36.0636, 890.3037, 297.1716
143434.1278, 6394368.0298, 37.4435, 514.0837, 231.7592
143434.5226, 6394370.5088, 37.4815, 500.5855, 247.6446
143438.1259, 6394364.6140, 36.1028, 847.6112, 298.3685
143437.1807, 6394358.9116, 35.6435, 1024.2058, 298.7128
143434.1278, 6394368.0298, 37.4435, 514.0837, 231.7592
143436.5710, 6394359.5155, 36.3079, 940.7733, 240.9159
143431.9462, 6394371.5110, 37.5414, 342.4120, 250.0966
143427.4091, 6394362.4952, 36.5046, 25.4214, 250.4740
143459.6295, 6394386.6097, 45.7764, 1107.9357, 56.6604
143431.4750, 6394361.0125, 38.3023, 430.5342, 61.3502
143430.8291, 6394361.4943, 38.3165, 360.8586, 67.9311
143436.9124, 6394359.4043, 38.0852, 970.8115, 70.5132
143433.8187, 6394360.4718, 37.9718, 661.6566, 91.4600
143434.5683, 6394370.5092, 37.5466, 503.0038, 243.8860
143430.1913, 6394369.9993, 37.3454, 244.9783, 251.2738
143434.5683, 6394370.5092, 37.5466, 503.0038, 243.8860
143438.2581, 6394364.5551, 35.3944, 859.0357, 347.5167
143428.4065, 6394364.5032, 35.5275, 131.8046, 351.1625
143437.0273, 6394359.0235, 34.9718, 1006.6500, 364.2223
143431.5170, 6394373.9757, 36.7270, 303.8138, 307.9323
143427.6939, 6394362.4984, 35.8880, 57.9515, 309.3687
143445.8553, 6394366.0122, 36.8474, 1214.4941, 257.9401
143438.2572, 6394364.5419, 36.8076, 856.9159, 248.3930
143428.3498, 6394364.5024, 35.4875, 126.9889, 354.5813
143445.6754, 6394365.6076, 36.7992, 1222.9850, 258.2008
143438.2126, 6394364.5776, 35.2891, 855.6555, 354.9944
143437.0189, 6394359.0057, 35.0676, 1006.7571, 354.9775
143430.4770, 6394370.9961, 37.4343, 258.1100, 252.6926
143440.5176, 6394371.1051, 35.2786, 801.9393, 368.1628
143438.4094, 6394363.9501, 36.6605, 887.0321, 254.2044
143435.9375, 6394373.4836, 37.5332, 534.4254, 262.7376
143458.9549, 6394388.5923, 44.8913, 1055.4248, 95.4243
143431.0830, 6394361.4847, 37.8224, 387.1433, 116.0328
143431.1362, 6394361.4893, 37.7417, 392.4035, 123.9735
143431.3675, 6394361.0125, 37.5678, 423.1777, 132.6511
143430.3358, 6394361.5040, 37.5255, 316.5114, 142.6175
143430.0285, 6394361.5192, 37.4820, 286.4623, 146.2698
143431.6827, 6394361.0221, 37.4234, 453.5052, 147.7341
143430.1158, 6394361.5479, 37.3423, 295.3774, 160.5199
143432.6073, 6394376.9687, 35.8965, 342.4803, 357.3755
143431.8578, 6394365.9768, 38.0190, 389.0141, 169.4289
143430.5282, 6394371.5104, 37.3934, 258.9031, 258.4632
143428.2579, 6394364.5039, 35.4505, 119.0393, 357.8217
143437.1566, 6394358.9343, 35.0217, 1022.1001, 358.8273
143437.1566, 6394358.9343, 35.0217, 1022.1001, 358.8273
143442.4541, 6394392.4933, 37.6927, 573.5379, 317.4926
143427.6854, 6394362.5000, 35.7900, 57.6004, 318.6991
143437.1634, 6394358.9532, 35.4036, 1020.8969, 322.1657
143437.1634, 6394358.9532, 35.4036, 1020.8969, 322.1657
143437.2577, 6394358.8886, 35.3763, 1032.3059, 324.2834
143431.8578, 6394365.9768, 38.0190, 389.0141, 169.4289
143428.1665, 6394362.5341, 37.3401, 98.4573, 172.1456
143431.7398, 6394362.5417, 37.4170, 430.7730, 172.3691
143436.1320, 6394373.9776, 37.5271, 537.3712, 265.6484
143431.7398, 6394362.5417, 37.4170, 430.7730, 172.3691
143438.0779, 6394364.1038, 36.6139, 860.6795, 258.6953
143433.8355, 6394365.4839, 37.6645, 538.6179, 192.5520
143438.1997, 6394364.0516, 36.4927, 870.4526, 267.0381
143438.3777, 6394363.9564, 37.3354, 883.6144, 205.4759
143445.5058, 6394365.5085, 36.6707, 1219.0851, 265.3170
143427.8635, 6394362.5037, 36.3321, 72.9225, 267.1355
143436.5269, 6394360.1174, 36.0500, 908.8790, 270.9602
143439.5627, 6394358.8969, 35.9178, 1210.8284, 271.8332
143438.9505, 6394367.1017, 35.7728, 821.7844, 331.0145
143438.3947, 6394363.9532, 37.2927, 884.8838, 208.5509
143438.3947, 6394363.9532, 37.2927, 884.8838, 208.5509
143445.4517, 6394365.5583, 36.6476, 1214.3369, 267.0172
143440.7378, 6394372.0783, 35.4735, 790.2584, 359.8214
143438.9006, 6394366.5810, 35.5022, 834.2335, 346.2251
143436.3986, 6394375.0326, 37.4704, 536.4686, 273.6336
143431.6652, 6394371.5114, 37.5150, 326.1012, 251.5620
143436.2486, 6394375.0000, 37.5339, 529.7675, 270.4085
143439.9840, 6394368.4274, 36.7714, 839.5333, 276.6979
143431.6652, 6394371.5114, 37.5150, 326.1012, 251.5620
143439.9840, 6394368.4274, 36.7714, 839.5333, 276.6979
143437.0789, 6394359.0104, 35.4088, 1010.7766, 322.1303
143430.4139, 6394370.9992, 37.3876, 254.3388, 255.5061
143431.3481, 6394373.9839, 37.3205, 293.2161, 276.5281
143436.1689, 6394374.0036, 37.5904, 538.6905, 262.5995
143447.4955, 6394373.1458, 37.2087, 1045.2308, 276.5599
143431.3481, 6394373.9839, 37.3205, 293.2161, 276.5281
143438.1180, 6394364.1129, 36.3404, 863.4185, 278.4144
143436.5389, 6394360.1103, 35.8358, 910.6280, 290.4301
143431.3541, 6394363.9753, 35.1144, 385.2113, 378.0315
143437.1276, 6394358.9338, 34.7799, 1020.2018, 382.1214
143437.1276, 6394358.9338, 34.7799, 1020.2018, 382.1214
143437.1276, 6394358.9338, 34.7799, 1020.2018, 382.1214
143431.9507, 6394375.4701, 36.0138, 319.2759, 349.0123
143436.3500, 6394374.9908, 37.5585, 534.5762, 269.1648
143431.5644, 6394374.4797, 37.2825, 302.1212, 280.9510
143428.2767, 6394364.5148, 36.3516, 116.7697, 282.5894
143432.3817, 6394376.4735, 37.1406, 332.0847, 296.6049
143447.2823, 6394373.1592, 36.8207, 1036.9779, 294.3276
143447.5390, 6394373.6157, 37.0915, 1034.4270, 283.8284
143447.2823, 6394373.1592, 36.8207, 1036.9779, 294.3276
143447.5036, 6394373.5777, 36.7288, 1034.3888, 299.9675
143437.1112, 6394358.9572, 35.6728, 1015.8853, 296.2912
143447.5022, 6394373.6067, 37.0155, 1033.3278, 287.2088
143436.8546, 6394359.0136, 35.7496, 991.4269, 289.4637
143447.4173, 6394373.6316, 36.7981, 1029.6240, 297.0811
143431.3322, 6394373.4768, 36.7517, 296.5701, 304.6765
143439.8108, 6394368.5155, 36.4897, 828.6169, 293.5887
143436.8059, 6394359.0492, 35.6978, 985.5643, 294.7926
143437.1038, 6394358.9602, 35.6959, 1015.0598, 294.0844
143437.1038, 6394358.9602, 35.6959, 1015.0598, 294.0844
143447.4173, 6394373.6316, 36.7981, 1029.6240, 297.0811
143436.8190, 6394359.0363, 35.6425, 987.4596, 300.0337
143447.5655, 6394373.5423, 36.6195, 1037.7759, 304.7286
143438.2464, 6394364.5516, 35.9481, 857.4518, 308.7953
143436.6463, 6394359.4764, 35.5875, 950.3986, 308.6629
143437.2118, 6394358.9273, 35.5246, 1026.0927, 310.2838
143432.5517, 6394367.4546, 35.0046, 427.5558, 390.0927
143439.5169, 6394383.5342, 37.5974, 564.9413, 299.4662
143432.5517, 6394367.4546, 35.0046, 427.5558, 390.0927
143439.8159, 6394369.0216, 34.6408, 818.6086, 401.0188
143437.0337, 6394358.9349, 34.3537, 1013.2312, 423.3206
143436.9476, 6394359.0241, 34.9862, 1000.0400, 363.0092
143440.3972, 6394388.0738, 37.7412, 550.3748, 306.5950
143441.2492, 6394389.0389, 37.6138, 568.4690, 312.8279
143437.2665, 6394358.8920, 35.4740, 1032.6556, 314.8682
143428.1318, 6394363.9871, 35.8342, 105.2913, 323.1409
143439.1268, 6394383.5356, 37.5850, 551.0599, 300.0359
143440.7157, 6394387.5119, 37.6415, 565.8511, 308.4167
143438.6203, 6394366.1233, 35.6952, 831.2206, 332.5657
143432.9974, 6394378.4901, 36.6076, 349.5059, 327.9337
143437.6476, 6394363.1294, 35.4656, 868.9423, 337.7074
143427.6813, 6394362.4988, 35.5828, 58.2595, 338.3776
143439.1157, 6394383.0345, 37.5499, 555.8392, 299.8549
143437.1093, 6394358.9636, 35.6113, 1015.4806, 302.2717
143430.5006, 6394370.9803, 35.8496, 264.1183, 347.5618
143447.5646, 6394373.5682, 36.5389, 1037.1223, 308.4316
143436.9547, 6394359.0174, 35.0505, 1000.8644, 356.7934
143437.0400, 6394359.0150, 34.9735, 1008.1575, 364.0034
143437.0400, 6394359.0150, 34.9735, 1008.1575, 364.0034
143439.8675, 6394384.5144, 37.5798, 567.1271, 302.8600
143439.7650, 6394369.0470, 35.3322, 814.3116, 361.9677
143447.5646, 6394373.5682, 36.5389, 1037.1223, 308.4316
143439.7650, 6394369.0470, 35.3322, 814.3116, 361.9677
143439.8675, 6394384.5144, 37.5798, 567.1271, 302.8600
143437.2189, 6394358.9182, 35.5800, 1027.0859, 304.8669
143440.5746, 6394388.9864, 37.6691, 547.9431, 311.1342
143437.0244, 6394359.0274, 35.5157, 1005.1639, 312.0170
143440.5123, 6394386.5257, 37.6362, 568.7141, 306.1433
143436.3389, 6394359.0525, 33.8690, 950.1202, 472.5073
143436.3389, 6394359.0525, 33.8690, 950.1202, 472.5073
143428.7272, 6394365.5032, 33.5816, 166.3483, 506.0117
143436.3856, 6394361.5795, 33.2140, 842.4261, 519.6074
143433.7259, 6394360.0379, 33.2592, 682.4304, 539.5347
143433.7259, 6394360.0379, 33.2592, 682.4304, 539.5347
143433.7529, 6394360.5037, 33.1281, 669.5842, 548.1823
143432.4427, 6394360.5631, 33.2011, 550.3593, 548.8301
143432.4427, 6394360.5631, 33.2011, 550.3593, 548.8301
143427.2061, 6394362.4976, 33.3504, 21.3358, 551.5225
143433.4106, 6394365.0081, 32.6491, 531.4284, 557.3469
143436.1179, 6394363.5663, 32.5814, 756.3639, 558.5080
143432.4346, 6394363.5089, 32.6343, 486.8712, 574.4859
143439.8750, 6394389.4845, 37.7675, 521.7706, 309.3464
143430.4993, 6394370.9803, 35.8518, 264.0281, 347.4301
143427.9754, 6394363.5028, 35.5280, 91.1118, 347.7189
143431.2555, 6394363.9870, 35.2414, 376.6408, 367.9886
143437.0899, 6394358.9499, 34.8753, 1016.0342, 373.1001
143431.0505, 6394362.9736, 35.1419, 373.1164, 373.8407
143431.0505, 6394362.9736, 35.1419, 373.1164, 373.8407
143431.6811, 6394364.9698, 35.0957, 397.7984, 381.0204
143432.3607, 6394366.9540, 35.1145, 420.8426, 382.1958
143440.4401, 6394389.0241, 37.6738, 543.4117, 311.1126
143431.8867, 6394365.4553, 35.0592, 406.9316, 384.3067
143434.7281, 6394383.4689, 36.3294, 390.3722, 349.6511
143438.5940, 6394358.4612, 32.6024, 1169.3643, 584.3289
143441.9972, 6394390.4954, 37.6788, 577.8113, 313.8174
143437.1634, 6394358.9647, 35.4649, 1020.1373, 316.3380
143436.8166, 6394359.0011, 35.4650, 989.5172, 316.9423
143434.7281, 6394383.4689, 36.3294, 390.3722, 349.6511
143440.3480, 6394371.0781, 35.5090, 794.1998, 356.2515
143430.5752, 6394361.4741, 35.1820, 349.9220, 366.6259
143430.5752, 6394361.4741, 35.1820, 349.9220, 366.6259
143442.2057, 6394392.5538, 37.6933, 565.9410, 317.6826
143437.4216, 6394362.0871, 35.4199, 893.0540, 337.0409
143435.4803, 6394385.4628, 36.3731, 405.5697, 351.0056
143436.8867, 6394359.0027, 35.1090, 995.9362, 351.2281
143437.1451, 6394358.9402, 35.0791, 1020.7283, 353.3470
143428.3535, 6394364.5022, 35.4920, 127.2951, 354.1999
143437.0776, 6394358.9870, 35.0632, 1012.6143, 355.2108
143437.0776, 6394358.9870, 35.0632, 1012.6143, 355.2108
143440.9934, 6394372.6219, 34.7978, 791.0960, 393.9736
143442.2057, 6394392.5538, 37.6933, 565.9410, 317.6826
143436.6107, 6394359.4990, 35.4919, 946.5512, 317.8608
143437.0230, 6394359.0146, 35.4515, 1005.8721, 318.1109
143437.9712, 6394391.9554, 36.0934, 447.1709, 367.6202
143437.1545, 6394358.9388, 34.8731, 1021.9533, 373.1231
143433.1790, 6394360.5727, 34.9912, 610.8914, 376.0021
143433.5336, 6394360.4825, 34.8785, 645.6229, 385.5471
143433.5336, 6394360.4825, 34.8785, 645.6229, 385.5471
143436.8890, 6394359.0319, 34.7024, 995.3387, 390.4030
143437.1602, 6394358.9115, 34.6233, 1024.4093, 397.0345
143437.0376, 6394358.9953, 34.6172, 1009.7198, 398.0941
143441.0305, 6394372.6046, 34.6560, 793.3140, 400.8901
143433.7055, 6394360.4707, 34.7039, 661.7229, 401.4978
143436.1556, 6394386.9608, 36.8204, 419.1758, 337.3139
143441.1436, 6394373.1239, 34.5841, 787.5186, 404.5505
143430.5101, 6394371.4851, 35.2634, 263.8249, 383.2752
143437.2003, 6394358.9041, 35.0103, 1027.4034, 359.7148
143436.1556, 6394386.9608, 36.8204, 419.1758, 337.3139
143427.3352, 6394362.4988, 35.5877, 22.7091, 338.4470
143428.5956, 6394365.5063, 35.4140, 148.1960, 363.4633
143437.1161, 6394358.9633, 34.9826, 1017.2422, 362.7750
143437.1161, 6394358.9633, 34.9826, 1017.2422, 362.7750
143440.5437, 6394398.9432, 34.8532, 478.0731, 405.8274
143442.8979, 6394393.5358, 37.6490, 577.2216, 320.7059
143445.1553, 6394401.4624, 34.7181, 576.3657, 406.2273
143439.3668, 6394357.9977, 34.3627, 1258.8141, 414.4657
143439.3668, 6394357.9977, 34.3627, 1258.8141, 414.4657
143439.3506, 6394358.0102, 34.2495, 1256.7800, 425.4669
143439.3315, 6394358.0263, 34.2076, 1254.2008, 429.5745
143436.9273, 6394358.9950, 34.2526, 1001.3602, 433.3628
143434.6040, 6394382.9665, 37.0005, 387.6881, 322.5038
143436.8709, 6394359.0420, 35.3955, 991.9364, 323.8530
143437.2327, 6394361.6006, 35.5507, 898.9763, 324.2744
143427.4358, 6394362.5007, 35.5592, 33.2544, 341.0200
143431.4437, 6394363.9623, 34.9885, 393.0340, 387.9711
143436.9749, 6394359.0268, 34.8979, 1002.3028, 371.4296
143431.4437, 6394363.9623, 34.9885, 393.0340, 387.9711
143437.0328, 6394358.9990, 34.7061, 1008.9543, 389.6013
143430.2496, 6394361.5088, 34.8802, 319.5269, 396.1556
143441.5676, 6394373.4385, 36.2291, 797.2827, 325.4839
143439.2625, 6394359.1314, 35.3178, 1174.3864, 328.6669
143433.4271, 6394379.4777, 36.6392, 362.2674, 328.9579
143438.4186, 6394365.6379, 35.7156, 833.8782, 329.5123
143439.3461, 6394358.1144, 34.1160, 1249.2062, 438.2657
143436.8908, 6394358.9664, 34.1060, 1000.1995, 447.5808
143436.9229, 6394358.9438, 34.0837, 1004.1274, 449.6372
143433.6090, 6394379.9764, 36.6167, 366.9659, 331.1209
143437.0309, 6394358.9902, 34.8565, 1008.9991, 375.1643
143439.5926, 6394369.1220, 35.0502, 804.0559, 378.3253
143439.2739, 6394358.0765, 34.1611, 1246.2405, 434.2300
143439.2739, 6394358.0765, 34.1611, 1246.2405, 434.2300
143433.9210, 6394380.9805, 34.8093, 376.8800, 408.3638
143446.1891, 6394403.0063, 37.7764, 586.8273, 331.9201
143436.0168, 6394386.9578, 36.4362, 414.9273, 350.8829
143434.4627, 6394361.4562, 39.0220, 681.9141, 18.7768
143435.6742, 6394359.5305, 38.6017, 859.3251, 17.3102
143446.1891, 6394403.0063, 37.7764, 586.8273, 331.9201
143437.1187, 6394358.9602, 35.0301, 1017.5349, 358.1975
143437.1187, 6394358.9602, 35.0301, 1017.5349, 358.1975
143450.3861, 6394370.9648, 42.4211, 1218.7461, 18.2021
143433.4042, 6394360.4697, 38.6693, 622.3046, 22.1670
143434.6953, 6394360.0149, 38.5900, 753.5970, 25.4037
143431.5615, 6394360.9563, 38.5924, 438.7233, 32.0155
143431.5615, 6394360.9563, 38.5924, 438.7233, 32.0155
143431.0630, 6394361.4319, 38.5977, 382.9225, 40.5270
143431.0630, 6394361.4319, 38.5977, 382.9225, 40.5270
143430.7867, 6394361.4552, 38.5659, 356.3043, 42.7845
143428.1435, 6394363.9910, 39.0449, 91.5968, 43.6774
143432.7408, 6394360.5313, 38.3647, 560.6418, 49.9996
143432.7408, 6394360.5313, 38.3647, 560.6418, 49.9996
143431.6178, 6394361.0121, 38.3282, 444.0484, 59.4717
143436.9831, 6394359.3456, 38.1291, 979.5923, 65.3115
143436.9831, 6394359.3456, 38.1291, 979.5923, 65.3115
143428.3978, 6394362.0142, 38.1724, 116.8141, 82.9688
143429.1877, 6394361.9968, 38.1873, 196.7632, 84.3606
143429.1877, 6394361.9968, 38.1873, 196.7632, 84.3606
143432.2308, 6394366.4572, 35.0218, 418.5820, 388.0408
143432.2308, 6394366.4572, 35.0218, 418.5820, 388.0408
143436.2670, 6394359.1038, 33.9309, 941.2962, 466.7141
143441.0565, 6394373.5945, 33.7743, 775.2345, 443.4945
143437.5092, 6394362.0348, 33.6227, 904.7117, 479.8042
143439.0263, 6394358.8807, 35.2091, 1172.4585, 337.6377
143441.1996, 6394373.1125, 34.2813, 790.6215, 419.0881
143433.7216, 6394368.4853, 33.2883, 492.2014, 496.9016
143438.1559, 6394368.0986, 32.9760, 756.7081, 502.6867
143433.3110, 6394360.4632, 33.6233, 630.3894, 504.6743
143433.3110, 6394360.4632, 33.6233, 630.3894, 504.6743
143440.3723, 6394371.0870, 34.2257, 797.0031, 423.2705
143442.5174, 6394365.6373, 32.8129, 1066.5244, 506.2581
143434.0645, 6394360.0241, 33.5564, 712.1348, 509.4022
143437.7396, 6394362.6125, 34.1609, 896.8890, 435.9744
143433.1469, 6394367.4805, 33.1741, 471.0356, 509.6407
143460.2233, 6394392.1319, 46.0138, 1026.1903, 86.6928
143436.2508, 6394359.4977, 37.7676, 911.8851, 100.3891
143429.1338, 6394362.0010, 37.9302, 192.6013, 109.0549
143428.8972, 6394362.0026, 37.8989, 169.0456, 111.2875
143428.3898, 6394362.0031, 37.8044, 117.8530, 118.7821
143430.3470, 6394361.4923, 37.7754, 316.6556, 118.2608
143436.8930, 6394359.0538, 37.3913, 989.1940, 130.4770
143431.7243, 6394361.0193, 37.4828, 457.2599, 142.0506
143430.2529, 6394361.5095, 37.5058, 308.4647, 144.3956
143427.3777, 6394362.5067, 37.5423, 16.6616, 150.4877
143434.9081, 6394360.5460, 37.4066, 754.8746, 149.5997
143431.9293, 6394361.0523, 37.3253, 476.3628, 158.3063
143431.7998, 6394361.5454, 37.3804, 454.2375, 160.7737
143429.8696, 6394361.5327, 37.3245, 271.3584, 161.4136
143437.4607, 6394390.4469, 36.2581, 440.6947, 360.9709
143428.7509, 6394365.4897, 37.7881, 151.4801, 175.8452
143432.2704, 6394363.0402, 37.4411, 466.7185, 178.1880
143434.2222, 6394368.9420, 33.0254, 516.0973, 509.8993
143433.0694, 6394360.4674, 33.5534, 608.8449, 512.5021
143432.2704, 6394363.0402, 37.4411, 466.7185, 178.1880
143434.5641, 6394369.9361, 32.7374, 521.6133, 522.1790
143438.6511, 6394358.4427, 33.1967, 1174.2271, 527.9239
143432.5641, 6394360.5429, 33.3963, 561.3531, 529.7201
143432.5641, 6394360.5429, 33.3963, 561.3531, 529.7201
143429.2925, 6394366.4904, 32.9076, 210.9303, 548.9261
143433.2094, 6394360.4916, 33.1331, 622.0369, 551.1037
143438.7195, 6394358.5125, 32.9312, 1175.3684, 552.0641
143438.7195, 6394358.5125, 32.9312, 1175.3684, 552.0641
143428.6936, 6394364.4885, 33.0611, 167.2578, 553.2750
143429.3164, 6394366.4933, 32.8157, 213.0728, 555.4844
143433.1902, 6394364.0262, 32.6290, 534.7303, 566.7729
143430.3500, 6394362.0327, 32.9170, 331.1540, 575.7504
143427.6152, 6394362.0035, 33.0979, 62.0985, 577.3690
143430.3989, 6394363.5291, 32.7294, 319.9822, 578.3989
143430.3989, 6394363.5291, 32.7294, 319.9822, 578.3989
143437.1353, 6394358.9496, 35.0015, 1019.5424, 360.8719
143437.1353, 6394358.9496, 35.0015, 1019.5424, 360.8719
143428.9307, 6394362.5248, 32.7507, 195.0322, 595.4272
143428.5781, 6394362.0180, 32.6874, 162.3139, 609.3689
143428.5781, 6394362.0180, 32.6874, 162.3139, 609.3689
143428.2507, 6394362.0189, 32.6986, 129.4070, 610.7455
143427.6674, 6394362.0078, 32.5943, 70.2082, 625.3234
143437.1170, 6394358.9418, 34.6774, 1019.0778, 392.0097
143454.3867, 6394384.4952, 40.3604, 1013.2020, 209.0175
143438.5746, 6394363.9577, 36.7520, 897.0654, 247.7192
143433.0152, 6394368.9606, 34.9653, 438.2967, 393.7033
143438.5746, 6394363.9577, 36.7520, 897.0654, 247.7192
143427.4058, 6394362.4983, 36.4270, 25.5226, 257.9609
143437.0081, 6394359.0078, 35.2256, 1005.4445, 339.8193
143433.9612, 6394371.9627, 34.9921, 456.8026, 393.8104
143435.5127, 6394374.0361, 37.6575, 506.2638, 259.3374
143436.9923, 6394359.0259, 34.9842, 1003.6232, 363.1200
143436.5520, 6394360.1061, 36.1695, 911.1573, 259.9479
143428.3481, 6394364.9966, 36.2982, 123.6528, 290.5084
143428.5595, 6394365.4967, 36.2635, 141.7681, 296.5684
143433.9026, 6394371.9760, 34.9105, 453.6681, 398.3924
143437.5415, 6394362.1277, 34.5770, 901.4611, 404.0044
143439.6335, 6394358.3797, 34.4760, 1252.2461, 403.1627
143439.6335, 6394358.3797, 34.4760, 1252.2461, 403.1627
143447.1609, 6394372.6602, 36.6889, 1045.9629, 298.5297
143428.8963, 6394366.4964, 36.2328, 168.0798, 304.8340
143428.8963, 6394366.4964, 36.2328, 168.0798, 304.8340
143437.0971, 6394359.0052, 35.5357, 1012.3206, 309.8671
143437.0971, 6394359.0052, 35.5357, 1012.3206, 309.8671
143438.0932, 6394364.6327, 35.9190, 845.2929, 311.3472
143438.0932, 6394364.6327, 35.9190, 845.2929, 311.3472
143436.5589, 6394387.9582, 36.7659, 426.5859, 340.8569
143436.9988, 6394361.1185, 35.6538, 901.7600, 313.1327
143436.4074, 6394359.6001, 33.9034, 928.2780, 467.3111
143443.5134, 6394368.1068, 33.1000, 1028.9751, 479.7202
143427.3511, 6394362.5099, 33.9001, 33.3975, 498.7340
143433.9879, 6394359.9916, 33.6313, 706.3018, 502.8322
143443.6730, 6394394.5483, 37.6730, 589.9025, 321.6727
143439.5771, 6394358.9190, 35.3560, 1211.1119, 323.5802
143436.5222, 6394360.1136, 35.3664, 910.1373, 333.1868
143428.2011, 6394364.0018, 35.5725, 112.8322, 345.6316
143438.5428, 6394369.6161, 32.8659, 742.0322, 503.1581
143432.9527, 6394360.5048, 33.5475, 597.2484, 513.4786
143434.2509, 6394359.9331, 33.3994, 732.3659, 523.8522
143432.8831, 6394360.4644, 33.3255, 592.8438, 535.1321
143432.4879, 6394360.5630, 33.3184, 554.1109, 537.4172
143433.2798, 6394360.5107, 33.0432, 628.0136, 558.9254
143439.4963, 6394368.5922, 35.5377, 811.7052, 349.3578
143436.5589, 6394387.9582, 36.7659, 426.5859, 340.8569
143427.5001, 6394362.4975, 35.5520, 39.8862, 341.5874
143427.6660, 6394362.4987, 35.5050, 57.0967, 345.7808
143427.7980, 6394362.5045, 35.4801, 70.6593, 347.9465
143433.7897, 6394360.0158, 33.7517, 687.4102, 492.2050
143433.7897, 6394360.0158, 33.7517, 687.4102, 492.2050
143434.2023, 6394368.9556, 33.2944, 514.0891, 493.5754
143427.2038, 6394362.5014, 33.9209, 18.0794, 497.5462
143432.1026, 6394375.4678, 35.8136, 327.4149, 358.8465
143438.8221, 6394394.4505, 36.2574, 456.6302, 364.8577
143437.1254, 6394358.9575, 34.9570, 1018.3726, 365.1915
143437.0637, 6394358.9735, 35.1172, 1012.1163, 349.9852
143437.0637, 6394358.9735, 35.1172, 1012.1163, 349.9852
143432.1026, 6394375.4678, 35.8136, 327.4149, 358.8465
143434.0439, 6394359.9741, 33.6946, 711.7108, 496.5920
143434.0439, 6394359.9741, 33.6946, 711.7108, 496.5920
143435.9628, 6394360.0956, 33.2738, 870.5797, 525.0836
143433.0487, 6394360.5351, 33.1942, 606.1761, 546.0125
143437.1324, 6394359.3799, 33.0016, 999.7281, 548.3073
143427.7141, 6394362.0022, 33.1081, 72.3215, 575.7144
143429.3125, 6394362.0276, 32.7329, 234.0564, 599.6762
143429.3125, 6394362.0276, 32.7329, 234.0564, 599.6762
143428.2080, 6394364.0060, 35.4807, 113.8842, 353.5218
143433.8111, 6394360.0029, 33.6861, 689.9750, 498.4444
143433.3564, 6394360.0264, 33.6756, 648.1366, 501.6794
143433.0839, 6394360.4850, 33.6572, 609.2896, 502.5339
143433.3275, 6394360.0341, 33.6390, 645.3713, 505.3300
143433.3275, 6394360.0341, 33.6390, 645.3713, 505.3300
143438.1616, 6394364.6032, 35.3142, 851.5994, 353.3969
143434.5880, 6394369.9314, 33.0127, 522.4264, 506.1144
143441.0395, 6394373.0940, 34.2171, 784.0611, 422.4620
143436.9561, 6394358.9871, 34.3456, 1003.9905, 424.3621
143435.0561, 6394371.4391, 32.8512, 526.6404, 508.9664
143433.1332, 6394360.5179, 33.5661, 613.0403, 510.6922
143433.4403, 6394360.4899, 33.5161, 641.3938, 513.9142
143433.3288, 6394360.4543, 33.5161, 632.5919, 514.7136
143433.3288, 6394360.4543, 33.5161, 632.5919, 514.7136
143433.3934, 6394360.4979, 33.5110, 637.0058, 514.5892
143433.4865, 6394360.0008, 33.5105, 661.3411, 517.0560
143433.4865, 6394360.0008, 33.5105, 661.3411, 517.0560
143436.4831, 6394362.0692, 33.1535, 831.2434, 521.4830
143434.0253, 6394359.9958, 33.3966, 710.1623, 524.9894
143435.8764, 6394360.1364, 33.2298, 861.8860, 529.2869
143433.7273, 6394360.0471, 33.3534, 681.9544, 530.4709
143432.5444, 6394361.0730, 33.2802, 546.3121, 537.0328
143433.2471, 6394360.4904, 33.2361, 625.1006, 541.2250
143433.3132, 6394360.4676, 33.2338, 631.6915, 541.2227
143436.2212, 6394359.4318, 33.0906, 922.9117, 545.0820
143428.7048, 6394364.4947, 33.1329, 167.9131, 547.3130
143440.6675, 6394372.1001, 34.1504, 788.4343, 426.4829
143439.2994, 6394358.0560, 34.2225, 1249.6022, 428.2383
143439.2994, 6394358.0560, 34.2225, 1249.6022, 428.2383
143432.9196, 6394366.0124, 32.6623, 479.5286, 552.4257
143432.9196, 6394366.0124, 32.6623, 479.5286, 552.4257
143433.3187, 6394365.5164, 32.6787, 515.5103, 552.4360
143436.9632, 6394359.0148, 34.9393, 1001.9174, 367.4436
143433.2997, 6394360.5310, 35.0736, 622.6746, 367.7987
143431.7665, 6394364.9611, 32.7755, 411.7745, 556.4251
143431.0958, 6394362.9895, 32.9274, 384.8998, 562.1709
143435.7632, 6394363.4856, 32.5551, 734.2867, 562.8390
143428.9490, 6394366.9997, 35.3936, 174.4110, 368.5553
143436.9929, 6394359.0148, 34.9014, 1004.4344, 371.0150
143430.6233, 6394364.5238, 32.7149, 328.5386, 570.2095
143436.7331, 6394381.4470, 34.1334, 487.1582, 431.7850
143436.2014, 6394387.4617, 36.3275, 418.2331, 355.3422
143427.2612, 6394362.5062, 33.1011, 28.3769, 574.5875
143427.2612, 6394362.5062, 33.1011, 28.3769, 574.5875
143429.9197, 6394364.0140, 32.7173, 275.2570, 578.1022
143429.7052, 6394363.5237, 32.7430, 260.3113, 581.4991
143429.9341, 6394363.5283, 32.7281, 280.2038, 581.3109
143429.9341, 6394363.5283, 32.7281, 280.2038, 581.3109
143432.4033, 6394362.5192, 32.6238, 503.6906, 583.9849
143432.5969, 6394362.5066, 32.6011, 519.9811, 584.8195
143429.1298, 6394362.5298, 32.7655, 213.8205, 592.6805
143434.7227, 6394360.5535, 32.5590, 752.0182, 593.5346
143428.8369, 6394362.5210, 32.7210, 186.2402, 598.8073
143428.5295, 6394362.0236, 32.7339, 157.2330, 605.2921
143428.3341, 6394362.0194, 32.7003, 137.8133, 609.9505
143439.7452, 6394396.4405, 36.0189, 470.6292, 373.0844
143428.4808, 6394365.0063, 35.4296, 138.6793, 360.8581
143439.7452, 6394396.4405, 36.0189, 470.6292, 373.0844
143433.3027, 6394360.5319, 35.0211, 623.0833, 372.7676
143437.1783, 6394358.9206, 34.9716, 1024.7415, 363.5453
143436.4081, 6394359.5999, 33.9070, 928.3380, 466.9767
143437.2114, 6394359.3550, 33.8692, 1005.7295, 467.7368
143436.4435, 6394359.0456, 33.8579, 959.2810, 473.1270
143434.2742, 6394369.9819, 33.4167, 502.9801, 483.3938
143443.6795, 6394367.9834, 32.9828, 1041.0320, 486.0442
143443.6055, 6394368.0303, 32.9310, 1036.0243, 489.0184
143433.4070, 6394367.9911, 33.3061, 479.8685, 498.3806
143433.8099, 6394360.0037, 33.6906, 689.8187, 498.0203
143434.0813, 6394368.9824, 33.2207, 506.6879, 498.3633
143434.5552, 6394369.9421, 33.1091, 520.1997, 500.5820
143433.0383, 6394360.4970, 33.6205, 604.9503, 506.1668
143433.0383, 6394360.4970, 33.6205, 604.9503, 506.1668
143439.8810, 6394396.9596, 35.9118, 471.2766, 376.4334
143433.4430, 6394360.4859, 34.9546, 637.2268, 378.5929
143433.5868, 6394367.9561, 33.1214, 492.1203, 509.6859
143433.7056, 6394360.0631, 33.4415, 679.1970, 522.0731
143434.7861, 6394360.8973, 33.3272, 742.7933, 521.7034
143434.7861, 6394360.8973, 33.3272, 742.7933, 521.7034
143433.4151, 6394360.4963, 34.9267, 634.5064, 381.3250
143435.8776, 6394360.1363, 33.2353, 861.9810, 528.7811
143435.9545, 6394360.0941, 33.2104, 870.1116, 530.8925
143434.2191, 6394359.9374, 33.3039, 729.6779, 533.0914
143435.8468, 6394359.5582, 33.2209, 885.4620, 534.1388
143433.7655, 6394360.0281, 33.3062, 686.1714, 534.8876
143437.8359, 6394391.9632, 36.1729, 442.8852, 365.2561
143437.2188, 6394358.8925, 34.9571, 1029.6648, 364.7506
143430.1163, 6394368.5208, 32.8576, 261.0033, 537.5481
143428.8198, 6394364.4971, 33.2008, 177.5075, 541.1732
143428.8198, 6394364.4971, 33.2008, 177.5075, 541.1732
143429.5828, 6394366.9836, 32.9660, 230.5139, 540.5294
143429.3383, 6394366.4960, 32.9987, 214.0677, 542.0482
143433.6774, 6394360.0515, 33.2219, 677.7407, 543.2853
143436.2660, 6394359.0919, 33.0719, 943.6616, 549.2457
143428.4384, 6394363.5016, 33.2028, 145.0252, 549.8697
143428.2723, 6394363.0065, 33.2384, 129.3390, 551.3938
143428.1972, 6394363.0060, 33.2343, 122.1950, 552.2100
143433.4031, 6394365.5228, 32.6740, 521.2729, 552.3333
143433.4031, 6394365.5228, 32.6740, 521.2729, 552.3333
143432.5220, 6394365.5383, 32.7149, 458.8946, 553.4664
143435.7616, 6394363.4864, 32.5562, 734.1497, 562.7628
143428.1397, 6394363.0050, 33.0405, 117.6097, 569.9220
143429.9144, 6394364.0130, 32.7205, 274.8063, 577.8820
143432.5994, 6394363.0054, 32.6062, 509.7961, 579.9830
143432.6095, 6394362.5452, 32.6493, 520.0405, 580.3442
143432.6095, 6394362.5452, 32.6493, 520.0405, 580.3442
143427.2915, 6394362.5057, 33.0206, 31.9092, 581.9581
143429.5990, 6394363.0259, 32.7380, 254.3320, 587.1567
143429.8070, 6394363.0244, 32.7124, 273.0881, 588.0513
143429.1607, 6394362.5242, 32.7246, 216.9395, 596.2137
143429.1607, 6394362.5242, 32.7246, 216.9395, 596.2137
143428.4767, 6394362.0223, 32.7269, 151.9939, 606.3541
143428.1693, 6394362.0167, 32.6802, 121.2602, 613.1281
143434.9045, 6394359.5126, 32.2887, 809.4265, 629.3843
143427.2538, 6394362.4798, 32.4633, 30.8166, 634.8712
143437.0130, 6394389.4702, 36.0858, 432.8157, 365.6634
143433.2590, 6394360.5442, 35.0779, 618.6202, 367.5235
143433.3329, 6394360.5209, 35.0478, 626.0309, 370.1315
143433.3329, 6394360.5209, 35.0478, 626.0309, 370.1315
143437.1287, 6394358.9331, 34.7810, 1020.3251, 382.0157
143441.1739, 6394373.1094, 35.2984, 788.1871, 369.9147
143436.8803, 6394359.0374, 34.9065, 993.9178, 370.8606
143442.1790, 6394402.9485, 36.2253, 494.0648, 371.7119
143436.8807, 6394359.0378, 34.8665, 994.0054, 374.6951
143433.4704, 6394360.4776, 34.8786, 640.1630, 385.6888
143436.8601, 6394359.0094, 34.8374, 993.9005, 377.4606
143437.0682, 6394358.9645, 34.8188, 1013.5473, 378.6224
143435.9513, 6394377.9594, 35.3565, 486.8468, 380.0997
143437.0867, 6394358.9625, 34.7208, 1015.3649, 387.9663
143437.1375, 6394358.9276, 34.7163, 1021.4793, 388.1894
143437.1375, 6394358.9276, 34.7163, 1021.4793, 388.1894
143437.1109, 6394358.9460, 34.6976, 1018.3124, 390.0984
143437.1109, 6394358.9460, 34.6976, 1018.3124, 390.0984
143439.1429, 6394386.9431, 35.1267, 522.9402, 393.6192
143441.1489, 6394373.1211, 35.0689, 787.1559, 381.0810
143439.1429, 6394386.9431, 35.1267, 522.9402, 393.6192
143439.6653, 6394388.4536, 35.0913, 527.0016, 395.2204
143433.5298, 6394360.4779, 34.9136, 645.3217, 382.2332
143437.1662, 6394358.9071, 34.7720, 1024.8787, 382.7240
143439.6653, 6394388.4536, 35.0913, 527.0016, 395.2204
143442.7118, 6394400.0209, 35.0948, 526.4127, 398.1130
143433.5044, 6394359.9704, 34.7407, 660.0985, 397.8524
143449.3512, 6394396.6076, 33.5718, 719.8469, 431.5120
143432.0683, 6394361.0045, 38.5068, 485.9391, 44.0999
143432.0683, 6394361.0045, 38.5068, 485.9391, 44.0999
143432.4895, 6394360.9688, 38.5369, 525.6092, 42.4305
143432.4895, 6394360.9688, 38.5369, 525.6092, 42.4305
143430.4160, 6394361.5006, 38.4537, 320.3349, 52.9244
143430.4160, 6394361.5006, 38.4537, 320.3349, 52.9244
143449.3512, 6394396.6076, 33.5718, 719.8469, 431.5120
143459.7001, 6394386.0643, 45.8317, 1120.2356, 51.1031
143436.7916, 6394359.4472, 38.2388, 958.3553, 56.1984
143436.7916, 6394359.4472, 38.2388, 958.3553, 56.1984
143437.1463, 6394358.9213, 34.7474, 1022.4966, 385.1672
143437.1463, 6394358.9213, 34.7474, 1022.4966, 385.1672
143437.1138, 6394358.9437, 34.7446, 1018.5851, 385.5757
143442.7373, 6394378.0542, 33.6484, 761.2927, 443.3000
143442.7373, 6394378.0542, 33.6484, 761.2927, 443.3000
143442.8949, 6394377.9832, 33.5983, 768.4800, 445.1360
143442.8949, 6394377.9832, 33.5983, 768.4800, 445.1360
143436.9286, 6394358.9357, 34.0114, 1005.1802, 456.5630
143429.5939, 6394361.9823, 38.3614, 236.1573, 69.0054
143429.5939, 6394361.9823, 38.3614, 236.1573, 69.0054
143429.9243, 6394361.5176, 38.2971, 272.5019, 66.3184
143429.9243, 6394361.5176, 38.2971, 272.5019, 66.3184
143432.1062, 6394361.0125, 38.1992, 490.4282, 74.1451
143433.4998, 6394360.4840, 34.8471, 642.6697, 388.5962
143460.5657, 6394391.4611, 46.1381, 1044.7379, 79.6398
143460.5657, 6394391.4611, 46.1381, 1044.7379, 79.6398
143427.4537, 6394362.5048, 38.1410, 21.3283, 92.6634
143428.6405, 6394362.0061, 37.8717, 143.1845, 113.1137
143431.0604, 6394361.4822, 37.8566, 384.9098, 112.6453
143436.5313, 6394360.1204, 37.3561, 906.3061, 151.3235
143428.9273, 6394362.0340, 37.2914, 174.9422, 170.5962
143436.7025, 6394364.4413, 37.8276, 758.2158, 172.8854
143437.2102, 6394364.1240, 37.8015, 801.5151, 171.8218
143437.6670, 6394363.9520, 37.7884, 837.1174, 171.4598
143435.0626, 6394364.9522, 37.8193, 634.2945, 176.9626
143435.6946, 6394364.9764, 37.8557, 676.3763, 175.5607
143436.0503, 6394364.5761, 37.8111, 710.9214, 174.6604
143437.6498, 6394363.1276, 37.5910, 865.1333, 176.2234
143428.0527, 6394363.4974, 37.4063, 89.4844, 180.0809
143434.0280, 6394365.4719, 37.8252, 551.7953, 181.0031
143431.8291, 6394365.9797, 37.7115, 387.8478, 192.0157
143437.2360, 6394381.4455, 35.1668, 505.0490, 390.1285
143437.1320, 6394358.9310, 34.6215, 1021.0156, 397.3188
143433.7464, 6394360.4555, 34.7296, 665.7415, 398.9432
143431.2821, 6394366.4895, 37.7222, 342.5122, 196.0859
143436.9291, 6394359.0159, 36.7094, 995.6069, 196.3891
143437.5343, 6394362.1319, 34.4625, 900.9997, 413.0944
143437.0269, 6394358.9414, 34.4517, 1012.1270, 413.9442
143430.8744, 6394366.4980, 37.6962, 312.7649, 197.5867
143446.1919, 6394365.4158, 37.6504, 1255.6498, 205.6669
143446.1919, 6394365.4158, 37.6504, 1255.6498, 205.6669
143428.9124, 6394365.9997, 37.3968, 165.6534, 212.5866
143428.4625, 6394365.4965, 37.1714, 129.9566, 224.5944
143436.4035, 6394359.0521, 33.8905, 955.5147, 470.1423
143433.3707, 6394360.4546, 33.8295, 635.3218, 485.0110
143445.4533, 6394365.5556, 36.6595, 1214.5198, 266.2804
143438.7509, 6394370.1152, 32.9684, 741.4462, 495.4730
143438.2444, 6394364.5541, 36.4616, 856.3303, 272.8029
143438.1693, 6394368.1077, 33.0765, 757.0428, 496.6381
143438.1693, 6394368.1077, 33.0765, 757.0428, 496.6381
143437.0563, 6394358.9211, 34.4430, 1015.6832, 414.6709
143439.3890, 6394357.9768, 34.3361, 1262.0546, 416.9548
143437.9572, 6394379.9963, 37.5759, 544.4870, 289.1014
143436.5491, 6394359.5359, 35.4994, 939.6522, 317.4558
143439.1071, 6394371.0947, 32.8757, 738.2861, 496.8721
143433.7257, 6394360.0092, 33.6942, 682.0714, 498.0736
143434.0799, 6394359.9567, 33.6635, 715.6300, 499.4633
143434.0799, 6394359.9567, 33.6635, 715.6300, 499.4633
143430.3048, 6394370.9912, 36.0981, 251.3274, 332.9231
143436.1297, 6394374.4958, 32.7667, 539.2282, 501.6524
143433.8286, 6394359.9926, 33.6405, 692.0333, 502.7723
143433.8286, 6394359.9926, 33.6405, 692.0333, 502.7723
143433.8790, 6394359.9725, 33.6387, 697.2604, 502.7900
143439.1834, 6394367.1080, 35.2394, 835.3870, 363.7392
143435.3869, 6394384.9678, 35.9333, 406.0540, 366.4785
143428.8865, 6394366.4957, 35.2557, 171.0029, 377.5860
143434.8346, 6394359.9630, 38.6514, 767.6906, 18.8807
143434.8346, 6394359.9630, 38.6514, 767.6906, 18.8807
143435.4964, 6394359.5058, 38.5816, 845.0919, 17.6623
143439.0034, 6394366.6355, 34.8889, 839.4664, 384.9049
143433.9415, 6394368.4437, 33.1207, 506.6238, 506.7392
143432.5438, 6394366.9902, 33.2313, 438.0286, 509.9593
143433.4948, 6394360.0217, 33.5419, 661.2965, 513.8630
143433.0436, 6394360.4741, 33.5283, 606.4102, 514.9775
143432.9953, 6394360.4894, 33.5229, 601.6223, 515.6626
143433.0612, 6394360.4652, 33.4895, 608.3801, 518.6055
143433.0232, 6394360.4756, 33.4648, 604.7310, 521.0806
143440.8501, 6394372.1091, 34.5884, 795.9402, 404.2111
143434.4250, 6394369.5349, 32.7403, 519.6377, 524.0566
143433.6884, 6394360.0653, 33.3949, 677.7177, 526.6078
143433.6884, 6394360.0653, 33.3949, 677.7177, 526.6078
143428.0268, 6394362.5111, 33.3121, 104.5357, 549.9781
143433.2743, 6394364.0270, 32.6527, 540.9172, 564.5029
143430.1347, 6394363.5235, 32.7286, 297.5077, 580.1031
143432.2005, 6394362.0158, 32.6116, 497.0798, 591.0410
143429.3920, 6394362.5246, 32.7251, 238.6409, 594.5945
143428.6833, 6394362.0267, 32.7563, 172.4226, 602.0244
143428.7197, 6394362.0275, 32.7534, 176.0338, 602.0305
143461.0665, 6394386.6653, 47.1470, 1141.7979, 17.9487
143437.8498, 6394391.9504, 34.4975, 445.4983, 417.1602
143461.0403, 6394385.9449, 46.9758, 1155.5576, 17.3658
143434.2023, 6394360.3858, 38.7095, 696.2372, 20.4841
143434.2023, 6394360.3858, 38.7095, 696.2372, 20.4841
143434.3398, 6394360.0141, 38.6304, 722.0524, 19.5051
143432.8679, 6394361.9794, 39.0389, 533.4859, 21.4568
143432.8679, 6394361.9794, 39.0389, 533.4859, 21.4568
143433.5583, 6394360.4650, 38.6586, 636.4179, 23.9209
143433.5583, 6394360.4650, 38.6586, 636.4179, 23.9209
143432.9084, 6394360.4911, 38.6055, 576.4532, 26.2552
143432.9084, 6394360.4911, 38.6055, 576.4532, 26.2552
143434.4581, 6394360.0070, 38.5691, 733.0263, 25.9693
143460.6342, 6394386.4810, 46.7948, 1134.9233, 26.4068
143428.3780, 6394364.5097, 33.6084, 137.5620, 509.9116
143460.6342, 6394386.4810, 46.7948, 1134.9233, 26.4068
143432.6742, 6394360.9007, 38.6724, 543.7381, 28.6986
143432.6742, 6394360.9007, 38.6724, 543.7381, 28.6986
143430.3019, 6394361.4560, 38.6449, 308.8499, 32.6557
143449.4662, 6394370.0898, 41.8741, 1213.1058, 31.4573
143430.2764, 6394362.9823, 39.0103, 289.8411, 34.3449
143431.8052, 6394360.9808, 38.5284, 461.6548, 40.1261
143431.8052, 6394360.9808, 38.5284, 461.6548, 40.1261
143430.9273, 6394361.4602, 38.5786, 369.6426, 42.3659
143435.9578, 6394360.0998, 33.2914, 869.9477, 523.4887
143433.0481, 6394360.5163, 33.2025, 606.6447, 545.3740
143435.9885, 6394359.4610, 33.0578, 902.2428, 549.3487
143432.5890, 6394365.0088, 32.6722, 472.2774, 559.6939
143433.0883, 6394360.4186, 32.9772, 613.8733, 567.1586
143438.1114, 6394358.6016, 32.7536, 1122.3853, 571.9427
143460.1195, 6394386.6218, 46.2728, 1119.6730, 42.4482
143459.4158, 6394385.0183, 45.8597, 1133.8634, 41.8808
143431.6829, 6394360.9825, 38.4869, 450.1971, 43.6074
143431.6829, 6394360.9825, 38.4869, 450.1971, 43.6074
143434.4855, 6394360.0296, 38.3592, 735.2029, 47.1482
143434.4855, 6394360.0296, 38.3592, 735.2029, 47.1482
143434.9834, 6394359.9884, 38.3665, 780.4072, 47.8817
143429.5579, 6394361.9786, 38.5588, 231.7408, 49.8085
143435.3692, 6394359.9707, 38.3129, 814.4785, 54.4548
143435.3692, 6394359.9707, 38.3129, 814.4785, 54.4548
143434.8839, 6394359.9954, 38.2846, 771.6969, 55.4879
143434.8839, 6394359.9954, 38.2846, 771.6969, 55.4879
143433.8425, 6394360.4468, 38.3107, 663.5407, 58.4877
143434.3680, 6394360.0266, 38.2514, 725.2047, 57.0239
143434.3680, 6394360.0266, 38.2514, 725.2047, 57.0239
143449.7722, 6394399.0264, 33.7666, 706.1243, 425.8398
143436.9731, 6394358.9661, 34.3057, 1006.6106, 428.1277
143436.9372, 6394358.9896, 34.2873, 1002.4053, 430.0079
143436.9381, 6394358.9671, 34.2109, 1003.8544, 437.3400
143436.9069, 6394358.9871, 34.1937, 1000.2273, 439.0861
143459.6808, 6394386.4496, 45.7034, 1112.3290, 57.8013
143460.9205, 6394390.5347, 46.6871, 1068.0447, 58.9752
143431.8032, 6394360.9965, 38.2981, 462.0294, 62.8886
143433.1857, 6394360.4936, 38.2606, 603.0477, 61.3929
143429.3771, 6394361.9827, 38.3843, 214.7012, 65.8589
143432.2951, 6394360.9970, 38.2751, 507.9976, 67.3094
143432.2951, 6394360.9970, 38.2751, 507.9976, 67.3094
143436.4505, 6394359.4846, 38.1167, 928.4675, 67.2427
143429.2761, 6394361.9948, 38.3259, 204.9091, 71.3175
143433.8407, 6394360.4468, 38.1714, 663.8117, 71.8671
143430.0756, 6394361.5122, 38.2212, 287.8753, 74.2868
143428.7239, 6394362.0123, 38.2714, 149.6745, 74.6169
143432.1767, 6394362.4736, 39.1287, 463.5644, 21.4486
143435.1259, 6394360.0090, 38.5473, 791.4034, 31.6545
143427.6289, 6394362.5372, 38.6507, 36.9858, 44.7368
143428.1978, 6394362.4724, 38.4710, 95.7560, 63.2250
143427.4316, 6394362.5054, 37.7813, 20.9687, 127.4750
143431.3043, 6394361.0189, 37.4462, 417.4873, 144.4417
143427.9119, 6394362.4922, 37.5790, 71.3849, 148.0992
143437.0305, 6394364.4293, 38.1199, 779.5658, 152.0347
143434.2755, 6394361.9704, 37.5696, 655.0847, 155.9070
143436.2911, 6394364.4779, 38.0818, 729.2200, 154.0237
143431.4614, 6394366.0007, 37.9363, 359.9435, 175.1735
143427.5367, 6394362.5021, 37.1957, 34.9785, 184.2325
143430.2568, 6394366.4893, 37.6363, 267.1937, 201.1681
143445.4995, 6394366.3792, 36.8052, 1182.5771, 262.6735
143428.0908, 6394364.5008, 36.3137, 100.3863, 285.7268
143460.6113, 6394391.9629, 46.4203, 1037.5620, 75.0451
143436.0836, 6394359.5122, 37.9922, 896.5913, 78.3106
143434.9595, 6394359.9899, 38.0358, 779.1602, 79.7278
143430.5660, 6394361.4979, 38.1621, 336.1695, 81.7800
143430.5660, 6394361.4979, 38.1621, 336.1695, 81.7800
143430.3344, 6394361.5088, 38.1253, 313.7185, 84.6328
143436.3412, 6394359.4750, 37.9184, 920.2454, 85.7095
143436.3412, 6394359.4750, 37.9184, 920.2454, 85.7095
143429.3499, 6394361.9941, 38.1597, 213.0101, 87.6150
143429.7822, 6394362.0156, 38.1540, 255.2195, 90.2828
143429.7822, 6394362.0156, 38.1540, 255.2195, 90.2828
143436.5225, 6394359.4654, 37.8580, 935.9781, 92.0425
143436.6616, 6394359.4566, 37.8661, 947.9285, 91.6189
143432.9741, 6394378.4667, 36.2191, 349.3675, 345.3851
143427.3742, 6394362.5021, 35.4296, 27.6077, 353.4938
143428.4338, 6394365.5008, 35.3196, 135.1652, 371.1646
143435.4678, 6394385.4552, 34.8438, 407.5022, 406.7632
143427.2833, 6394362.5075, 33.7130, 27.4168, 516.7688
143436.2799, 6394359.0698, 32.9625, 946.1932, 559.8183
143429.4640, 6394365.0160, 32.7475, 231.2478, 570.2236
143429.0992, 6394364.5175, 32.7569, 203.0528, 575.4616
143458.9884, 6394388.6857, 45.0332, 1054.5393, 91.8993
143436.9181, 6394358.9502, 34.1517, 1003.2521, 443.1134
143458.7009, 6394387.1071, 44.6994, 1075.8800, 91.3980
143428.2983, 6394362.5162, 38.1557, 107.5534, 94.6976
143430.0663, 6394361.5152, 37.9768, 288.0207, 98.1544
143431.7171, 6394360.9956, 37.8968, 455.4630, 101.4901
143431.7171, 6394360.9956, 37.8968, 455.4630, 101.4901
143428.0336, 6394362.5036, 37.9921, 81.6653, 109.1169
143428.0336, 6394362.5036, 37.9921, 81.6653, 109.1169
143430.2030, 6394361.5102, 37.8702, 301.9792, 108.9233
143430.2030, 6394361.5102, 37.8702, 301.9792, 108.9233
143429.3931, 6394362.0066, 37.8301, 218.7390, 119.6500
143429.3931, 6394362.0066, 37.8301, 218.7390, 119.6500
143431.5374, 6394361.0156, 37.6367, 439.0535, 126.5220
143431.7128, 6394361.0111, 37.5403, 456.1207, 136.3132
143431.4925, 6394361.0192, 37.5213, 435.1703, 137.6688
143436.4535, 6394359.4631, 37.3632, 931.4152, 139.3113
143431.7720, 6394361.0162, 37.4414, 461.9725, 146.1237
143457.4250, 6394388.0430, 42.8858, 1028.1119, 149.9302
143429.7616, 6394361.5270, 37.4151, 260.2666, 152.2125
143431.0365, 6394361.5215, 37.4122, 383.8399, 155.5922
143428.1471, 6394362.5233, 37.4025, 96.1696, 166.0131
143432.5537, 6394362.5271, 37.4252, 500.2577, 172.9934
143428.2751, 6394362.5350, 37.3286, 109.3870, 173.4797
143430.0708, 6394363.5311, 37.4924, 273.1759, 176.6170
143450.2996, 6394376.9164, 40.0094, 1048.2091, 178.5524
143428.7145, 6394365.4965, 37.7353, 148.6690, 180.0695
143432.3880, 6394365.0270, 37.6918, 442.0583, 183.3557
143436.6163, 6394359.4966, 36.9014, 944.1924, 184.3726
143437.0312, 6394358.9523, 36.8261, 1007.3505, 184.2571
143428.5730, 6394365.0072, 37.5604, 137.6279, 187.8150
143428.5730, 6394365.0072, 37.5604, 137.6279, 187.8150
143427.6329, 6394362.4964, 37.1064, 45.3203, 192.9023
143427.6329, 6394362.4964, 37.1064, 45.3203, 192.9023
143449.4198, 6394376.6104, 39.0795, 1026.1277, 213.7772
143438.3493, 6394363.9763, 37.0920, 881.5350, 223.2533
143428.2331, 6394364.4940, 36.9706, 110.1455, 230.4199
143428.2331, 6394364.4940, 36.9706, 110.1455, 230.4199
143434.1118, 6394368.5232, 37.4690, 505.3568, 234.0178
143438.3698, 6394363.9723, 36.8988, 883.3204, 237.1809
143434.7492, 6394370.4898, 37.5458, 513.4175, 243.8605
143434.7492, 6394370.4898, 37.5458, 513.4175, 243.8605
143436.9778, 6394358.9651, 35.9570, 1003.8934, 268.8944
143438.2016, 6394364.0539, 36.4578, 870.5575, 269.5642
143435.8069, 6394359.5432, 38.4762, 870.4453, 30.6367
143427.6263, 6394362.5332, 38.6672, 36.6006, 43.0245
143434.4495, 6394360.0248, 38.1620, 732.7668, 66.0751
143434.9679, 6394359.9951, 38.1669, 779.3289, 67.2329
143432.7322, 6394360.5350, 38.1331, 560.5557, 72.7396
143436.3766, 6394359.4762, 37.6073, 923.8287, 115.8571
143429.5092, 6394362.0262, 37.4151, 231.9258, 159.9346
143428.1871, 6394364.4982, 37.1044, 105.4572, 219.1492
143436.4578, 6394359.6058, 36.4335, 926.7396, 229.9971
143427.9178, 6394362.5081, 36.5286, 77.4373, 248.5266
143428.3881, 6394364.4959, 36.5755, 125.6270, 263.6762
143427.6154, 6394362.4981, 36.3221, 47.6549, 268.0298
143427.6154, 6394362.4981, 36.3221, 47.6549, 268.0298
143436.4816, 6394359.5754, 35.8977, 931.3276, 280.2802
143447.6689, 6394374.6514, 37.1339, 1012.6946, 286.0441
143429.8694, 6394368.9921, 36.4894, 230.6335, 300.0448
143436.5113, 6394359.5607, 35.4623, 935.4075, 321.1488
143427.8521, 6394362.5046, 35.6550, 75.2376, 331.3216
143437.1869, 6394359.3527, 33.9509, 1003.7459, 460.2607
143447.6689, 6394374.6514, 37.1339, 1012.6946, 286.0441
143430.0765, 6394369.4773, 36.7059, 241.7479, 288.5642
143438.2381, 6394364.5575, 36.0805, 856.5048, 299.5560
143436.9955, 6394359.0371, 35.6454, 1002.0054, 299.6280
143427.9750, 6394363.9986, 36.0765, 89.8076, 302.4188
143439.9781, 6394385.4988, 37.6242, 560.9942, 303.9743
143436.3187, 6394359.6527, 33.8687, 918.5723, 470.7750
143439.9781, 6394385.4988, 37.6242, 560.9942, 303.9743
143443.4930, 6394368.1305, 33.2524, 1027.0730, 471.2789
143427.4004, 6394362.4980, 35.4165, 30.3529, 354.6731
143428.0238, 6394364.0033, 35.3458, 97.6727, 365.4350
143437.1929, 6394361.6049, 33.7415, 899.4546, 472.7084
143438.0158, 6394363.6195, 35.1371, 876.2130, 363.3123
143438.0158, 6394363.6195, 35.1371, 876.2130, 363.3123
143430.6204, 6394361.4751, 34.8897, 355.4326, 394.1725
143436.1345, 6394359.4658, 33.3027, 913.6182, 525.4310
143433.7690, 6394368.4727, 33.2710, 495.3181, 497.8589
143434.0570, 6394368.9858, 33.1788, 505.2907, 500.9806
143433.1732, 6394360.5117, 33.6493, 616.5319, 502.6896
143433.4428, 6394360.0282, 33.6638, 655.9846, 502.3558
143433.7913, 6394359.9775, 33.6104, 689.3184, 505.9367
143439.9781, 6394385.4988, 37.6242, 560.9942, 303.9743
143436.5691, 6394360.0953, 35.6671, 914.0892, 305.6671
143432.5785, 6394366.9860, 33.2785, 440.2841, 506.6530
143433.0642, 6394367.5020, 33.2227, 465.2505, 506.6741
143433.6381, 6394360.0022, 33.6113, 674.6876, 506.5225
143434.5292, 6394369.9486, 32.9498, 518.9856, 509.9048
143447.5593, 6394373.5717, 36.5422, 1036.8269, 308.2993
143439.3132, 6394359.1309, 35.4275, 1178.0466, 318.6272
143434.5292, 6394369.9486, 32.9498, 518.9856, 509.9048
143433.0473, 6394360.4909, 33.5810, 606.0699, 509.8831
143433.6513, 6394359.9944, 33.5751, 676.2636, 509.9811
143433.6513, 6394359.9944, 33.5751, 676.2636, 509.9811
143433.8707, 6394360.0085, 33.5484, 695.5117, 511.2845
143430.1230, 6394370.4900, 36.2910, 241.6143, 319.4657
143439.3236, 6394359.0820, 35.3012, 1182.0239, 329.8260
143432.5692, 6394366.9823, 33.1892, 439.9572, 512.7491
143434.5896, 6394369.9288, 32.9017, 522.8008, 512.5708
143434.5896, 6394369.9288, 32.9017, 522.8008, 512.5708
143434.5896, 6394369.9288, 32.9017, 522.8008, 512.5708
143434.5896, 6394369.9288, 32.9017, 522.8008, 512.5708
143437.1029, 6394364.6088, 33.0650, 788.9015, 513.4596
143433.0201, 6394360.4793, 33.4973, 604.2375, 518.0046
143433.0201, 6394360.4793, 33.4973, 604.2375, 518.0046
143434.7641, 6394360.9108, 33.3678, 740.4055, 518.1397
143436.5264, 6394362.6234, 33.1583, 814.4457, 518.0736
143436.8612, 6394363.5736, 33.0657, 805.5914, 519.0317
143436.2107, 6394361.0743, 33.1737, 849.1871, 526.6885
143435.9937, 6394360.6373, 33.1831, 850.1245, 529.6472
143435.8636, 6394360.0936, 33.1912, 862.7980, 533.1381
143436.0279, 6394359.4844, 33.1399, 904.2255, 541.2195
143432.3623, 6394366.5205, 32.7237, 433.4781, 547.6884
143432.3623, 6394366.5205, 32.7237, 433.4781, 547.6884
143428.0730, 6394362.5119, 33.3148, 109.1072, 549.4442
143427.7400, 6394362.0110, 33.3435, 73.8171, 552.8284
143427.7094, 6394362.0104, 33.3380, 70.6649, 553.5577
143431.5728, 6394364.4694, 32.8598, 403.4434, 554.2880
143431.5728, 6394364.4694, 32.8598, 403.4434, 554.2880
143427.4776, 6394362.4947, 33.2910, 49.4152, 555.4462
143434.6482, 6394360.9073, 32.9525, 732.1288, 555.6317
143430.8256, 6394362.5100, 32.9906, 367.8085, 562.1381
143430.8256, 6394362.5100, 32.9906, 367.8085, 562.1381
143430.6768, 6394362.5217, 32.9674, 354.5768, 564.9554
143430.6768, 6394362.5217, 32.9674, 354.5768, 564.9554
143430.4183, 6394362.0359, 32.9908, 337.1224, 568.6005
143435.5973, 6394362.9896, 32.5357, 737.6401, 568.8033
143427.4972, 6394362.5017, 35.6342, 39.1785, 333.7755
143427.4972, 6394362.5017, 35.6342, 39.1785, 333.7755
143439.3006, 6394368.0987, 35.7621, 813.8647, 334.8802
143437.6522, 6394363.1265, 35.4770, 869.3387, 336.8314
143429.9967, 6394364.0191, 32.7214, 281.6792, 577.2762
143430.3655, 6394364.0194, 32.6933, 312.5341, 577.4134
143432.6699, 6394363.0049, 32.6219, 515.3961, 578.2884
143429.7922, 6394363.5280, 32.7516, 267.8162, 580.2091
143432.6498, 6394362.5117, 32.6240, 524.1382, 582.5167
143429.3938, 6394363.0247, 32.7492, 235.7531, 587.5102
143429.3356, 6394363.0238, 32.7417, 230.4998, 588.5500
143439.7887, 6394369.6180, 35.7616, 800.7314, 339.3305
143429.1318, 6394362.0282, 32.7396, 216.5229, 600.3395
143434.6315, 6394359.9798, 32.4278, 766.3875, 612.5283
143434.8601, 6394359.5313, 32.3464, 804.6103, 623.9816
143435.0378, 6394359.4993, 32.1737, 821.8575, 639.4481
143439.0012, 6394367.0840, 35.6150, 825.3566, 340.6786
143432.5977, 6394377.4722, 36.0231, 338.6013, 352.4913
143429.8451, 6394361.5054, 37.5742, 268.0193, 136.5176
143432.1446, 6394360.9974, 37.5827, 496.6053, 133.2451
143428.3788, 6394362.0125, 37.4761, 118.4130, 151.0317
143436.3962, 6394359.6404, 36.8828, 919.0092, 187.8475
143429.4671, 6394366.9924, 37.7188, 205.1820, 199.5648
143430.0831, 6394370.4935, 35.3513, 241.8358, 377.0529
143429.0954, 6394366.9967, 37.1553, 179.1002, 240.3605
143428.3515, 6394364.4943, 35.7032, 126.1956, 336.5760
143439.7821, 6394369.0286, 35.2122, 815.8356, 368.7148
143439.7821, 6394369.0286, 35.2122, 815.8356, 368.7148
143435.8840, 6394360.6209, 32.9989, 842.5582, 546.5450
143431.0660, 6394362.4808, 39.2662, 365.4360, 3.5393
143431.5673, 6394362.4775, 39.2773, 410.0045, 5.1538
143431.4832, 6394362.4947, 39.2740, 402.3428, 5.4172
143456.3293, 6394377.6220, 44.8141, 1220.2344, 6.3514
143448.9138, 6394368.0710, 41.7834, 1265.1798, 7.2595
143440.8583, 6394372.1056, 35.0285, 795.7790, 382.1123
143448.9138, 6394368.0710, 41.7834, 1265.1798, 7.2595
143430.7081, 6394362.4846, 39.2021, 333.2770, 7.5242
143430.7800, 6394362.4737, 39.2040, 339.9341, 7.4649
143430.7571, 6394362.4906, 39.1552, 337.8518, 12.2040
143429.3015, 6394363.4783, 39.3321, 197.0311, 12.3079
143429.2237, 6394363.4811, 39.3096, 190.0120, 13.9752
143437.3803, 6394360.9163, 39.0975, 932.4329, 14.2544
143435.3107, 6394361.4588, 39.1109, 750.3187, 15.2243
143428.9766, 6394363.4763, 39.2554, 167.5414, 17.4282
143428.9766, 6394363.4763, 39.2554, 167.5414, 17.4282
143430.2532, 6394362.9918, 39.1967, 286.9062, 17.7904
143433.8734, 6394361.5523, 39.0032, 630.0076, 19.7409
143436.5448, 6394359.4499, 38.6075, 937.0107, 19.4892
143429.0162, 6394363.4527, 39.2247, 171.3837, 19.8186
143448.4615, 6394367.5559, 41.3852, 1266.5590, 20.0692
143448.4615, 6394367.5559, 41.3852, 1266.5590, 20.0692
143430.4569, 6394361.4990, 34.8451, 339.6997, 398.8787
143449.2365, 6394369.6635, 41.9472, 1218.8529, 21.6467
143449.2365, 6394369.6635, 41.9472, 1218.8529, 21.6467
143429.8738, 6394362.9796, 39.0907, 252.9565, 25.1172
143436.4819, 6394359.4663, 38.5512, 931.0580, 25.0124
143439.1522, 6394394.9496, 34.9987, 464.4495, 401.6566
143429.5702, 6394362.9859, 39.0676, 225.0367, 25.8394
143428.1628, 6394363.9707, 39.2167, 92.5359, 28.1953
143435.3701, 6394359.9478, 38.5740, 814.8503, 28.8541
143437.3300, 6394390.4774, 34.4234, 438.7587, 419.9493
143436.4277, 6394359.5902, 33.9359, 930.3502, 464.2367
143436.5380, 6394360.1159, 33.8057, 914.5783, 474.1795
143437.4160, 6394362.0903, 33.6692, 895.8781, 476.3153
143433.6057, 6394369.5379, 33.4147, 470.2933, 486.5806
143433.9760, 6394369.0007, 33.4295, 499.6686, 485.9325
143433.9760, 6394369.0007, 33.4295, 499.6686, 485.9325
143427.2262, 6394362.5025, 33.9086, 20.4630, 498.5946
143433.2297, 6394360.4975, 33.6983, 621.8497, 497.8560
143433.9182, 6394359.9776, 33.3986, 701.2930, 525.5214
143428.0381, 6394363.9866, 39.1932, 81.0935, 30.0290
143427.8482, 6394363.4688, 39.0406, 61.8403, 30.9978
143427.3174, 6394362.5124, 38.7582, 3.7859, 32.0938
143427.9666, 6394363.4723, 39.0378, 73.2980, 31.9117
143428.5666, 6394363.4898, 39.0689, 130.1972, 32.4084
143428.4426, 6394363.4961, 39.0476, 118.6449, 33.8744
143428.4426, 6394363.4961, 39.0476, 118.6449, 33.8744
143428.1600, 6394363.9855, 39.1398, 92.6671, 35.2840
143427.7231, 6394362.5219, 38.7296, 46.1865, 37.1926
143434.6609, 6394360.0196, 38.4679, 750.7414, 37.2063
143450.1189, 6394371.1668, 42.0514, 1201.9672, 37.7106
143449.3722, 6394370.2034, 41.7643, 1205.4937, 38.0922
143432.8780, 6394360.4660, 33.3255, 592.3416, 535.1464
143427.3412, 6394362.5043, 33.1421, 36.3357, 570.2169
143427.1718, 6394362.4997, 33.1343, 18.9737, 572.1136
143449.3722, 6394370.2034, 41.7643, 1205.4937, 38.0922
143461.6593, 6394390.9192, 47.5182, 1078.2279, 39.4723
143428.0744, 6394363.9840, 39.0826, 84.9799, 39.8914
143427.9638, 6394362.4557, 38.6707, 70.8861, 42.5050
143427.9638, 6394362.4557, 38.6707, 70.8861, 42.5050
143432.3714, 6394361.0007, 38.5371, 513.9987, 42.5836
143449.6543, 6394369.4093, 41.4988, 1245.1466, 42.2766
143449.6543, 6394369.4093, 41.4988, 1245.1466, 42.2766
143431.6089, 6394360.9881, 38.4918, 443.0285, 42.8875
143436.5038, 6394359.4940, 38.3570, 931.9253, 44.5483
143433.5164, 6394360.4944, 38.3955, 632.5627, 49.8759
143433.5164, 6394360.4944, 38.3955, 632.5627, 49.8759
143430.7969, 6394361.4927, 38.3224, 357.7738, 67.1774
143460.1964, 6394387.6428, 46.2696, 1102.2301, 50.1175
143431.6669, 6394361.0058, 38.4095, 448.5218, 51.6332
143429.5949, 6394361.9848, 38.5229, 235.5020, 53.5778
143427.4260, 6394362.4713, 38.5275, 16.1005, 54.1828
143427.5071, 6394362.4787, 38.5191, 24.6614, 55.5555
143435.2995, 6394359.9746, 38.2917, 808.4046, 56.2641
143459.1566, 6394386.5779, 45.2344, 1096.9508, 72.2347
143431.2929, 6394361.0167, 38.0093, 414.1626, 89.3375
143432.8086, 6394366.5225, 32.7123, 463.9527, 546.4799
143433.6791, 6394366.5105, 32.6808, 522.4430, 544.8886
143433.2991, 6394360.0380, 33.2346, 643.9612, 544.4918
143433.2991, 6394360.0380, 33.2346, 643.9612, 544.4918
143427.5719, 6394362.0045, 32.8817, 58.7332, 598.4846
143438.8809, 6394358.0690, 32.1906, 1218.4052, 625.8782
143433.0420, 6394360.4537, 32.1897, 611.2440, 641.1617
143435.5624, 6394359.9280, 38.3623, 832.6128, 49.6555
143430.8046, 6394361.4960, 37.6000, 361.4634, 136.6368
143427.6759, 6394362.4968, 37.2349, 49.0710, 180.6369
143460.7707, 6394390.0278, 46.6333, 1073.2067, 56.9161
143434.6956, 6394360.0135, 38.2540, 754.6255, 57.9928
143433.3325, 6394364.5041, 37.5152, 521.7783, 192.0792
143436.4566, 6394360.1483, 33.5296, 907.2263, 499.2154
143441.4076, 6394363.4557, 32.7011, 1094.1920, 526.5250
143461.1543, 6394392.9674, 47.2104, 1033.6470, 60.6194
143459.3826, 6394388.4143, 45.8682, 1068.5173, 66.1839
143459.3826, 6394388.4143, 45.8682, 1068.5173, 66.1839
143459.6426, 6394388.3900, 45.8457, 1075.3047, 67.0292
143429.3034, 6394361.9917, 38.3329, 207.5984, 70.6918
143430.3620, 6394361.5066, 38.2518, 315.8835, 72.4233
143431.1110, 6394361.4830, 38.2851, 387.9461, 71.9068
143459.5703, 6394388.4255, 45.6619, 1073.0028, 72.5547
143459.2924, 6394389.0646, 45.7342, 1054.9926, 74.3092
143459.2924, 6394389.0646, 45.7342, 1054.9926, 74.3092
143429.5022, 6394361.9965, 38.2813, 227.4399, 76.5996
143459.1672, 6394389.1682, 45.6770, 1050.2029, 76.4806
143459.1672, 6394389.1682, 45.6770, 1050.2029, 76.4806
143460.2081, 6394390.6307, 45.8575, 1050.2048, 81.8914
143429.5283, 6394362.0078, 38.2230, 230.2031, 82.5411
143436.1421, 6394359.4898, 37.9463, 902.7211, 82.5194
143436.2200, 6394359.5087, 37.9529, 908.3538, 82.6072
143433.7804, 6394360.4596, 38.0213, 658.4918, 86.3117
143433.7804, 6394360.4596, 38.0213, 658.4918, 86.3117
143436.2296, 6394359.5167, 37.8974, 908.8936, 88.1734
143458.8598, 6394387.6326, 44.8526, 1070.1719, 90.3873
143430.3428, 6394361.4895, 38.0499, 315.0800, 91.5713
143431.2410, 6394361.4644, 37.9680, 401.7659, 102.2994
143432.2624, 6394360.9901, 37.8885, 506.5454, 104.1590
143458.5264, 6394388.5122, 44.5184, 1046.4922, 105.3842
143457.3019, 6394387.1127, 43.0222, 1041.2725, 140.6908
143433.1368, 6394370.5265, 37.7697, 420.3597, 230.3457
143439.3163, 6394368.6218, 37.6321, 798.1931, 227.5457
143456.4766, 6394383.5842, 43.3145, 1086.5525, 109.0852
143436.9809, 6394359.0257, 37.5730, 997.6828, 112.4736
143432.3351, 6394360.9887, 37.7947, 513.6139, 113.3692
143433.0758, 6394370.9947, 37.5893, 412.2456, 244.2089
143436.7966, 6394359.0306, 34.6727, 987.8266, 393.5052
143457.8510, 6394386.4974, 43.7298, 1066.1204, 116.0647
143457.8510, 6394386.4974, 43.7298, 1066.1204, 116.0647
143429.2008, 6394361.9964, 37.7519, 200.1310, 126.3514
143429.2008, 6394361.9964, 37.7519, 200.1310, 126.3514
143429.4031, 6394362.0029, 37.7329, 220.1923, 128.9246
143429.4031, 6394362.0029, 37.7329, 220.1923, 128.9246
143429.5741, 6394361.9918, 37.7027, 237.1704, 132.1201
143436.5666, 6394359.5334, 37.4522, 937.0980, 132.3749
143431.2402, 6394361.0138, 37.5395, 411.0471, 135.0603
143457.6682, 6394388.6203, 43.5039, 1023.9491, 134.9671
143457.6682, 6394388.6203, 43.5039, 1023.9491, 134.9671
143430.1783, 6394361.5040, 37.5909, 300.8469, 135.8383
143429.8022, 6394361.5065, 37.5484, 263.8624, 138.9319
143431.7958, 6394361.0121, 37.5154, 464.0015, 138.9822
143431.6697, 6394361.0144, 37.5017, 452.1312, 139.9838
143435.7262, 6394359.5841, 37.3562, 864.3477, 140.0883
143430.0849, 6394361.5112, 37.5398, 291.8347, 140.6615
143431.4292, 6394361.0293, 37.4871, 429.0848, 140.9900
143429.7407, 6394361.5126, 37.5211, 257.8030, 141.5387
143434.6189, 6394360.0139, 37.3776, 750.3361, 142.5247
143436.1131, 6394359.6364, 37.3527, 894.6245, 142.4170
143436.2171, 6394359.5802, 37.3407, 906.0298, 142.8721
143430.0640, 6394361.5137, 37.5082, 289.8924, 143.7197
143431.8132, 6394361.0019, 37.4684, 466.0317, 143.3880
143431.6558, 6394361.0207, 37.4640, 450.8430, 143.7066
143431.6558, 6394361.0207, 37.4640, 450.8430, 143.7066
143431.4975, 6394361.0333, 37.4384, 435.6997, 145.9758
143427.2623, 6394362.5051, 37.5778, 4.4112, 146.7162
143435.6497, 6394359.5357, 38.6270, 856.9086, 14.8269
143435.3521, 6394359.9281, 38.6705, 813.8943, 18.9779
143433.8594, 6394360.4338, 38.6787, 664.3413, 22.8094
143433.2062, 6394360.4644, 38.6179, 604.5963, 25.9712
143436.4190, 6394359.4760, 38.5142, 925.3955, 28.4967
143428.9721, 6394363.4891, 39.0933, 167.8309, 32.1498
143432.2873, 6394360.9309, 38.6342, 507.5008, 31.1093
143428.7406, 6394363.4979, 39.0418, 146.5848, 35.8440
143434.3729, 6394360.0474, 38.4637, 724.2504, 36.8194
143428.3976, 6394363.5157, 38.9683, 114.7972, 41.2265
143430.6192, 6394361.4841, 38.5260, 339.9436, 46.5084
143430.0411, 6394361.4933, 38.4771, 283.4969, 48.6655
143435.2137, 6394359.9497, 38.3751, 801.8704, 47.2565
143435.5157, 6394359.5404, 38.2412, 846.0593, 52.1086
143435.5157, 6394359.5404, 38.2412, 846.0593, 52.1086
143429.8041, 6394361.9729, 38.5144, 256.0445, 55.0854
143434.0459, 6394360.0428, 38.2517, 695.7903, 55.8532
143434.0459, 6394360.0428, 38.2517, 695.7903, 55.8532
143461.0532, 6394391.5206, 47.0200, 1054.5499, 56.3904
143461.0532, 6394391.5206, 47.0200, 1054.5499, 56.3904
143460.7001, 6394389.5450, 46.5223, 1079.9575, 56.7199
143431.4286, 6394361.0173, 38.3351, 425.8738, 58.0312
143433.5434, 6394360.4890, 38.3098, 635.4451, 58.1523
143433.5434, 6394360.4890, 38.3098, 635.4451, 58.1523
143429.1690, 6394362.0067, 38.4376, 193.6781, 60.3212
143429.1690, 6394362.0067, 38.4376, 193.6781, 60.3212
143435.2372, 6394359.9418, 38.1970, 804.6875, 64.3345
143435.2372, 6394359.9418, 38.1970, 804.6875, 64.3345
143431.5583, 6394361.0120, 38.2653, 438.6414, 65.3330
143428.4417, 6394362.0158, 38.3232, 120.5719, 68.3918
143428.7180, 6394362.0146, 38.3005, 148.9288, 71.8012
143428.5715, 6394362.0060, 38.2791, 134.0968, 73.0651
143428.5715, 6394362.0060, 38.2791, 134.0968, 73.0651
143430.2916, 6394361.5124, 38.2397, 309.0056, 73.4203
143430.4358, 6394361.5065, 38.2519, 323.0688, 72.7280
143430.4358, 6394361.5065, 38.2519, 323.0688, 72.7280
143427.9711, 6394362.4935, 38.3134, 73.6247, 77.8380
143427.9711, 6394362.4935, 38.3134, 73.6247, 77.8380
143430.8856, 6394361.4948, 38.2211, 366.6392, 77.3501
143431.5399, 6394361.0031, 38.0966, 437.7214, 81.5111
143431.5399, 6394361.0031, 38.0966, 437.7214, 81.5111
143430.1713, 6394361.5091, 38.0814, 297.9415, 88.2436
143430.1713, 6394361.5091, 38.0814, 297.9415, 88.2436
143436.8650, 6394359.0572, 37.8576, 985.7522, 84.8407
143436.8650, 6394359.0572, 37.8576, 985.7522, 84.8407
143436.1180, 6394359.4976, 37.8714, 900.4776, 89.8428
143430.4586, 6394361.5001, 38.0551, 326.2017, 91.7391
143430.4586, 6394361.5001, 38.0551, 326.2017, 91.7391
143430.4586, 6394361.5001, 38.0551, 326.2017, 91.7391
143430.4586, 6394361.5001, 38.0551, 326.2017, 91.7391
143432.5477, 6394360.9855, 37.9579, 532.5778, 98.4618
143428.7720, 6394362.0007, 37.9965, 155.9292, 101.3318
143428.7720, 6394362.0007, 37.9965, 155.9292, 101.3318
143458.3183, 6394387.1087, 44.3297, 1066.4203, 102.1162
143432.0920, 6394360.9874, 37.8624, 490.9154, 106.0094
143432.2123, 6394360.9943, 37.7611, 502.2848, 116.2901
143429.5153, 6394361.9892, 37.7658, 231.1429, 125.8663
143431.7334, 6394361.0074, 37.6555, 457.6895, 125.1674
143431.1535, 6394361.0158, 37.6169, 402.3296, 127.2543
143431.1535, 6394361.0158, 37.6169, 402.3296, 127.2543
143431.1535, 6394361.0158, 37.6169, 402.3296, 127.2543
143431.1535, 6394361.0158, 37.6169, 402.3296, 127.2543
143433.7066, 6394361.9760, 39.1735, 603.7863, 13.6281
143448.2956, 6394367.6720, 41.5000, 1254.6672, 14.9174
143448.2956, 6394367.6720, 41.5000, 1254.6672, 14.9174
143435.2176, 6394361.4514, 39.0989, 743.1740, 15.6403
143428.8555, 6394363.4773, 39.1306, 156.8810, 27.9918
143428.8555, 6394363.4773, 39.1306, 156.8810, 27.9918
143432.1257, 6394360.9503, 38.6546, 491.9447, 28.7703
143431.9016, 6394360.9552, 38.6298, 470.9034, 30.1249
143435.6323, 6394359.9077, 38.5281, 839.0125, 33.6342
143435.6323, 6394359.9077, 38.5281, 839.0125, 33.6342
143431.4153, 6394360.9761, 38.5691, 424.4249, 34.0276
143432.3924, 6394360.9746, 38.6132, 516.2681, 34.7474
143434.1412, 6394360.4553, 38.5570, 688.9138, 36.4858
143434.1412, 6394360.4553, 38.5570, 688.9138, 36.4858
143434.5727, 6394360.0084, 38.4735, 743.3902, 35.9418
143434.5727, 6394360.0084, 38.4735, 743.3902, 35.9418
143430.2050, 6394361.4842, 38.5812, 299.3020, 39.0704
143430.2050, 6394361.4842, 38.5812, 299.3020, 39.0704
143433.9413, 6394360.4711, 38.5194, 670.8649, 39.4675
143433.9413, 6394360.4711, 38.5194, 670.8649, 39.4675
143459.4228, 6394385.0065, 45.8811, 1134.2721, 41.1299
143434.9763, 6394359.9941, 38.3578, 779.5875, 48.8288
143434.9763, 6394359.9941, 38.3578, 779.5875, 48.8288
143436.5621, 6394359.4494, 38.2629, 939.2026, 52.8584
143434.6258, 6394360.0333, 38.2539, 747.7268, 58.1364
143434.6258, 6394360.0333, 38.2539, 747.7268, 58.1364
143429.8517, 6394361.5110, 38.3716, 264.9858, 58.5318
143430.2697, 6394361.5083, 38.3753, 306.3104, 60.0486
143427.3272, 6394362.4605, 38.4468, 6.0890, 61.3560
143429.7161, 6394361.9957, 38.4535, 247.5887, 61.0265
143430.6631, 6394361.4991, 38.3544, 344.7101, 63.6435
143430.6631, 6394361.4991, 38.3544, 344.7101, 63.6435
143428.8370, 6394362.0069, 38.3641, 160.6939, 65.9550
143430.1825, 6394361.5131, 38.3096, 297.9987, 66.1535
143430.1825, 6394361.5131, 38.3096, 297.9987, 66.1535
143430.1825, 6394361.5131, 38.3096, 297.9987, 66.1535
143462.2260, 6394395.5348, 47.5266, 1018.3571, 69.1980
143428.3094, 6394362.4830, 38.3846, 107.4648, 72.2093
143431.6723, 6394360.9997, 38.1827, 450.0364, 73.6022
143431.6723, 6394360.9997, 38.1827, 450.0364, 73.6022
143436.2689, 6394359.4927, 38.0037, 913.1257, 77.5484
143430.2249, 6394361.5005, 38.1533, 302.9777, 81.2859
143430.1130, 6394361.5073, 38.1309, 292.0101, 83.1513
143430.1130, 6394361.5073, 38.1309, 292.0101, 83.1513
143433.8408, 6394360.4717, 38.0596, 663.3480, 83.1310
143433.8408, 6394360.4717, 38.0596, 663.3480, 83.1310
143430.0041, 6394361.5058, 38.0691, 281.5497, 88.7112
143430.0041, 6394361.5058, 38.0691, 281.5497, 88.7112
143432.6823, 6394360.9437, 38.0482, 545.5667, 89.4955
143432.6823, 6394360.9437, 38.0482, 545.5667, 89.4955
143436.5215, 6394359.4651, 37.8620, 935.8958, 91.6493
143436.5215, 6394359.4651, 37.8620, 935.8958, 91.6493
143460.2283, 6394393.0056, 45.9177, 1012.8010, 94.3837
143460.2283, 6394393.0056, 45.9177, 1012.8010, 94.3837
143431.6147, 6394361.0080, 37.9561, 445.2868, 95.5985
143431.6147, 6394361.0080, 37.9561, 445.2868, 95.5985
143431.6147, 6394361.0080, 37.9561, 445.2868, 95.5985
143431.5021, 6394361.0085, 37.9318, 434.6658, 97.5431
143429.2357, 6394361.9960, 38.0372, 202.2564, 99.0079
143429.2357, 6394361.9960, 38.0372, 202.2564, 99.0079
143431.2113, 6394361.0059, 37.9067, 406.8997, 98.8446
143427.9230, 6394362.5071, 38.0724, 70.0239, 101.0958
143429.0154, 6394362.0072, 38.0184, 180.3340, 100.2292
143429.0154, 6394362.0072, 38.0184, 180.3340, 100.2292
143431.7113, 6394360.9968, 37.8976, 454.8901, 101.4102
143430.7761, 6394361.5005, 37.9550, 357.2105, 102.5909
143436.4252, 6394359.4691, 37.7332, 927.9589, 103.7634
143430.4964, 6394361.5000, 37.9000, 330.5380, 106.8713
143430.4964, 6394361.5000, 37.9000, 330.5380, 106.8713
143431.1567, 6394361.0176, 37.8233, 401.7656, 107.0695
143431.1567, 6394361.0176, 37.8233, 401.7656, 107.0695
143428.4988, 6394362.0090, 37.9261, 128.4334, 107.3649
143428.4988, 6394362.0090, 37.9261, 128.4334, 107.3649
143432.3152, 6394360.9825, 37.8482, 511.7306, 108.0529
143428.2962, 6394362.4754, 37.9977, 108.0632, 108.9400
143431.7397, 6394361.0006, 37.7940, 457.8896, 111.6417
143431.7397, 6394361.0006, 37.7940, 457.8896, 111.6417
143431.2083, 6394361.4825, 37.8230, 398.9688, 116.3466
143431.2083, 6394361.4825, 37.8230, 398.9688, 116.3466
143430.1863, 6394361.5030, 37.7501, 300.9482, 120.3970
143436.2650, 6394359.5253, 37.4817, 912.3740, 128.4956
143431.5641, 6394361.0153, 37.5431, 441.9593, 135.6903
143431.9799, 6394361.0223, 37.4321, 481.3179, 147.6850
143429.5939, 6394362.0096, 37.5091, 239.8694, 150.9274
143431.9124, 6394361.0409, 37.3806, 474.8217, 152.7671
143427.8345, 6394362.5127, 37.4641, 64.1790, 159.2548
143437.9230, 6394363.9522, 37.9411, 853.4702, 160.7024
143437.9230, 6394363.9522, 37.9411, 853.4702, 160.7024
143430.4521, 6394361.5458, 37.3316, 328.1317, 162.3053
143437.0501, 6394364.4526, 37.9855, 780.4070, 162.1179
143436.2981, 6394364.4781, 37.9574, 729.9550, 163.1679
143434.2867, 6394362.0026, 37.4578, 655.3542, 166.0709
143434.6502, 6394364.9780, 37.9334, 605.0259, 168.2449
143433.3213, 6394364.4943, 37.7601, 520.4358, 173.0981
143433.8837, 6394365.4888, 37.9395, 541.1462, 172.6760
143437.5788, 6394362.5980, 37.5048, 880.1586, 176.2047
143432.4012, 6394365.9752, 37.9103, 428.5983, 178.2176
143432.2153, 6394363.5601, 37.5183, 452.8027, 178.5475
143432.2153, 6394363.5601, 37.5183, 452.8027, 178.5475
143431.4691, 6394366.0046, 37.8068, 360.8845, 184.7919
143437.8187, 6394363.6440, 37.5504, 858.0538, 185.6559
143433.5433, 6394364.4462, 37.5636, 538.3337, 187.9678
143433.3373, 6394364.4984, 37.5440, 522.1595, 189.8019
143430.2758, 6394363.5391, 37.3314, 291.6143, 190.8694
143430.2758, 6394363.5391, 37.3314, 291.6143, 190.8694
143430.2758, 6394363.5391, 37.3314, 291.6143, 190.8694
143432.8663, 6394364.0105, 37.4485, 496.2063, 190.8483
143428.7172, 6394365.4829, 37.5389, 149.6977, 195.5080
143429.9775, 6394366.4981, 37.7097, 245.8418, 195.5248
143429.9775, 6394366.4981, 37.7097, 245.8418, 195.5248
143428.8624, 6394365.9991, 37.5837, 160.8986, 198.1274
143449.4351, 6394374.9581, 39.1549, 1067.5439, 200.9883
143429.1379, 6394366.9908, 37.6759, 180.4406, 202.3100
143429.1379, 6394366.9908, 37.6759, 180.4406, 202.3100
143427.9459, 6394363.5021, 37.0902, 80.8399, 208.3396
143436.4057, 6394359.6362, 36.6307, 920.5480, 211.6721
143436.4057, 6394359.6362, 36.6307, 920.5480, 211.6721
143433.6356, 6394367.0355, 37.4309, 498.5623, 223.9516
143433.6356, 6394367.0355, 37.4309, 498.5623, 223.9516
143433.6356, 6394367.0355, 37.4309, 498.5623, 223.9516
143428.4316, 6394364.9989, 37.0745, 127.5367, 227.2367
143428.2193, 6394364.4906, 36.9969, 108.7907, 228.1566
143428.2193, 6394364.4906, 36.9969, 108.7907, 228.1566
143428.8615, 6394366.4973, 37.0659, 162.2013, 242.5039
143429.0484, 6394366.9966, 37.0209, 176.0162, 250.1468
143427.7487, 6394362.5023, 36.4470, 60.6550, 256.1676
143436.9859, 6394358.9599, 35.9547, 1004.8492, 269.0679
143436.9299, 6394359.0014, 35.9120, 998.0192, 273.6101
143436.9623, 6394358.9537, 35.8508, 1003.4393, 279.0913
143436.5726, 6394359.5173, 35.8533, 941.7623, 283.9375
143437.4735, 6394360.9401, 39.2229, 938.1165, 4.3613
143449.0801, 6394368.5466, 41.9735, 1253.6111, 4.4957
143437.0391, 6394360.9278, 39.1797, 905.9075, 5.5746
143455.9086, 6394377.1368, 44.5019, 1220.5935, 12.3799
143455.9086, 6394377.1368, 44.5019, 1220.5935, 12.3799
143456.1413, 6394377.6760, 44.6087, 1213.2068, 14.2707
143431.0448, 6394362.4829, 39.1269, 364.0439, 16.0954
143455.8067, 6394377.1094, 44.3660, 1218.2667, 17.1077
143430.9712, 6394362.4996, 39.1090, 357.2824, 17.7421
143459.0773, 6394381.4385, 45.6649, 1203.2003, 17.9280
143434.5545, 6394361.4464, 39.0256, 689.7712, 18.6832
143434.7581, 6394359.9678, 38.6537, 760.7808, 18.3613
143430.0995, 6394362.9805, 39.1661, 273.2146, 19.4937
143450.2984, 6394371.0507, 42.3935, 1212.5144, 20.3682
143429.1026, 6394363.4684, 39.2138, 179.3665, 21.5838
143449.3399, 6394369.5861, 41.9044, 1225.8262, 23.0924
143428.7982, 6394363.4757, 39.1753, 151.3589, 23.6734
143449.4609, 6394369.5013, 41.8288, 1233.8149, 26.1595
143459.2537, 6394383.5379, 45.9248, 1160.5853, 27.6676
143433.9031, 6394360.4428, 38.5890, 668.2078, 31.9048
143433.9031, 6394360.4428, 38.5890, 668.2078, 31.9048
143450.1388, 6394371.1269, 42.1281, 1204.0085, 33.6096
143450.1388, 6394371.1269, 42.1281, 1204.0085, 33.6096
143427.8545, 6394362.9980, 38.8852, 61.1154, 34.4063
143428.0251, 6394363.4778, 38.9516, 79.3504, 40.1515
143428.0251, 6394363.4778, 38.9516, 79.3504, 40.1515
143459.9164, 6394385.9850, 46.1360, 1127.0922, 41.5133
143427.3848, 6394362.5332, 38.6563, 11.5717, 42.8895
143435.5277, 6394359.9505, 38.4352, 828.5232, 43.0361
143427.8501, 6394362.4598, 38.6534, 59.3289, 43.7167
143427.3442, 6394362.5394, 38.6389, 7.4755, 44.5259
143431.6254, 6394360.9993, 38.4348, 444.6074, 48.8114
143427.3405, 6394362.5494, 38.5942, 7.4133, 49.0978
143437.8623, 6394360.8673, 38.7110, 971.3608, 49.0030
143430.3049, 6394361.5004, 38.4721, 309.4154, 50.6063
143427.3121, 6394362.5603, 38.5607, 4.7201, 52.4814
143427.3121, 6394362.5603, 38.5607, 4.7201, 52.4814
143459.9032, 6394387.1375, 46.0167, 1104.5990, 53.6076
143459.9032, 6394387.1375, 46.0167, 1104.5990, 53.6076
143427.6693, 6394362.4813, 38.5428, 41.3911, 54.0778
143449.3311, 6394369.9862, 41.3799, 1211.6261, 54.5154
143461.0697, 6394391.1509, 46.9587, 1061.0500, 55.6821
143433.9184, 6394360.4591, 38.3328, 669.8083, 56.9913
143449.3808, 6394369.9739, 41.2699, 1214.1113, 59.9891
143427.7117, 6394362.4873, 38.4790, 46.1396, 60.5883
143462.4868, 6394396.0031, 47.9399, 1016.9449, 61.7798
143427.4264, 6394362.4916, 38.4417, 16.7578, 63.0171
143459.3992, 6394386.6158, 45.5388, 1102.1705, 63.5834
143434.4243, 6394360.0315, 38.1788, 730.2267, 64.4736
143459.5610, 6394387.0876, 45.6033, 1097.2584, 65.1748
143460.8816, 6394392.5455, 46.8780, 1034.2615, 66.5651
143460.8816, 6394392.5455, 46.8780, 1034.2615, 66.5651
143431.9700, 6394360.9957, 38.2213, 478.0071, 71.0603
143431.5924, 6394361.0047, 38.1934, 442.3090, 72.3254
143432.2896, 6394361.0009, 38.1921, 507.6974, 75.3441
143460.5986, 6394391.4899, 46.2948, 1044.9504, 75.5474
143460.5986, 6394391.4899, 46.2948, 1044.9504, 75.5474
143460.6723, 6394393.1023, 46.6444, 1020.9897, 75.9949
143460.6723, 6394393.1023, 46.6444, 1020.9897, 75.9949
143460.4628, 6394392.0759, 46.3841, 1032.3805, 76.5461
143431.8711, 6394361.0056, 38.1526, 468.7865, 77.4976
143433.4762, 6394360.5071, 38.1044, 629.4933, 78.0842
143430.7936, 6394361.5034, 38.1917, 357.8559, 79.9764
143431.4042, 6394361.0040, 38.0958, 424.7409, 81.0456
143431.3162, 6394361.0256, 38.0761, 415.9836, 83.0740
143434.9063, 6394360.0074, 37.9970, 773.9565, 83.6179
143436.4922, 6394359.4835, 37.9446, 932.3660, 83.9721
143428.8656, 6394362.0105, 38.1631, 164.5585, 85.6973
143433.8933, 6394360.4594, 38.0273, 668.5058, 86.1804
143433.8441, 6394360.4816, 38.0134, 663.4559, 87.7813
143433.8441, 6394360.4816, 38.0134, 663.4559, 87.7813
143432.6197, 6394360.5210, 37.9317, 551.1633, 91.7160
143432.6197, 6394360.5210, 37.9317, 551.1633, 91.7160
143432.6291, 6394360.9661, 38.0190, 540.2675, 92.5399
143432.6291, 6394360.9661, 38.0190, 540.2675, 92.5399
143429.4986, 6394361.9679, 38.0904, 228.1345, 94.3072
143431.0393, 6394361.4756, 38.0399, 382.2715, 94.9233
143430.9676, 6394361.4887, 38.0360, 375.2925, 95.2850
143429.1642, 6394361.9882, 38.0577, 195.0753, 96.6071
143459.9440, 6394392.0948, 45.5973, 1020.5616, 97.5238
143430.6870, 6394361.4737, 37.9896, 348.8834, 98.3967
143436.9279, 6394359.0286, 37.7156, 992.8331, 98.3966
143431.5597, 6394361.0013, 37.9094, 440.3785, 99.7955
143431.5597, 6394361.0013, 37.9094, 440.3785, 99.7955
143429.4290, 6394361.9878, 38.0204, 221.4959, 101.1601
143459.7568, 6394390.0355, 45.0107, 1049.9430, 101.6200
143428.6867, 6394362.0079, 37.9726, 147.3811, 103.4817
143436.2017, 6394359.5124, 37.7100, 907.1765, 106.0567
143430.8266, 6394361.4906, 37.9147, 362.3416, 106.4349
143456.6255, 6394383.5718, 43.3931, 1090.8226, 106.5999
143456.6255, 6394383.5718, 43.3931, 1090.8226, 106.5999
143429.0275, 6394362.0061, 37.9425, 181.9128, 107.5891
143430.7274, 6394361.4871, 37.8994, 352.9566, 107.4958
143432.0057, 6394360.9903, 37.8236, 482.9518, 109.4924
143457.9487, 6394386.6043, 43.8987, 1066.5453, 111.6578
143428.3207, 6394362.4889, 37.9343, 110.8532, 115.3248
143431.1342, 6394361.4822, 37.8090, 392.0670, 117.4268
143430.1135, 6394361.5008, 37.7358, 293.8771, 121.5013
143436.2904, 6394359.4981, 37.5405, 915.6947, 122.4188
143429.2402, 6394361.9908, 37.7701, 203.9787, 124.6219
143431.1524, 6394361.0112, 37.6414, 402.1983, 124.7636
143429.6704, 6394361.9837, 37.7615, 246.3440, 126.6489
143436.1534, 6394359.5034, 37.4998, 904.0297, 126.0064
143431.2602, 6394361.0195, 37.6268, 412.5194, 126.6935
143431.2602, 6394361.0195, 37.6268, 412.5194, 126.6935
143430.0298, 6394361.5011, 37.6530, 286.0052, 129.3074
143431.8464, 6394360.9999, 37.5996, 468.6916, 130.7749
143430.2907, 6394361.5047, 37.6314, 311.6592, 132.2618
143429.5421, 6394361.9914, 37.6795, 234.1435, 134.2280
143431.6428, 6394361.0054, 37.5606, 449.5408, 134.0426
143431.6428, 6394361.0054, 37.5606, 449.5408, 134.0426
143431.1962, 6394361.0099, 37.5316, 406.9037, 135.6307
143431.3882, 6394361.0161, 37.5268, 425.2501, 136.7708
143434.7445, 6394360.0175, 37.4225, 761.0477, 138.6155
143434.7115, 6394360.0391, 37.3869, 757.4251, 142.3293
143430.4029, 6394361.5165, 37.5055, 322.9793, 144.9537
143433.5086, 6394360.5248, 37.3944, 634.1246, 146.7906
143436.4339, 6394360.0237, 37.3781, 902.8707, 147.4607
143429.6186, 6394362.0044, 37.5284, 242.2151, 149.0672
143431.5200, 6394361.0345, 37.4046, 437.9499, 149.3381
143431.7400, 6394361.0298, 37.4044, 458.8218, 149.8471
143427.6037, 6394362.4975, 37.5470, 39.9972, 150.4595
143431.8043, 6394361.0212, 37.3697, 465.1700, 153.2165
143431.3174, 6394361.0337, 37.3453, 418.8823, 154.5581
143437.4909, 6394362.6018, 37.7746, 873.4088, 154.8589
143437.9144, 6394363.9432, 38.0127, 853.0930, 155.3318
143437.0284, 6394364.4418, 38.0612, 779.1602, 156.4555
143430.1916, 6394361.5355, 37.3680, 302.8007, 158.0101
143430.1916, 6394361.5355, 37.3680, 302.8007, 158.0101
143437.6166, 6394363.1323, 37.8122, 862.3008, 159.3043
143430.0087, 6394361.5270, 37.3427, 285.0690, 159.8787
143434.2954, 6394361.9888, 37.5194, 656.2852, 160.5618
143434.6432, 6394364.9675, 38.0048, 604.5922, 162.8446
143432.0269, 6394362.0069, 37.4349, 465.4278, 163.4504
143428.0372, 6394362.5185, 37.4158, 85.0193, 164.4261
143429.7664, 6394362.0296, 37.3628, 257.1185, 165.5336
143434.6101, 6394364.9877, 37.9531, 601.9768, 166.8424
143432.5291, 6394362.0364, 37.3903, 508.6481, 168.9427
143432.5291, 6394362.0364, 37.3903, 508.6481, 168.9427
143432.0677, 6394362.5326, 37.4156, 459.0988, 172.9888
143432.1416, 6394365.9667, 37.9482, 409.9421, 174.9607
143428.8147, 6394365.9975, 37.8279, 156.1011, 179.1827
143428.9944, 6394366.4827, 37.8972, 169.4882, 180.0297
143429.4857, 6394366.9862, 37.9787, 205.6777, 180.6021
143432.8050, 6394363.4993, 37.4773, 501.0802, 182.0958
143446.3620, 6394365.3752, 38.0346, 1265.3680, 182.2386
143429.0549, 6394366.4886, 37.8457, 174.4071, 184.0588
143428.9829, 6394366.4931, 37.8343, 168.8130, 184.8665
143437.9126, 6394363.5967, 37.5380, 865.9053, 186.1625
143437.9126, 6394363.5967, 37.5380, 865.9053, 186.1625
143449.9129, 6394377.0004, 39.8249, 1033.2418, 186.1963
143428.3773, 6394364.4857, 37.4796, 120.7054, 187.6036
143430.3554, 6394366.5079, 37.8292, 273.7961, 187.3183
143430.3554, 6394366.5079, 37.8292, 273.7961, 187.3183
143428.8671, 6394365.9879, 37.6675, 160.9628, 191.5353
143437.9069, 6394363.6187, 37.4117, 864.9900, 195.7780
143438.0106, 6394363.9888, 37.4276, 858.8239, 198.7242
143438.0106, 6394363.9888, 37.4276, 858.8239, 198.7242
143436.4496, 6394359.5975, 36.5951, 926.1243, 214.5878
143438.2050, 6394364.6112, 37.2882, 850.5150, 215.1469
143438.1368, 6394364.5904, 37.2106, 847.0699, 220.3660
143433.7252, 6394367.0101, 37.4536, 504.7921, 222.2522
143438.0886, 6394364.6262, 37.1301, 843.0300, 226.3274
143438.0886, 6394364.6262, 37.1301, 843.0300, 226.3274
143438.2651, 6394364.0189, 36.9791, 874.8865, 231.7385
143434.8013, 6394368.9993, 37.5052, 539.1263, 235.7152
143434.8013, 6394368.9993, 37.5052, 539.1263, 235.7152
143434.1551, 6394369.0364, 37.4416, 500.3585, 239.6310
143434.7132, 6394369.5222, 37.5069, 525.7549, 239.4059
143434.3898, 6394369.5153, 37.4970, 507.0793, 239.8258
143438.2268, 6394364.0551, 36.8561, 871.4091, 240.9062
143438.2268, 6394364.0551, 36.8561, 871.4091, 240.9062
143438.4637, 6394363.9419, 36.8360, 890.4711, 241.4944
143434.6565, 6394369.5438, 37.4490, 522.2770, 243.0203
143434.6565, 6394369.5438, 37.4490, 522.2770, 243.0203
143434.6473, 6394370.5248, 37.4678, 507.3919, 248.5797
143436.5132, 6394360.1314, 36.2980, 906.6171, 248.4584
143429.3770, 6394367.9820, 37.0841, 197.7882, 253.5454
143435.1423, 6394372.0180, 37.4937, 513.6765, 256.5129
143435.1423, 6394372.0180, 37.4937, 513.6765, 256.5129
143439.8057, 6394368.5056, 37.1222, 827.6395, 256.7095
143429.5922, 6394368.4832, 37.0469, 211.6397, 259.8378
143429.6780, 6394368.9904, 37.0682, 215.7867, 261.9988
143435.7249, 6394373.5209, 37.5328, 523.4425, 262.9416
143445.5559, 6394365.4632, 36.6790, 1223.4692, 264.5343
143436.5277, 6394359.5480, 36.0536, 936.1313, 265.3048
143435.7924, 6394374.0083, 37.5095, 520.5416, 266.6830
143447.9912, 6394374.6225, 37.5496, 1024.9908, 267.8267
143436.4394, 6394374.9924, 37.5523, 538.7337, 269.4706
143439.6858, 6394368.5673, 36.8981, 820.1159, 270.1296
143436.1280, 6394374.9955, 37.5289, 524.1821, 270.6334
143436.5234, 6394360.1199, 36.0451, 908.4931, 271.4313
143447.7274, 6394373.6259, 37.3411, 1041.1053, 272.6571
143428.0287, 6394363.5167, 36.3571, 92.2525, 274.0598
143438.4285, 6394363.9404, 36.3687, 889.1007, 275.1577
143436.6270, 6394359.4892, 35.8833, 947.5634, 280.8462
143437.1630, 6394379.9818, 37.7580, 512.6846, 281.6400
143438.1223, 6394364.6154, 36.3331, 846.9330, 282.2383
143438.4435, 6394363.9434, 36.2523, 890.1415, 283.5513
143447.5392, 6394374.1541, 37.0549, 1020.4815, 287.5965
143447.6465, 6394374.0457, 37.0470, 1027.3070, 287.5052
143447.6033, 6394373.5375, 37.0077, 1039.0150, 287.2664
143439.8403, 6394368.4737, 36.5518, 831.1614, 289.7553
143447.5751, 6394374.1010, 36.9700, 1023.2642, 291.1360
143447.5751, 6394374.1010, 36.9700, 1023.2642, 291.1360
143447.5751, 6394374.1010, 36.9700, 1023.2642, 291.1360
143436.5348, 6394360.1170, 35.7820, 910.1002, 295.3901
143439.6511, 6394369.0906, 36.3885, 805.7615, 302.1647
143439.6511, 6394369.0906, 36.3885, 805.7615, 302.1647
143439.7340, 6394385.5140, 37.6353, 552.5753, 303.6957
143437.2403, 6394358.9025, 35.5880, 1029.7112, 303.9591
143440.5376, 6394388.0402, 37.6999, 555.1984, 307.8394
143436.7917, 6394359.0186, 35.4419, 986.5421, 319.3227
143443.0685, 6394395.0420, 37.7191, 569.4284, 321.4967
143439.2352, 6394359.1519, 35.3461, 1171.0543, 326.2442
143439.2031, 6394359.1800, 35.3016, 1166.9900, 330.4829
143439.3270, 6394359.0797, 35.2911, 1182.4297, 330.7343
143435.5539, 6394361.4768, 39.2178, 768.7006, 7.4913
143436.4985, 6394361.4384, 39.2704, 843.2422, 6.8687
143461.2221, 6394385.9626, 47.3217, 1159.5492, 7.2772
143461.2221, 6394385.9626, 47.3217, 1159.5492, 7.2772
143433.9147, 6394361.5277, 39.0859, 633.9412, 11.9009
143428.9424, 6394363.4934, 39.3109, 164.1050, 12.7027
143428.7993, 6394363.4704, 39.2823, 150.9790, 13.9806
143432.9661, 6394361.9723, 39.0926, 541.8688, 16.9602
143432.7188, 6394361.9735, 39.0588, 520.7455, 18.7724
143432.7188, 6394361.9735, 39.0588, 520.7455, 18.7724
143449.4783, 6394369.4452, 41.9583, 1236.4771, 18.8799
143432.4694, 6394360.9307, 38.6949, 524.1288, 26.1979
143431.6449, 6394362.4800, 39.0410, 417.6538, 26.7837
143431.6449, 6394362.4800, 39.0410, 417.6538, 26.7837
143460.0962, 6394385.0898, 46.3472, 1149.5461, 28.3104
143460.0962, 6394385.0898, 46.3472, 1149.5461, 28.3104
143436.4561, 6394359.4693, 38.4606, 928.9545, 33.7142
143430.3018, 6394361.4648, 38.6123, 308.8866, 36.0589
143430.1138, 6394361.4586, 38.5808, 290.5554, 38.0260
143434.9492, 6394359.9875, 38.4597, 777.2197, 38.6862
143428.8204, 6394361.9708, 38.6108, 157.8462, 40.9753
143433.4913, 6394360.4908, 38.4668, 630.1851, 42.7761
143433.4913, 6394360.4908, 38.4668, 630.1851, 42.7761
143431.9396, 6394360.9929, 38.4566, 474.3350, 48.0602
143429.9153, 6394361.5010, 38.4599, 271.0086, 49.9284
143429.0809, 6394361.9849, 38.5008, 184.6424, 53.2959
143429.6657, 6394361.9819, 38.5274, 242.4306, 53.4036
143432.2122, 6394360.9998, 38.4121, 499.7674, 53.8191
143429.4698, 6394361.9993, 38.4985, 223.2336, 55.6687
143431.3343, 6394361.0223, 38.3490, 416.6746, 56.3448
143431.3343, 6394361.0223, 38.3490, 416.6746, 56.3448
143461.3056, 6394393.5090, 47.4375, 1028.5482, 58.1616
143460.6576, 6394388.9446, 46.2984, 1089.6520, 59.0082
143432.2072, 6394360.9815, 38.3257, 500.0392, 61.7092
143428.3481, 6394362.4749, 38.4654, 110.9383, 64.4804
143460.9607, 6394392.5987, 47.0018, 1035.1549, 63.6594
143436.0532, 6394359.5099, 38.0749, 893.9424, 70.1098
143459.2745, 6394388.5377, 45.7000, 1063.7794, 71.8010
143436.5985, 6394359.4224, 38.0161, 944.1190, 76.2122
143460.4265, 6394391.4884, 46.1171, 1041.0927, 80.2216
143460.3752, 6394393.1564, 46.2870, 1013.6326, 85.5295
143460.1245, 6394391.0088, 45.6366, 1042.1262, 90.2575
143458.9653, 6394388.0433, 44.8503, 1065.4022, 93.2025
143428.2331, 6394362.5162, 38.1652, 100.9641, 93.5473
143428.2331, 6394362.5162, 38.1652, 100.9641, 93.5473
143427.3024, 6394362.5259, 38.0843, 6.0162, 98.0229
143431.9812, 6394361.0024, 37.9419, 479.9594, 98.2350
143431.9812, 6394361.0024, 37.9419, 479.9594, 98.2350
143430.4858, 6394361.5003, 37.9818, 329.1529, 98.9364
143459.5979, 6394390.1597, 44.9596, 1044.1133, 103.6281
143431.5637, 6394361.0083, 37.8626, 440.8047, 104.5122
143431.8407, 6394360.9948, 37.6794, 467.9604, 122.9578
143436.9252, 6394359.0163, 37.3780, 993.9503, 131.1779
143428.7197, 6394362.0072, 37.6523, 152.3171, 134.7258
143429.4793, 6394361.9955, 37.6733, 227.9924, 134.7137
143436.5851, 6394359.5295, 37.3943, 938.9389, 137.8804
143436.3306, 6394360.0399, 37.3829, 893.7224, 147.0163
143432.3069, 6394361.0270, 37.4419, 511.3945, 147.6832
143429.6822, 6394362.0021, 37.5126, 248.4887, 150.6884
143430.0928, 6394361.5284, 37.4378, 292.8987, 150.8868
143430.0928, 6394361.5284, 37.4378, 292.8987, 150.8868
143429.6466, 6394362.0173, 37.4406, 245.2524, 157.6880
143435.8465, 6394361.4110, 39.2311, 794.0610, 6.2911
143428.9238, 6394363.4920, 39.2031, 162.8668, 22.1942
143429.0048, 6394363.4586, 39.2046, 170.4130, 21.6863
143428.7960, 6394363.4766, 39.1722, 151.1678, 23.9599
143449.4199, 6394369.5304, 41.8540, 1231.0896, 25.1474
143449.4199, 6394369.5304, 41.8540, 1231.0896, 25.1474
143429.4863, 6394363.0139, 39.0689, 217.1008, 25.9546
143428.6214, 6394363.4764, 39.1324, 135.0391, 26.6598
143428.6214, 6394363.4764, 39.1324, 135.0391, 26.6598
143432.2053, 6394360.9451, 38.5994, 499.6846, 34.4011
143432.2053, 6394360.9451, 38.5994, 499.6846, 34.4011
143428.0435, 6394363.9891, 39.1420, 81.8406, 34.6262
143460.0771, 6394385.6219, 46.2650, 1138.3014, 35.0162
143427.9090, 6394363.4707, 38.9710, 68.0671, 37.6769
143429.0482, 6394361.9564, 38.6394, 180.7661, 38.9788
143427.8070, 6394362.4488, 38.6901, 54.6462, 39.6801
143459.0854, 6394384.0898, 45.6741, 1144.5618, 39.9409
143428.2830, 6394363.5204, 38.9433, 104.0921, 43.0528
143461.7688, 6394393.0368, 47.8787, 1045.9972, 44.0301
143432.8388, 6394360.5207, 38.4137, 569.8487, 45.4265
143436.5449, 6394359.4782, 38.3469, 936.1502, 45.3492
143436.6365, 6394359.4565, 38.3392, 944.8640, 46.0305
143460.9026, 6394389.5994, 46.8593, 1083.6282, 47.7790
143430.3074, 6394361.5006, 38.4702, 309.6685, 50.8013
143461.3530, 6394393.0250, 47.4918, 1037.0707, 53.7188
143435.6468, 6394359.9541, 38.2917, 838.8005, 57.3857
143434.1196, 6394360.4590, 38.3085, 687.6370, 60.2267
143431.3616, 6394361.0133, 38.2858, 419.7233, 62.4627
143431.3616, 6394361.0133, 38.2858, 419.7233, 62.4627
143459.6748, 6394388.3340, 45.9653, 1077.0303, 63.1884
143434.5945, 6394360.0219, 38.1897, 745.5931, 63.9602
143431.0978, 6394361.4853, 38.2856, 386.6584, 71.8557
143434.2656, 6394360.0460, 38.0786, 715.8735, 73.8703
143433.9698, 6394360.5143, 38.1597, 673.0352, 75.0019
143433.5610, 6394360.5029, 38.1192, 637.1911, 76.9191
143433.6996, 6394360.4818, 38.1232, 650.2553, 76.6611
143432.8685, 6394360.5322, 38.0605, 573.5080, 80.3569
143436.0180, 6394359.5259, 37.9421, 890.5043, 83.1924
143434.9004, 6394360.0110, 37.9935, 773.3021, 84.0140
143434.9582, 6394359.9854, 37.9871, 779.3670, 84.3152
143434.9582, 6394359.9854, 37.9871, 779.3670, 84.3152
143435.0242, 6394359.9755, 37.9929, 785.4658, 83.8166
143435.0242, 6394359.9755, 37.9929, 785.4658, 83.8166
143459.1351, 6394389.1412, 45.1351, 1050.1716, 91.9499
143459.1351, 6394389.1412, 45.1351, 1050.1716, 91.9499
143432.6242, 6394360.9686, 38.0144, 539.7758, 93.0114
143432.6242, 6394360.9686, 38.0144, 539.7758, 93.0114
143432.6872, 6394360.9494, 38.0172, 545.9788, 92.5904
143432.6872, 6394360.9494, 38.0172, 545.9788, 92.5904
143430.2861, 6394361.5026, 37.9529, 309.8292, 101.0394
143431.5079, 6394361.0136, 37.9027, 435.2318, 100.5070
143431.2889, 6394361.0173, 37.8776, 414.2994, 102.2187
143430.1363, 6394361.5104, 37.9300, 295.1669, 102.8739
143431.6295, 6394361.0093, 37.8841, 446.9478, 102.6808
143458.6047, 6394388.1267, 44.5297, 1055.1774, 102.7858
143429.8470, 6394361.5072, 37.8891, 266.7586, 105.7540
143430.8301, 6394361.4903, 37.9131, 362.6862, 106.5991
143431.2490, 6394361.0081, 37.8276, 410.8217, 106.7901
143432.2256, 6394360.9970, 37.8615, 503.0844, 106.7488
143432.2256, 6394360.9970, 37.8615, 503.0844, 106.7488
143432.4074, 6394360.9796, 37.8614, 520.2300, 107.0614
143430.7236, 6394361.4884, 37.8961, 352.5901, 107.8201
143430.5739, 6394361.4997, 37.8769, 338.1287, 109.3700
143429.4924, 6394361.9928, 37.9257, 228.1401, 110.5633
143430.4221, 6394361.4982, 37.8513, 323.5597, 111.2872
143436.4541, 6394359.4755, 37.6377, 930.2548, 113.1787
143430.1244, 6394361.5000, 37.8135, 294.6164, 113.9687
143427.9857, 6394362.4896, 37.9255, 77.0933, 115.0676
143432.1247, 6394360.9868, 37.7653, 494.3214, 115.4454
143429.8221, 6394361.5133, 37.7711, 264.7720, 117.3382
143431.1341, 6394361.4872, 37.8139, 391.9504, 117.0586
143430.2212, 6394361.5022, 37.6688, 304.7260, 128.3773
143429.9330, 6394361.5102, 37.6468, 276.3767, 129.7835
143429.8008, 6394361.5141, 37.6083, 263.3836, 133.2124
143429.9901, 6394361.5024, 37.6166, 282.2336, 132.7593
143430.3403, 6394361.5013, 37.6118, 316.6103, 134.2445
143430.3403, 6394361.5013, 37.6118, 316.6103, 134.2445
143429.6648, 6394361.9929, 37.6720, 246.1410, 135.3261
143435.7458, 6394359.5659, 37.3973, 866.7621, 135.8311
143430.0183, 6394361.5072, 37.5618, 285.2122, 138.2600
143430.0183, 6394361.5072, 37.5618, 285.2122, 138.2600
143428.7105, 6394362.0070, 37.5148, 152.0590, 148.0404
143428.7105, 6394362.0070, 37.5148, 152.0590, 148.0404
143431.5194, 6394361.0344, 37.4061, 437.8911, 149.1861
143437.1672, 6394361.6210, 37.6051, 889.2918, 154.0494
143437.4875, 6394362.6033, 37.7765, 873.1112, 154.7239
