143437.0372, 6394361.0886, 38.5394, 921.0742, 13.9651
143428.4671, 6394364.4964, 38.8554, 58.7784, 23.4003
143428.4671, 6394364.4964, 38.8554, 58.7784, 23.4003
143437.1904, 6394361.0031, 35.7289, 944.7183, 280.9916
143428.9293, 6394366.9943, 38.6553, 108.2937, 94.4137
143450.3761, 6394371.6583, 42.0212, 1216.9792, 19.0693
143448.7761, 6394377.5904, 38.1063, 990.1306, 245.3766
143456.2287, 6394383.1296, 43.0536, 1097.1378, 99.1903
143450.3761, 6394371.6583, 42.0212, 1216.9792, 19.0693
143437.2407, 6394360.9734, 38.4302, 943.9797, 22.6685
143435.1331, 6394384.4598, 36.4744, 380.0373, 339.4171
143448.0603, 6394374.0477, 37.6321, 1055.0177, 247.8836
143454.2903, 6394376.5755, 43.4539, 1201.0743, 22.4843
143456.2287, 6394383.1296, 43.0536, 1097.1378, 99.1903
143435.9225, 6394374.0431, 37.4716, 511.7408, 254.1524
143438.1007, 6394364.6302, 36.4093, 855.6737, 255.0344
143438.3200, 6394364.0016, 36.2709, 894.6257, 260.4130
143438.3200, 6394364.0016, 36.2709, 894.6257, 260.4130
143446.8268, 6394371.1267, 36.7116, 1094.0165, 277.6530
143461.0174, 6394389.1511, 46.8782, 1099.4104, 29.4042
143446.8268, 6394371.1267, 36.7116, 1094.0165, 277.6530
143447.1612, 6394371.5005, 36.5363, 1096.2830, 288.3185
143430.1612, 6394363.5036, 37.7721, 233.3117, 111.6919
143430.2221, 6394363.5000, 37.7689, 239.3248, 112.1354
143429.9870, 6394366.9497, 38.4464, 197.5223, 113.5000
143447.1612, 6394371.5005, 36.5363, 1096.2830, 288.3185
143428.2486, 6394364.5071, 35.4457, 54.9523, 341.4609
143438.1353, 6394364.1092, 35.2418, 879.9509, 341.5179
143456.2148, 6394384.0902, 42.8257, 1076.4769, 113.7319
143437.4921, 6394364.4120, 38.3595, 817.3604, 100.2607
143431.8999, 6394363.0158, 37.8531, 405.5232, 100.3139
143432.0609, 6394362.5111, 37.7222, 430.5227, 103.2788
143437.6344, 6394360.9173, 37.5975, 981.0532, 102.9839
143431.8610, 6394363.0310, 37.8161, 401.7742, 104.0010
143432.2485, 6394362.5106, 37.7180, 448.4220, 104.3492
143433.9876, 6394362.0675, 37.6733, 620.6444, 105.8988
143432.6890, 6394362.4702, 37.6922, 490.8179, 107.5960
143456.2148, 6394384.0902, 42.8257, 1076.4769, 113.7319
143432.1513, 6394362.5140, 37.6170, 439.5299, 113.9246
143431.2111, 6394366.9520, 38.4701, 295.4836, 114.9902
143432.3104, 6394366.4781, 38.4104, 386.2203, 115.1186
143432.3637, 6394366.4681, 38.4120, 390.4494, 114.9771
143430.1700, 6394363.4818, 37.6971, 234.6879, 118.4898
143430.1700, 6394363.4818, 37.6971, 234.6879, 118.4898
143430.0857, 6394366.9655, 38.3839, 205.7790, 118.9718
143437.4428, 6394362.6338, 37.7663, 884.1274, 118.9142
143432.4636, 6394366.4830, 38.3091, 398.2722, 123.4700
143430.0699, 6394363.5003, 37.6396, 224.9895, 124.0370
143432.6720, 6394362.5190, 37.4808, 488.9544, 128.8599
143432.3014, 6394362.5318, 37.4573, 454.0555, 130.2669
143428.0404, 6394364.0003, 37.6001, 19.2631, 131.0682
143431.8587, 6394365.9609, 38.0927, 358.3969, 131.0572
143437.6307, 6394361.5301, 37.3926, 949.9730, 133.5817
143428.6979, 6394365.4992, 37.8291, 89.2799, 137.9421
143428.6979, 6394365.4992, 37.8291, 89.2799, 137.9421
143431.8207, 6394365.9870, 37.9923, 355.4058, 139.4389
143431.8207, 6394365.9870, 37.9923, 355.4058, 139.4389
143438.1323, 6394362.4321, 37.4135, 945.4597, 147.8449
143438.1323, 6394362.4321, 37.4135, 945.4597, 147.8449
143428.4018, 6394364.4905, 37.4704, 59.5116, 153.0382
143434.4280, 6394365.0422, 37.7261, 576.7663, 152.7040
143438.3417, 6394362.9527, 37.4504, 937.2854, 153.0837
143434.0334, 6394365.4717, 37.7619, 537.1219, 155.1162
143428.0537, 6394364.0061, 37.3506, 22.0851, 155.4613
143432.4044, 6394365.5651, 37.6252, 409.1483, 164.2399
143437.9733, 6394363.5894, 37.4200, 884.3287, 163.9536
143438.2916, 6394363.5832, 37.3725, 907.1346, 168.2802
143428.3201, 6394364.5250, 37.2533, 52.6546, 173.6994
143437.6996, 6394363.1048, 35.5155, 888.5415, 314.9756
143457.8813, 6394395.0987, 42.6445, 931.1172, 180.1433
143438.1179, 6394364.1062, 37.3034, 874.4799, 180.3219
143429.8560, 6394367.0027, 37.5941, 190.0765, 181.4153
143456.1820, 6394388.5576, 41.3069, 992.0333, 188.0474
143438.1882, 6394364.5672, 37.1897, 862.2254, 194.8025
143455.1397, 6394386.9805, 40.5690, 992.6423, 203.1650
143437.7497, 6394369.4632, 37.7628, 691.5693, 204.5413
143437.7497, 6394369.4632, 37.7628, 691.5693, 204.5413
143438.2456, 6394364.0323, 36.9617, 886.8681, 206.4674
143432.2161, 6394362.5036, 37.6614, 445.7175, 109.6043
143429.7910, 6394366.9573, 38.4585, 181.3445, 112.1267
143431.9331, 6394363.0308, 37.7252, 408.8977, 112.8749
143436.3767, 6394364.4289, 38.1142, 737.7424, 116.8700
143437.2203, 6394361.6036, 37.5772, 913.4354, 116.7143
143431.8970, 6394374.9804, 36.5906, 290.0818, 307.2179
143431.1763, 6394366.9547, 38.3945, 293.0083, 120.8027
143437.9226, 6394363.9346, 38.0118, 865.9226, 121.3025
143436.2495, 6394364.4792, 38.0451, 727.0533, 122.8706
143434.3670, 6394362.0097, 37.4828, 657.0276, 124.3046
143430.2709, 6394366.9793, 38.3084, 221.0612, 125.6217
143448.7616, 6394374.5862, 38.5118, 1066.0525, 210.8864
143434.6310, 6394364.9615, 38.0370, 593.1823, 126.9492
143434.7117, 6394364.9343, 38.0369, 599.9689, 126.7310
143430.1586, 6394363.5013, 37.6058, 233.8748, 127.5673
143432.0500, 6394362.5373, 37.4421, 430.1422, 131.0947
143433.4385, 6394364.4607, 37.7738, 511.8653, 137.7991
143437.9793, 6394361.9597, 37.4102, 956.1094, 140.1915
143435.3720, 6394369.9744, 37.6961, 542.0836, 211.3426
143428.6358, 6394365.4912, 37.7287, 83.9746, 146.4702
143432.5772, 6394363.0344, 37.3934, 469.3962, 146.0381
143437.5635, 6394362.6238, 37.4498, 894.3843, 146.3976
143437.5635, 6394362.6238, 37.4498, 894.3843, 146.3976
143428.4190, 6394364.4829, 37.5135, 60.9675, 148.9162
143428.3756, 6394364.4877, 37.4828, 56.8281, 151.7683
143431.8970, 6394374.9804, 36.5906, 290.0818, 307.2179
143434.5783, 6394369.0608, 37.5181, 508.7363, 214.0356
143437.7821, 6394362.5835, 37.3738, 912.6902, 152.8087
143428.7968, 6394365.9920, 37.7196, 99.7220, 155.3665
143428.5394, 6394364.9926, 37.4658, 74.7944, 161.8334
143434.1483, 6394369.0351, 37.4937, 481.6154, 215.1023
143438.9913, 6394367.0745, 35.8961, 831.4867, 307.7387
143429.8001, 6394368.9994, 37.4279, 180.6195, 215.9942
143448.7168, 6394374.5140, 38.3430, 1066.5245, 218.0956
143429.8618, 6394369.0016, 37.3885, 185.3460, 218.8761
143429.9408, 6394369.4985, 37.4282, 189.6015, 220.8443
143434.6061, 6394369.5582, 37.4643, 502.5901, 221.9807
143460.0346, 6394397.6169, 43.6463, 944.2565, 165.9930
143432.2117, 6394371.0058, 37.5823, 333.9880, 225.2351
143430.3181, 6394366.5050, 37.5932, 230.2096, 175.8285
143432.2117, 6394371.0058, 37.5823, 333.9880, 225.2351
143438.2332, 6394364.0197, 36.7272, 886.9959, 224.7579
143438.2332, 6394364.0197, 36.7272, 886.9959, 224.7579
143427.9010, 6394364.0013, 35.5907, 15.9558, 325.4359
143430.6806, 6394371.9914, 36.0455, 235.1241, 327.2761
143430.6806, 6394371.9914, 36.0455, 235.1241, 327.2761
143439.0191, 6394367.0989, 35.5959, 832.9706, 327.8633
143458.1391, 6394394.4858, 42.6945, 945.8069, 176.2703
143456.4150, 6394392.5363, 40.6210, 934.6635, 224.9820
143439.9874, 6394368.4287, 37.3099, 845.4119, 225.4505
143439.9874, 6394368.4287, 37.3099, 845.4119, 225.4505
143438.5912, 6394363.9370, 36.7135, 914.8444, 225.2280
143449.3637, 6394375.5099, 39.2072, 1062.6406, 186.2846
143429.2468, 6394367.0220, 37.4679, 140.1914, 190.7965
143433.7228, 6394367.0042, 37.5286, 485.7259, 191.6481
143431.9754, 6394371.4993, 37.6211, 314.9919, 226.7042
143438.7412, 6394363.8472, 37.1314, 927.8863, 191.5487
143429.4519, 6394368.4957, 37.1289, 156.4038, 232.6501
143429.7571, 6394369.4955, 37.1053, 177.4446, 243.2512
143449.1586, 6394375.0056, 38.8469, 1069.0770, 198.7338
143447.1850, 6394371.0224, 37.3545, 1112.1051, 243.9104
143435.9976, 6394373.4842, 37.5759, 523.1132, 245.0719
143427.9838, 6394364.0102, 36.4155, 20.0376, 245.9457
143457.0695, 6394393.5376, 41.5614, 935.0793, 202.7777
143447.1167, 6394371.0111, 37.2898, 1109.6315, 247.1696
143438.3605, 6394363.9672, 36.9562, 897.3395, 206.2911
143434.1363, 6394368.0274, 37.4775, 497.1018, 206.5768
143439.7336, 6394368.5465, 36.9404, 828.5760, 249.3410
143434.1363, 6394368.0274, 37.4775, 497.1018, 206.5768
143438.4761, 6394363.9357, 36.9420, 906.5564, 207.1721
143428.7224, 6394365.9945, 37.0524, 96.1476, 211.9719
143434.4570, 6394368.9993, 37.5201, 501.9839, 213.2455
143434.1954, 6394369.0307, 37.4382, 484.8743, 218.7871
143448.0805, 6394374.0415, 37.5639, 1056.0406, 251.0186
143428.1809, 6394364.0254, 36.3514, 40.9153, 252.3490
143434.1954, 6394369.0307, 37.4382, 484.8743, 218.7871
143439.7810, 6394369.6234, 35.6815, 803.8661, 331.7111
143437.3659, 6394361.6575, 35.1750, 928.0458, 336.6055
143438.0989, 6394364.1277, 36.7146, 873.6070, 226.7597
143438.0989, 6394364.1277, 36.7146, 873.6070, 226.7597
143438.0989, 6394364.1277, 36.7146, 873.6070, 226.7597
143434.7458, 6394370.5393, 37.4425, 496.0939, 231.4942
143447.8658, 6394373.6424, 37.4874, 1059.0476, 252.4514
143434.7458, 6394370.5393, 37.4425, 496.0939, 231.4942
143439.9312, 6394368.4367, 37.2007, 842.2499, 232.3195
143447.0269, 6394371.0509, 37.1832, 1104.5875, 252.9034
143428.2903, 6394364.5189, 36.3894, 54.2053, 254.0378
143435.3721, 6394372.5305, 37.5328, 503.0462, 240.9740
143446.9164, 6394370.6191, 37.0672, 1114.3781, 256.4198
143435.4962, 6394372.5316, 37.5255, 509.8513, 241.4348
143435.7122, 6394373.0333, 37.5050, 514.5014, 245.9851
143446.9164, 6394370.6191, 37.0672, 1114.3781, 256.4198
143432.3541, 6394376.4782, 35.9844, 307.1723, 343.8982
143446.9939, 6394370.6306, 37.2288, 1117.1794, 248.0207
143447.1048, 6394371.5068, 37.1507, 1093.0979, 257.1783
143431.2356, 6394373.4764, 37.3382, 258.3642, 257.6381
143446.9383, 6394371.1183, 37.1850, 1098.5886, 253.1884
143436.4190, 6394375.0273, 37.4929, 523.5820, 258.7767
143435.6913, 6394385.9649, 36.4264, 391.6891, 344.0560
143428.4092, 6394365.0095, 35.4346, 72.5467, 344.6768
143428.5454, 6394365.5085, 35.4310, 86.7314, 347.0564
143428.7099, 6394366.0092, 35.4112, 102.6614, 350.6230
143430.0495, 6394369.9929, 35.9583, 201.0258, 325.0913
143447.5919, 6394372.5781, 37.3511, 1079.6221, 253.1903
143431.3507, 6394373.9811, 37.3567, 262.5343, 259.7427
143445.5340, 6394365.5070, 36.4469, 1255.0468, 259.8321
143436.2967, 6394375.0138, 37.4961, 517.7014, 258.5284
143438.1436, 6394378.4771, 37.7919, 557.6195, 262.3503
143446.7983, 6394370.5519, 36.9394, 1111.6628, 262.7440
143445.4494, 6394365.5828, 36.3930, 1247.1425, 263.8446
143445.4494, 6394365.5828, 36.3930, 1247.1425, 263.8446
143436.3349, 6394376.5579, 37.5206, 500.1714, 265.5796
143437.4230, 6394360.5082, 35.8396, 989.6697, 265.6045
143439.7348, 6394396.9495, 36.6693, 452.4411, 351.8097
143446.9577, 6394371.6328, 37.0137, 1083.0162, 264.8134
143438.1122, 6394364.1231, 36.2194, 875.7527, 265.4592
143436.6781, 6394379.5227, 37.8100, 482.2257, 266.5021
143446.8610, 6394370.5150, 36.8300, 1115.7460, 268.2981
143438.1447, 6394364.6104, 36.2267, 859.7527, 268.7899
143436.6781, 6394379.5227, 37.8100, 482.2257, 266.5021
143439.9317, 6394368.4534, 36.5343, 842.9778, 274.0391
143439.9317, 6394368.4534, 36.5343, 842.9778, 274.0391
143438.1803, 6394364.5856, 36.1369, 863.2455, 275.4298
143436.6026, 6394379.9877, 37.8433, 474.1923, 267.1686
143430.4648, 6394370.9820, 36.7677, 223.0627, 276.7362
143436.9498, 6394361.1430, 35.7635, 917.9649, 279.0765
143431.7062, 6394374.9811, 37.3209, 277.6007, 267.6179
143437.4661, 6394360.4877, 35.7642, 994.5411, 272.7175
143439.7348, 6394396.9495, 36.6693, 452.4411, 351.8097
143429.0602, 6394367.0003, 35.4056, 133.3852, 354.3655
143432.3609, 6394376.4715, 37.2153, 304.5646, 280.9008
143437.5579, 6394362.5948, 35.8713, 898.8031, 281.5652
143446.7819, 6394370.5866, 36.7299, 1109.9833, 273.9537
143438.1707, 6394364.0927, 35.9915, 881.4251, 283.0009
143437.5064, 6394360.4704, 35.6579, 999.0698, 282.8636
143439.9867, 6394368.4240, 36.3205, 847.2562, 287.1699
143447.0954, 6394372.0846, 36.5764, 1075.1006, 288.9564
143447.3667, 6394373.1461, 36.9509, 1054.0197, 275.4649
143432.1344, 6394375.9702, 37.2541, 295.5073, 276.4401
143432.1344, 6394375.9702, 37.2541, 295.5073, 276.4401
143446.7603, 6394370.0950, 36.6268, 1126.0223, 276.8576
143439.9268, 6394368.4529, 36.4224, 842.9204, 281.0118
143437.4276, 6394390.4556, 36.2403, 423.6869, 357.2160
143439.2212, 6394382.4851, 37.6579, 553.8234, 284.8344
143447.3829, 6394373.0988, 36.7488, 1056.2540, 284.9529
143439.5456, 6394384.5278, 37.5807, 544.0836, 294.8177
143436.9606, 6394361.1530, 35.5731, 918.8188, 297.0852
143438.6996, 6394382.0206, 37.5974, 538.9194, 285.6634
143439.4612, 6394383.0336, 37.6142, 556.8877, 288.4937
143439.4612, 6394383.0336, 37.6142, 556.8877, 288.4937
143428.0945, 6394364.0043, 35.5324, 36.3786, 330.7652
143428.0945, 6394364.0043, 35.5324, 36.3786, 330.7652
143439.6759, 6394369.0726, 36.3345, 811.7922, 290.0093
143430.4389, 6394370.9841, 35.8780, 224.2320, 334.1017
143439.6759, 6394369.0726, 36.3345, 811.7922, 290.0093
143447.4995, 6394373.0275, 36.5849, 1063.2041, 292.4837
143433.9208, 6394380.9764, 36.4051, 352.5562, 334.7764
143437.8468, 6394391.9615, 36.2472, 427.5856, 358.8792
143439.8574, 6394384.5195, 37.5745, 555.4561, 294.9351
143441.5208, 6394387.4381, 37.7544, 582.0076, 296.9329
143433.7752, 6394362.0358, 34.9964, 611.8553, 361.5974
143433.8557, 6394362.0101, 34.9632, 619.9880, 364.4798
143433.8557, 6394362.0101, 34.9632, 619.9880, 364.4798
143433.1030, 6394378.4778, 36.5983, 330.6668, 319.1677
143439.1944, 6394367.1113, 35.0771, 843.9576, 362.1374
143429.9995, 6394369.9933, 35.3615, 199.5828, 365.4446
143433.6907, 6394380.4885, 36.5982, 345.0982, 325.0726
143431.8503, 6394374.9832, 35.7067, 289.8014, 355.0833
143431.3647, 6394363.9715, 35.1769, 353.0362, 357.7217
143431.1257, 6394362.9658, 35.0744, 344.8200, 363.7100
143431.1257, 6394362.9658, 35.0744, 344.8200, 363.7100
143446.0785, 6394401.9873, 37.7893, 581.8648, 326.2792
143440.9907, 6394372.6188, 35.2381, 791.9699, 363.5710
143440.2494, 6394389.4785, 37.8485, 521.0392, 299.8840
143440.9979, 6394372.6220, 34.7433, 793.0199, 389.4155
143434.7000, 6394383.4726, 34.7754, 372.2850, 406.0856
143440.2494, 6394389.4785, 37.8485, 521.0392, 299.8840
143439.6281, 6394368.6106, 36.0219, 822.5546, 306.8881
143436.1908, 6394387.4566, 34.5675, 403.2777, 413.6317
143442.1831, 6394391.0422, 37.6760, 567.9092, 308.9729
143437.6256, 6394363.1413, 35.5781, 881.5159, 310.0875
143437.2542, 6394390.4931, 34.4789, 420.2806, 416.1414
143441.6112, 6394373.4135, 36.1868, 801.3344, 316.4500
143440.8586, 6394372.1071, 34.9815, 797.9236, 376.2993
143432.8441, 6394368.4610, 34.9683, 410.3183, 383.6765
143432.8441, 6394368.4610, 34.9683, 410.3183, 383.6765
143438.5254, 6394393.4656, 34.2958, 441.8049, 420.9846
143442.5064, 6394403.9429, 36.3689, 483.5054, 366.3808
143427.9155, 6394364.0028, 35.4997, 17.9836, 334.1727
143442.5064, 6394403.9429, 36.3689, 483.5054, 366.3808
143434.3759, 6394373.4762, 35.3384, 441.7837, 368.5421
143435.6000, 6394385.4595, 36.9239, 390.7232, 324.1002
143441.1403, 6394373.1283, 35.0111, 787.8575, 376.0978
143434.0694, 6394361.9774, 34.7793, 640.7398, 381.3111
143434.0694, 6394361.9774, 34.7793, 640.7398, 381.3111
143445.4472, 6394402.9873, 37.9158, 559.2404, 324.9775
143433.5593, 6394362.0831, 33.4055, 596.6335, 513.1163
143434.6235, 6394361.4852, 33.2777, 711.8080, 522.6403
143434.6662, 6394367.5264, 32.6855, 554.9427, 536.7390
143435.0538, 6394362.9643, 33.0009, 697.7377, 536.1604
143436.5921, 6394360.9329, 33.0337, 905.3230, 537.6927
143433.4588, 6394363.0734, 33.0129, 562.1443, 543.4916
143436.2496, 6394364.0014, 32.5353, 756.6000, 561.1475
143441.0190, 6394372.6121, 34.5947, 794.4773, 397.1236
143445.2308, 6394401.4387, 34.8057, 568.2725, 402.2523
143439.6432, 6394369.1006, 35.6522, 810.4783, 331.6666
143430.7971, 6394363.0038, 34.7922, 313.8777, 391.5969
143439.6398, 6394369.1100, 34.3903, 812.3033, 408.0968
143445.2308, 6394401.4387, 34.8057, 568.2725, 402.2523
143445.2308, 6394401.4387, 34.8057, 568.2725, 402.2523
143461.2924, 6394392.5052, 47.4831, 1046.7001, 36.9298
143440.8092, 6394372.1305, 34.2726, 796.1407, 414.1105
143442.4147, 6394398.9610, 34.3549, 515.0603, 415.9508
143442.5228, 6394398.4906, 34.2739, 521.3039, 417.9798
143440.5098, 6394371.6020, 34.0863, 794.3748, 424.5777
143449.6605, 6394398.4823, 33.7520, 702.6876, 424.8539
143449.6605, 6394398.4823, 33.7520, 702.6876, 424.8539
143440.6151, 6394372.1177, 33.9913, 787.5563, 429.4423
143442.9481, 6394365.4756, 33.0459, 1122.4904, 487.4024
143435.0047, 6394361.9123, 33.4794, 728.5928, 499.3542
143428.6624, 6394365.5076, 33.5767, 106.3162, 506.2487
143436.5588, 6394362.6098, 33.1431, 828.7731, 517.9050
143434.4599, 6394361.9241, 33.0762, 682.5035, 539.7512
143434.4599, 6394361.9241, 33.0762, 682.5035, 539.7512
143440.6151, 6394372.1177, 33.9913, 787.5563, 429.4423
143433.7928, 6394362.0282, 35.0370, 613.5253, 357.6608
143433.7928, 6394362.0282, 35.0370, 613.5253, 357.6608
143439.5978, 6394369.1238, 34.9861, 808.5757, 372.1749
143439.5978, 6394369.1238, 34.9861, 808.5757, 372.1749
143440.3075, 6394371.0937, 35.6704, 793.9279, 336.9138
143428.3104, 6394364.5076, 35.4754, 60.9348, 338.6203
143440.6665, 6394371.6255, 34.7982, 800.3273, 385.6766
143440.6665, 6394371.6255, 34.7982, 800.3273, 385.6766
143434.2741, 6394372.9648, 34.9511, 443.0214, 389.3712
143434.6345, 6394375.0143, 34.9023, 439.4737, 393.9028
143439.6322, 6394369.1136, 34.5789, 811.4537, 396.7232
143441.1441, 6394373.1260, 34.5332, 788.8283, 400.5672
143437.3740, 6394360.5219, 33.7869, 989.4897, 463.7963
143437.2920, 6394360.5446, 33.7823, 981.5067, 464.5518
143437.0872, 6394361.0850, 33.7705, 936.8042, 465.2733
143428.4736, 6394364.0414, 38.8584, 57.4948, 11.6596
143428.4736, 6394364.0414, 38.8584, 57.4948, 11.6596
143431.8923, 6394362.9879, 38.7578, 401.5079, 13.2277
143436.2183, 6394387.4568, 36.3998, 401.3335, 347.5450
143449.4944, 6394369.5617, 41.4773, 1259.2455, 15.9641
143440.8759, 6394372.5830, 35.5101, 786.9165, 349.3681
143433.7624, 6394362.0363, 35.0752, 610.4148, 354.1223
143437.1617, 6394361.0139, 38.2260, 935.8848, 42.9207
143462.8291, 6394395.1880, 48.8351, 1037.6006, 21.2902
143437.5829, 6394360.4559, 33.6766, 1010.5206, 473.5633
143437.5514, 6394360.4757, 33.5619, 1007.0949, 484.6218
143433.7547, 6394362.0419, 33.6211, 614.6374, 491.9453
143433.7547, 6394362.0419, 33.6211, 614.6374, 491.9453
143435.5279, 6394372.9406, 33.0238, 515.9237, 493.4677
143435.5279, 6394372.9406, 33.0238, 515.9237, 493.4677
143462.8291, 6394395.1880, 48.8351, 1037.6006, 21.2902
143428.2761, 6394364.0117, 38.7297, 37.6342, 22.3146
143437.3913, 6394360.9410, 38.4026, 958.1185, 25.3085
143437.3913, 6394360.9410, 38.4026, 958.1185, 25.3085
143430.5978, 6394363.4714, 38.6585, 271.9825, 27.9585
143441.3275, 6394363.5571, 33.0997, 1115.9708, 495.5617
143433.8387, 6394368.4608, 33.2426, 482.1455, 498.3181
143433.7219, 6394362.0369, 33.4840, 612.3230, 505.0731
143433.7219, 6394362.0369, 33.4840, 612.3230, 505.0731
143435.8211, 6394373.4950, 32.7555, 524.1573, 505.6713
143433.8676, 6394361.9942, 33.4719, 626.7004, 505.6397
143433.8676, 6394361.9942, 33.4719, 626.7004, 505.6397
143433.9232, 6394361.9844, 33.4694, 631.9725, 505.6225
143433.6340, 6394362.0643, 33.4733, 603.6635, 506.4181
143433.6340, 6394362.0643, 33.4733, 603.6635, 506.4181
143434.1481, 6394368.9631, 33.0372, 494.8529, 509.0700
143433.7241, 6394362.0327, 33.4335, 612.8237, 509.8427
143435.4190, 6394372.0031, 32.7422, 524.2166, 512.1874
143461.0076, 6394389.0979, 46.7742, 1100.2224, 32.0637
143433.8103, 6394368.4766, 33.0202, 480.6499, 513.3151
143433.9160, 6394361.9840, 33.3728, 631.6664, 514.7596
143434.2409, 6394361.9861, 33.3291, 660.4537, 517.0391
143434.2409, 6394361.9861, 33.3291, 660.4537, 517.0391
143438.4578, 6394369.5103, 32.6221, 740.5951, 517.2249
143436.8499, 6394363.5935, 33.0706, 813.3233, 517.5392
143438.3845, 6394369.0987, 32.6396, 746.6149, 517.9384
143438.3845, 6394369.0987, 32.6396, 746.6149, 517.9384
143436.8175, 6394363.5931, 33.0246, 811.0844, 521.4122
143437.0237, 6394366.5185, 32.6049, 733.0736, 536.9224
143430.3638, 6394368.5150, 32.8454, 240.9014, 539.9096
143430.2443, 6394368.5159, 32.8434, 232.1076, 540.5962
143433.8287, 6394361.9789, 33.0990, 624.9843, 541.0882
143433.9021, 6394361.9900, 33.0928, 631.1956, 541.1367
143436.8069, 6394360.8857, 32.9110, 925.7805, 548.2845
143436.2045, 6394364.5524, 32.5871, 735.5040, 553.5667
143432.3812, 6394366.0205, 32.7150, 417.6081, 554.3196
143432.1071, 6394365.9522, 32.7306, 397.3068, 555.0171
143432.1071, 6394365.9522, 32.7306, 397.3068, 555.0171
143433.5309, 6394363.0462, 32.8833, 569.4485, 554.7679
143432.1767, 6394366.0127, 32.6889, 402.0151, 557.4737
143431.7459, 6394364.9652, 32.7507, 381.9192, 562.3445
143431.0905, 6394362.9943, 32.9417, 350.4222, 565.4224
143431.0905, 6394362.9943, 32.9417, 350.4222, 565.4224
143431.1348, 6394362.9847, 32.9119, 354.8935, 567.9982
143435.0891, 6394361.4766, 32.4437, 755.4688, 598.6886
143429.1650, 6394363.5109, 32.6349, 159.7034, 602.9501
143428.9157, 6394363.5052, 32.5920, 134.7963, 608.9927
143428.4855, 6394363.4987, 32.5197, 91.1372, 619.3829
143428.2535, 6394363.9841, 32.4193, 69.3410, 624.7877
143435.2211, 6394360.9984, 32.1244, 787.3647, 633.7889
143437.5897, 6394360.4500, 33.7439, 1011.2606, 467.1147
143437.0949, 6394361.0772, 33.7200, 937.9371, 469.9566
143437.5867, 6394360.4533, 33.6762, 1010.9777, 473.6004
143437.3087, 6394361.5361, 33.6447, 932.8358, 474.6088
143434.0687, 6394368.9775, 33.4239, 488.4957, 483.9854
143442.9159, 6394365.4914, 32.9292, 1120.1705, 495.2303
143435.5133, 6394372.9411, 32.9213, 515.3636, 499.1374
143433.6934, 6394362.0561, 33.5282, 609.0438, 500.9616
143433.7703, 6394362.0311, 33.5261, 616.6849, 500.8683
143434.6253, 6394361.4851, 33.4747, 711.3372, 503.7962
143434.2321, 6394368.9430, 33.0598, 500.4848, 507.3477
143433.5962, 6394367.9555, 33.1261, 474.2421, 508.9479
143433.8530, 6394368.4647, 33.0846, 483.4705, 508.8652
143434.0566, 6394361.9711, 33.4143, 644.4208, 510.1549
143441.3769, 6394363.5012, 32.9023, 1122.0389, 510.3026
143436.8526, 6394363.6022, 33.0723, 813.2016, 517.3472
143434.4233, 6394361.9225, 33.2662, 678.7531, 522.2554
143436.4107, 6394362.1057, 33.1262, 837.6802, 522.8934
143436.1095, 6394361.1161, 33.1654, 855.8795, 526.9136
143434.4980, 6394361.8923, 33.1268, 686.7537, 535.0249
143430.0097, 6394368.4778, 32.8387, 214.8996, 542.2289
143430.0097, 6394368.4778, 32.8387, 214.8996, 542.2289
143429.7474, 6394367.4863, 32.9170, 198.3388, 543.3660
143429.7474, 6394367.4863, 32.9170, 198.3388, 543.3660
143434.4056, 6394361.9419, 33.0361, 677.2925, 543.6960
143429.6798, 6394367.4887, 32.9061, 193.0399, 544.5086
143434.2377, 6394361.9925, 33.0304, 660.9502, 544.8928
143429.3151, 6394366.4977, 32.9782, 165.6863, 546.8682
143429.0737, 6394365.5020, 33.0476, 145.9953, 549.0831
143428.8947, 6394365.0046, 33.0802, 129.8214, 550.8173
143433.7784, 6394366.0123, 32.6650, 522.7482, 550.9245
143432.9546, 6394366.0289, 32.7066, 461.1514, 551.9056
143428.0606, 6394364.0004, 33.1285, 45.9801, 559.4055
143430.6754, 6394363.0382, 38.6738, 283.6281, 15.9186
143430.6754, 6394363.0382, 38.6738, 283.6281, 15.9186
143430.4587, 6394363.4882, 38.7466, 257.9119, 19.2000
143430.4587, 6394363.4882, 38.7466, 257.9119, 19.2000
143437.0773, 6394361.0607, 38.4739, 925.9520, 19.7765
143429.3211, 6394364.0650, 38.7796, 143.4363, 24.4118
143430.1235, 6394364.0608, 38.8293, 221.2210, 23.7948
143433.7231, 6394365.0220, 32.6544, 539.0318, 558.5409
143431.9335, 6394365.4558, 32.7058, 390.5650, 561.3442
143435.7501, 6394363.5555, 32.5940, 733.9598, 562.4839
143433.5146, 6394364.4967, 32.6318, 534.2833, 565.3292
143431.0379, 6394362.9967, 32.8852, 345.6297, 571.0588
143435.6300, 6394362.9805, 32.5282, 744.3444, 573.2274
143430.3446, 6394364.0229, 32.7077, 270.1142, 582.6370
143430.3446, 6394364.0229, 32.7077, 270.1142, 582.6370
143430.2116, 6394363.5256, 32.7470, 261.5913, 584.6922
143430.2116, 6394363.5256, 32.7470, 261.5913, 584.6922
143430.3403, 6394363.5265, 32.7138, 274.0215, 586.8440
143429.7211, 6394363.5211, 32.7191, 214.3063, 590.8177
143432.4644, 6394362.5194, 32.6149, 488.7878, 590.9564
143432.6035, 6394362.5002, 32.5540, 502.2036, 595.8373
143432.3452, 6394362.5077, 32.5611, 478.2758, 596.9907
143432.4868, 6394362.4995, 32.4965, 491.7451, 602.0737
143428.7188, 6394363.5013, 32.5656, 114.8851, 613.0945
143428.1071, 6394363.9794, 32.3996, 54.5574, 627.8675
143435.3531, 6394361.4417, 32.0631, 780.6879, 632.7393
143449.2792, 6394370.1369, 41.4790, 1228.1171, 23.2717
143428.0566, 6394364.0070, 38.6755, 14.9826, 26.3065
143429.7829, 6394363.5418, 38.6407, 191.3851, 27.1514
143459.4951, 6394388.4377, 45.8297, 1075.7786, 53.1091
143459.0230, 6394387.9778, 44.9367, 1073.0325, 76.3229
143431.9847, 6394362.5244, 37.8319, 422.4983, 92.5352
143432.6452, 6394362.4874, 37.6647, 486.4492, 110.4398
143428.0442, 6394364.0077, 37.6329, 19.5344, 128.0333
143430.0409, 6394363.5186, 37.5551, 222.4321, 132.3984
143432.4445, 6394365.9839, 38.0004, 404.8636, 140.1761
143432.4445, 6394365.9839, 38.0004, 404.8636, 140.1761
143432.4835, 6394363.0458, 37.4284, 460.5251, 142.7241
143438.0721, 6394364.1144, 37.3774, 870.8395, 174.5318
143458.1562, 6394395.0393, 42.8082, 938.2119, 175.6421
143437.4604, 6394369.4637, 37.7425, 674.9976, 205.5643
143437.4604, 6394369.4637, 37.7425, 674.9976, 205.5643
143436.6614, 6394369.4649, 37.7074, 628.4542, 207.1215
143434.8729, 6394368.9874, 37.6000, 528.4756, 208.1823
143438.9810, 6394394.9832, 36.2668, 443.3233, 361.5128
143456.7402, 6394393.1142, 41.1594, 933.6413, 212.1531
143447.1805, 6394371.6082, 37.2833, 1092.9055, 251.0362
143438.9810, 6394394.9832, 36.2668, 443.3233, 361.5128
143448.8294, 6394378.1104, 37.9907, 980.0720, 252.6471
143446.9709, 6394371.0474, 37.0713, 1102.4219, 258.6603
143446.8130, 6394370.5572, 36.7840, 1112.2751, 270.9498
143439.8954, 6394368.4731, 36.4704, 840.5079, 278.1490
143446.9290, 6394371.6499, 36.7606, 1081.5262, 277.7202
143429.0932, 6394366.9940, 39.2397, 119.6581, 47.7675
143428.7865, 6394366.9932, 39.1784, 93.7923, 51.4956
143447.0492, 6394371.5715, 36.7043, 1089.1309, 280.1668
143446.9394, 6394371.6469, 36.7082, 1082.1093, 280.3543
143446.9906, 6394370.4356, 36.5845, 1124.3185, 280.7959
143439.5036, 6394383.0151, 37.6847, 558.5781, 285.6469
143449.2582, 6394369.6324, 41.1977, 1246.7385, 31.2370
143459.6691, 6394386.1454, 45.8740, 1124.9137, 34.4574
143428.1666, 6394364.0176, 38.5787, 27.0977, 36.6058
143429.0830, 6394366.9805, 39.3919, 118.1277, 35.1440
143440.4548, 6394388.5461, 37.7934, 536.0969, 299.0806
143444.5249, 6394397.0306, 37.7157, 581.9470, 319.9556
143445.8248, 6394402.9751, 37.9443, 568.3259, 324.1073
143428.9492, 6394366.9964, 39.3337, 107.0173, 39.6209
143445.8248, 6394402.9751, 37.9443, 568.3259, 324.1073
143446.6091, 6394402.5432, 37.7696, 590.3751, 327.4846
143447.2788, 6394404.0024, 37.8195, 595.0211, 328.3147
143432.0251, 6394362.4842, 38.0480, 426.2333, 70.6225
143428.9743, 6394366.9858, 38.8599, 111.2167, 77.8736
143428.9743, 6394366.9858, 38.8599, 111.2167, 77.8736
143432.2935, 6394362.5101, 37.5774, 453.2704, 118.1686
143455.8829, 6394384.1291, 42.5134, 1066.5890, 124.1524
143433.4583, 6394364.4569, 37.7652, 513.5847, 138.5150
143429.8498, 6394366.9821, 38.0251, 187.8796, 147.0519
143432.0931, 6394365.9746, 37.8864, 377.6790, 148.3569
143428.5698, 6394365.0103, 37.5858, 77.1577, 151.3318
143428.5698, 6394365.0103, 37.5858, 77.1577, 151.3318
143434.9358, 6394370.5438, 37.4300, 507.4132, 232.3873
143427.9665, 6394364.0028, 36.5292, 17.5533, 234.8711
143428.2282, 6394364.0175, 36.4384, 45.2752, 243.9277
143435.9002, 6394373.4977, 37.5224, 517.9288, 248.0488
143428.4630, 6394365.0139, 36.4518, 72.6202, 253.4512
143428.3275, 6394365.0039, 36.3070, 60.2813, 266.3863
143429.4245, 6394368.4979, 35.3215, 161.2931, 365.0471
143446.9808, 6394371.6022, 36.8559, 1085.1185, 272.6509
143437.1953, 6394360.9973, 35.7575, 945.3388, 278.2332
143428.8134, 6394366.5010, 35.4091, 112.2827, 352.6002
143439.1441, 6394394.9479, 36.5627, 447.9882, 352.4647
143439.7568, 6394369.0508, 35.3011, 818.6522, 352.6793
143439.6255, 6394368.6193, 35.2847, 823.5010, 352.5855
143428.4083, 6394364.5101, 35.5248, 70.3737, 333.9174
143438.0925, 6394364.1317, 35.3481, 875.9222, 333.4196
143429.0035, 6394366.5063, 35.4598, 128.4622, 348.1720
143432.0777, 6394375.4715, 35.8515, 298.9487, 348.3539
143432.0777, 6394375.4715, 35.8515, 298.9487, 348.3539
143431.4676, 6394363.9604, 35.0391, 362.9661, 369.7453
143431.4676, 6394363.9604, 35.0391, 362.9661, 369.7453
143439.2000, 6394367.1090, 34.8307, 844.8215, 378.4343
143439.6405, 6394368.6360, 34.5746, 825.1412, 396.4079
143435.6788, 6394376.9480, 35.2876, 469.1975, 375.7411
143433.9818, 6394361.9857, 34.8314, 632.4958, 376.6144
143441.2391, 6394373.0961, 34.3594, 794.1622, 409.2764
143441.2391, 6394373.0961, 34.3594, 794.1622, 409.2764
143441.2656, 6394373.5663, 35.0091, 783.9939, 376.7521
143430.5687, 6394363.4681, 38.4237, 270.2802, 50.1909
143459.2532, 6394388.5366, 45.4781, 1068.1023, 64.1016
143459.2532, 6394388.5366, 45.4781, 1068.1023, 64.1016
143433.8012, 6394362.5655, 35.0462, 598.4345, 359.0115
143437.5528, 6394382.4488, 35.1707, 493.5493, 385.7612
143432.1421, 6394362.4525, 38.0748, 437.9592, 67.7832
143428.7340, 6394366.9809, 38.8711, 90.6369, 76.0358
143428.7340, 6394366.9809, 38.8711, 90.6369, 76.0358
143432.1621, 6394362.4731, 37.9890, 439.8215, 76.7538
143436.9308, 6394360.5914, 33.7017, 949.1696, 473.8397
143433.6321, 6394362.0423, 33.0517, 605.6292, 546.2936
143434.1612, 6394366.0067, 32.6763, 550.6577, 548.1750
143437.4264, 6394361.6210, 32.7217, 940.0793, 556.1342
143432.8855, 6394365.0292, 32.6980, 473.4547, 559.6689
143433.7315, 6394361.9889, 32.8605, 616.8151, 564.0893
143440.0081, 6394389.4586, 35.1184, 517.0757, 391.3069
143441.1462, 6394373.1248, 34.6777, 788.7287, 393.1685
143433.8801, 6394362.0006, 34.9909, 622.3753, 361.7542
143433.8020, 6394362.0282, 34.9627, 614.6136, 364.7173
143433.8020, 6394362.0282, 34.9627, 614.6136, 364.7173
143441.0358, 6394372.6037, 34.6690, 795.3441, 393.2138
143437.6180, 6394360.8444, 37.8298, 983.0692, 79.1836
143431.9567, 6394362.5099, 37.9213, 419.7073, 83.3472
143444.5553, 6394401.4696, 35.1117, 551.1362, 394.9689
143458.8063, 6394387.9781, 44.5394, 1067.7733, 88.1955
143444.5553, 6394401.4696, 35.1117, 551.1362, 394.9689
143441.1685, 6394373.1294, 34.4407, 790.0276, 405.2611
143440.4972, 6394371.1172, 34.9774, 804.0151, 375.2741
143441.2922, 6394373.5546, 34.3792, 786.4321, 408.4406
143433.9687, 6394361.9909, 34.8003, 631.2619, 379.6183
143433.9991, 6394361.9803, 34.7801, 634.3824, 381.4275
143437.2676, 6394381.4367, 35.2471, 492.0037, 381.8185
143437.2060, 6394381.4533, 35.2046, 489.4181, 383.6774
143437.7998, 6394382.9374, 35.1467, 498.4671, 386.9413
143434.1734, 6394361.9621, 34.7095, 650.7048, 387.6004
143439.3539, 6394387.4457, 35.1432, 512.9111, 389.5240
143439.3539, 6394387.4457, 35.1432, 512.9111, 389.5240
143429.2521, 6394367.4589, 38.6649, 135.3316, 102.4814
143437.5499, 6394360.9381, 37.5870, 973.1111, 104.1004
143434.0910, 6394362.0327, 37.6697, 631.0383, 105.9076
143440.3926, 6394390.9898, 35.0501, 516.5167, 394.2530
143429.1567, 6394364.0619, 38.7936, 127.0411, 22.1332
143429.1567, 6394364.0619, 38.7936, 127.0411, 22.1332
143430.2739, 6394363.4971, 38.6840, 240.0745, 24.4459
143430.2739, 6394363.4971, 38.6840, 240.0745, 24.4459
143429.5885, 6394363.5667, 38.5660, 172.1681, 34.0169
143428.5155, 6394364.4965, 38.5219, 65.3575, 55.0080
143432.0087, 6394362.5195, 37.8319, 424.8978, 92.5206
143432.0087, 6394362.5195, 37.8319, 424.8978, 92.5206
143437.5186, 6394360.9193, 37.7157, 971.2574, 91.3078
143431.9866, 6394362.5183, 37.5952, 423.8034, 115.5800
143431.9866, 6394362.5183, 37.5952, 423.8034, 115.5800
143430.4103, 6394363.4893, 37.6881, 258.1513, 120.2579
143430.4103, 6394363.4893, 37.6881, 258.1513, 120.2579
143437.7427, 6394363.9239, 37.8508, 854.0117, 133.5771
143436.6601, 6394364.4596, 37.9020, 757.8003, 135.0245
143437.2794, 6394364.0818, 37.8646, 815.2310, 133.7676
143437.4953, 6394362.6398, 37.5648, 888.2983, 136.5652
143456.8754, 6394385.1359, 43.3034, 1072.9634, 105.7650
143431.9452, 6394363.0162, 37.7839, 410.0423, 107.0604
143431.9452, 6394363.0162, 37.7839, 410.0423, 107.0604
143432.3447, 6394362.5022, 37.6852, 457.8308, 107.7130
143434.9503, 6394364.9750, 37.8974, 617.3185, 139.1239
143434.0202, 6394365.4838, 37.9195, 535.3789, 142.7778
143431.7717, 6394365.9736, 37.7841, 352.3976, 155.8859
143430.8030, 6394366.4825, 37.7493, 269.4126, 163.8756
143428.8781, 6394366.0027, 37.4219, 108.4145, 180.9452
143438.4317, 6394363.9467, 37.1107, 902.7219, 193.9688
143449.3336, 6394375.0085, 39.0477, 1075.3320, 189.8927
143428.2611, 6394364.4737, 36.8142, 48.8438, 213.9005
143445.5298, 6394365.4999, 36.5479, 1255.0815, 253.2261
143430.5464, 6394363.4543, 38.3992, 268.3522, 52.1143
143445.5298, 6394365.4999, 36.5479, 1255.0815, 253.2261
143428.3375, 6394364.9991, 36.3016, 61.2517, 266.8216
143437.4151, 6394360.5327, 35.6425, 988.1206, 284.9614
143437.1576, 6394361.0611, 35.3764, 939.9448, 314.7266
143428.7384, 6394365.5067, 35.5161, 104.1011, 339.3741
143433.6670, 6394370.9550, 35.1547, 431.4142, 375.0658
143433.6670, 6394370.9550, 35.1547, 431.4142, 375.0658
143437.3136, 6394360.5281, 33.9087, 983.8984, 452.3658
143461.0614, 6394391.4377, 46.7035, 1059.7273, 51.0461
143428.1520, 6394364.0077, 38.4069, 26.4725, 53.0587
143428.1520, 6394364.0077, 38.4069, 26.4725, 53.0587
143443.7715, 6394400.4672, 34.9459, 538.8716, 399.4243
143430.1018, 6394366.9488, 38.4571, 206.8688, 112.9533
143430.1018, 6394366.9488, 38.4571, 206.8688, 112.9533
143437.3542, 6394360.9773, 37.4599, 955.3918, 116.3392
143429.7935, 6394366.9739, 38.3798, 181.8267, 118.6534
143431.8824, 6394362.5255, 37.5245, 413.9476, 122.3013
143428.8492, 6394365.9785, 38.0567, 102.8525, 126.5681
143433.4727, 6394364.4490, 37.8479, 514.6433, 131.4338
143430.4853, 6394363.5012, 37.5481, 265.9666, 134.0274
143433.4842, 6394364.4456, 37.7204, 516.0851, 142.1905
143437.6939, 6394363.1317, 37.5247, 882.5207, 148.1447
143438.4046, 6394362.9132, 37.4484, 943.5568, 152.7982
143443.7715, 6394400.4672, 34.9459, 538.8716, 399.4243
143450.2861, 6394376.8918, 40.1778, 1058.7357, 155.2123
143428.1208, 6394364.0186, 37.3345, 29.2434, 157.3958
143447.4018, 6394368.5887, 38.5518, 1208.9177, 160.3936
143427.9477, 6394364.0004, 37.2465, 11.5423, 165.2334
143436.9791, 6394360.5673, 33.7807, 954.2858, 466.0735
143449.4594, 6394373.6353, 39.2978, 1119.4656, 168.5322
143428.1334, 6394364.4901, 37.2115, 33.9819, 176.7217
143438.5556, 6394363.9548, 36.9997, 911.1110, 202.9334
143448.7698, 6394374.1393, 38.5699, 1078.9266, 205.3285
143443.9475, 6394400.4558, 34.8770, 543.4728, 401.0787
143454.8980, 6394386.6087, 40.2585, 993.0020, 211.2817
143438.5768, 6394363.9463, 36.8107, 913.2895, 217.6928
143434.3496, 6394370.0278, 37.4897, 479.4264, 224.1792
143445.8097, 6394365.6103, 36.8912, 1263.8032, 231.9695
143437.0617, 6394361.0876, 38.3543, 923.6094, 31.8703
143445.8097, 6394365.6103, 36.8912, 1263.8032, 231.9695
143443.9475, 6394400.4558, 34.8770, 543.4728, 401.0787
143430.4563, 6394371.0069, 37.3868, 220.3714, 236.8996
143447.0855, 6394371.1528, 37.4120, 1103.5078, 241.7248
143447.4604, 6394372.1428, 37.3331, 1087.6454, 251.6354
143447.4604, 6394372.1428, 37.3331, 1087.6454, 251.6354
143436.2669, 6394374.5473, 37.5224, 522.3784, 254.4867
143436.2669, 6394374.5473, 37.5224, 522.3784, 254.4867
143436.2669, 6394374.5473, 37.5224, 522.3784, 254.4867
143428.6211, 6394365.5182, 36.3914, 89.1335, 263.6799
143437.2517, 6394360.5577, 35.8340, 972.7554, 266.6596
143442.9670, 6394365.4620, 33.0645, 1124.1038, 486.1413
143438.7440, 6394370.1183, 32.9467, 740.9910, 495.1491
143433.7263, 6394362.0486, 33.5752, 612.0500, 496.3911
143433.7263, 6394362.0486, 33.5752, 612.0500, 496.3911
143433.7263, 6394362.0486, 33.5752, 612.0500, 496.3911
143446.6658, 6394370.6766, 36.7172, 1101.9269, 275.1058
143434.5925, 6394369.9323, 33.0934, 507.1420, 500.6451
143434.1801, 6394361.9644, 33.4944, 655.2761, 502.0073
143433.7631, 6394362.0320, 33.5048, 616.0932, 502.9124
143433.0491, 6394367.5048, 33.2176, 443.0868, 506.4447
143430.8199, 6394371.9728, 36.8285, 241.6346, 278.8698
143433.5269, 6394367.9745, 33.1660, 469.1252, 506.3992
143434.3868, 6394361.9395, 33.4365, 674.4350, 506.4561
143435.6295, 6394372.5233, 32.7668, 527.9459, 508.4900
143446.7750, 6394370.6026, 36.6125, 1109.2620, 280.2045
143437.5371, 6394366.1086, 32.9759, 777.0676, 510.6101
143434.4650, 6394361.5441, 33.3991, 695.2028, 511.6087
143433.0484, 6394367.4998, 33.1324, 443.3686, 512.5291
143433.0484, 6394367.4998, 33.1324, 443.3686, 512.5291
143434.2492, 6394361.9922, 33.3651, 660.8652, 513.5956
143434.0251, 6394361.9793, 33.3751, 641.4951, 513.9660
143446.8591, 6394370.6057, 36.5195, 1112.8938, 285.0762
143438.3646, 6394369.1115, 32.6903, 745.0759, 514.8721
143438.2477, 6394368.5987, 32.7244, 751.3539, 515.0516
143433.6231, 6394362.0595, 33.3513, 603.2515, 518.0079
143433.6231, 6394362.0595, 33.3513, 603.2515, 518.0079
143434.1948, 6394362.0027, 33.3228, 655.8864, 517.7881
143434.4467, 6394361.5516, 33.2352, 693.8406, 527.3248
143436.1022, 6394361.1193, 33.1597, 855.1299, 527.4769
143436.2294, 6394361.6077, 33.1042, 844.2075, 528.8402
143436.2748, 6394361.5837, 33.0958, 848.9869, 529.4937
143446.8591, 6394370.6057, 36.5195, 1112.8938, 285.0762
143432.8217, 6394367.0175, 32.7077, 435.6812, 546.4941
143432.7337, 6394366.9534, 32.7037, 430.2553, 547.5907
143432.7337, 6394366.9534, 32.7037, 430.2553, 547.5907
143437.4333, 6394361.6180, 32.7948, 940.5972, 549.6177
143432.6515, 6394366.5084, 32.7033, 430.8134, 550.7097
143432.4451, 6394366.5216, 32.7133, 415.1664, 550.9282
143432.4451, 6394366.5216, 32.7133, 415.1664, 550.9282
143432.1941, 6394366.0299, 32.7359, 402.9572, 553.6275
143431.6481, 6394374.4818, 36.7658, 278.5429, 295.5265
143432.1941, 6394366.0299, 32.7359, 402.9572, 553.6275
143436.1291, 6394364.4883, 32.5725, 732.1299, 555.5266
143431.4159, 6394363.9806, 32.8704, 366.8655, 561.6669
143431.4159, 6394363.9806, 32.8704, 366.8655, 561.6669
143431.2109, 6394363.4905, 32.9026, 355.0062, 564.0409
143431.2109, 6394363.4905, 32.9026, 355.0062, 564.0409
143435.5759, 6394363.0509, 32.5786, 737.5313, 568.7020
143430.8519, 6394363.0137, 32.9071, 327.5316, 570.1102
143430.8519, 6394363.0137, 32.9071, 327.5316, 570.1102
143435.4830, 6394362.0550, 32.5738, 766.0562, 578.2121
143430.2201, 6394363.5209, 32.7060, 262.6298, 588.4635
143429.9912, 6394363.0235, 32.7289, 244.1063, 593.0745
143429.5131, 6394363.5054, 32.5904, 194.5691, 604.5679
143435.5253, 6394360.9949, 32.1538, 814.0348, 628.4706
143428.0316, 6394363.9766, 32.3812, 46.9350, 630.2434
143444.9556, 6394401.4621, 34.6061, 561.5484, 407.6046
143444.6017, 6394400.9288, 34.5714, 556.7433, 408.6484
143440.6798, 6394387.0142, 37.6378, 558.4214, 300.0247
143441.4412, 6394388.9910, 37.6314, 564.1042, 305.4769
143440.6557, 6394372.0974, 33.9317, 790.0814, 432.5355
143432.8725, 6394377.9773, 36.6499, 322.5267, 315.1229
143437.9433, 6394364.1311, 35.5821, 865.1818, 315.3583
143442.6857, 6394378.0667, 33.5847, 757.6145, 442.8849
143442.6857, 6394378.0667, 33.5847, 757.6145, 442.8849
143442.8349, 6394377.9976, 33.5355, 764.7900, 444.7667
143436.5635, 6394375.9362, 33.3311, 526.9891, 469.1502
143459.3420, 6394388.4498, 45.8384, 1071.7130, 52.7072
143437.1589, 6394360.9849, 38.0351, 937.5780, 60.5940
143428.8291, 6394366.9918, 38.9819, 98.3119, 67.5811
143428.8291, 6394366.9918, 38.9819, 98.3119, 67.5811
143436.5635, 6394375.9362, 33.3311, 526.9891, 469.1502
143434.8961, 6394370.9567, 33.5274, 508.4109, 470.7125
143437.2891, 6394377.9274, 33.1562, 535.4487, 472.9444
143437.2891, 6394377.9274, 33.1562, 535.4487, 472.9444
143433.9994, 6394362.0182, 33.6846, 636.9368, 484.8493
143434.2631, 6394361.9688, 33.6536, 661.9075, 486.6398
143434.2631, 6394361.9688, 33.6536, 661.9075, 486.6398
143434.2631, 6394361.9688, 33.6536, 661.9075, 486.6398
143433.9738, 6394362.0062, 33.6581, 635.1398, 487.5114
143434.4685, 6394361.9408, 33.6226, 680.9254, 488.6399
143433.9349, 6394361.9810, 33.6347, 632.5485, 490.0045
143434.0746, 6394361.9880, 33.6227, 644.7697, 490.4063
143438.7875, 6394370.1122, 33.0208, 743.3332, 490.6980
143436.7230, 6394376.4357, 32.8002, 529.1109, 493.6280
143434.4191, 6394361.9537, 33.5223, 676.4996, 498.1959
143434.4748, 6394361.9315, 33.5221, 682.1168, 498.0265
143433.6532, 6394362.0705, 33.5529, 604.9205, 498.7805
143433.6532, 6394362.0705, 33.5529, 604.9205, 498.7805
143434.6683, 6394361.4697, 33.5132, 715.5936, 499.9603
143434.6683, 6394361.4697, 33.5132, 715.5936, 499.9603
143434.4874, 6394361.5419, 33.4880, 696.9876, 502.9952
143434.0706, 6394361.9700, 33.4670, 645.5169, 505.1367
143434.4198, 6394361.5665, 33.4643, 690.1733, 505.5087
143434.4884, 6394361.5393, 33.4568, 697.2725, 505.9872
143433.9245, 6394368.4482, 33.1045, 488.3808, 507.3137
143435.0519, 6394371.4414, 32.8528, 511.7570, 508.8552
143437.5912, 6394362.0930, 35.3130, 924.8931, 326.4080
143435.0519, 6394371.4414, 32.8528, 511.7570, 508.8552
143435.4951, 6394371.9952, 32.7418, 528.5308, 511.9843
143433.0619, 6394367.4893, 33.0225, 444.8150, 520.3271
143436.4200, 6394362.0968, 33.0798, 838.9055, 527.0046
143437.4250, 6394361.6174, 32.8333, 939.8924, 546.2470
143432.0134, 6394362.5188, 37.9130, 425.0200, 84.5828
143428.6951, 6394366.9845, 38.7146, 88.0057, 88.6813
143431.9768, 6394362.9931, 37.8879, 412.9628, 96.8288
143431.9768, 6394362.9931, 37.8879, 412.9628, 96.8288
143430.1791, 6394363.5083, 37.7437, 235.1781, 114.5601
143430.1791, 6394363.5083, 37.7437, 235.1781, 114.5601
143431.8372, 6394366.4707, 38.3612, 349.7236, 117.5949
143428.6765, 6394365.4727, 38.0303, 86.2582, 119.7607
143429.6571, 6394366.9764, 38.3291, 170.7676, 122.3727
143429.6571, 6394366.9764, 38.3291, 170.7676, 122.3727
143437.1441, 6394364.4223, 38.0679, 793.1785, 122.4801
143437.6164, 6394363.1454, 37.8432, 875.5613, 121.5095
143437.6164, 6394363.1454, 37.8432, 875.5613, 121.5095
143436.3705, 6394364.4490, 38.0364, 736.8452, 123.4100
143436.3705, 6394364.4490, 38.0364, 736.8452, 123.4100
143434.3230, 6394362.0200, 37.4647, 652.8435, 126.0956
143434.6711, 6394364.9529, 38.0143, 596.4977, 128.7371
143432.5573, 6394362.5318, 37.4263, 478.2071, 134.0163
143432.5573, 6394362.5318, 37.4263, 478.2071, 134.0163
143428.6353, 6394365.4957, 37.8451, 83.3740, 136.3235
143428.3023, 6394364.0217, 37.5328, 46.9667, 138.7438
143431.9950, 6394362.5612, 37.3726, 424.7263, 138.1420
143431.9950, 6394362.5612, 37.3726, 424.7263, 138.1420
143432.3230, 6394365.9724, 38.0037, 395.4719, 139.4612
143432.3492, 6394365.0289, 37.7978, 412.2190, 142.0577
143428.7189, 6394365.4918, 37.7282, 91.7033, 146.7214
143429.5776, 6394366.9980, 38.0250, 165.3977, 146.7104
143431.4278, 6394366.0115, 37.8831, 323.8217, 147.7303
143431.4278, 6394366.0115, 37.8831, 323.8217, 147.7303
143437.8874, 6394363.6077, 37.5831, 877.1360, 150.8019
143430.2821, 6394363.5448, 37.3249, 246.9604, 155.4683
143438.4869, 6394363.9242, 37.2916, 907.0395, 179.5106
143428.2907, 6394364.9922, 37.1356, 52.4478, 191.2910
143429.3720, 6394367.0238, 37.4503, 150.7048, 192.3786
143447.0327, 6394369.0793, 37.8268, 1173.9218, 204.9149
143437.1570, 6394361.0768, 37.5249, 934.0087, 111.4100
143436.3511, 6394364.4312, 38.1544, 735.6993, 113.6097
143437.1629, 6394364.4388, 38.2042, 793.6245, 112.0156
143437.6468, 6394363.1016, 37.9672, 879.3035, 110.4436
143434.8451, 6394365.4599, 38.2617, 596.4718, 117.4630
143434.3132, 6394362.0013, 37.5733, 652.2242, 115.3086
143433.4886, 6394364.4209, 37.9605, 516.1601, 121.4793
143431.4215, 6394365.9890, 38.0037, 323.0893, 137.6240
143430.2607, 6394363.5225, 37.4513, 244.4451, 143.0074
143437.8251, 6394362.0622, 37.3814, 939.5652, 144.0377
143437.8251, 6394362.0622, 37.3814, 939.5652, 144.0377
143431.1872, 6394366.4833, 37.8018, 300.1743, 160.4242
143430.1908, 6394366.4940, 37.7035, 219.2811, 166.5855
143428.4518, 6394365.4959, 37.1838, 69.4682, 194.0544
143428.0896, 6394364.0163, 36.2748, 31.8497, 259.6008
143454.9349, 6394387.1540, 40.2673, 984.2328, 213.4345
143434.4960, 6394369.5142, 37.5077, 496.2770, 218.7132
143430.2373, 6394370.4843, 36.0757, 211.9260, 319.3028
143438.3101, 6394364.0086, 36.7882, 892.5932, 219.9057
143429.3378, 6394367.9946, 37.0116, 148.5967, 236.6749
143432.8871, 6394378.4779, 36.2965, 320.9629, 333.6746
143448.2873, 6394374.0978, 37.8985, 1062.1565, 235.8630
143433.5148, 6394379.9634, 36.2006, 341.3271, 341.5923
143428.4076, 6394365.5034, 35.3214, 74.4720, 356.7918
143432.3841, 6394367.4785, 35.2918, 389.3619, 359.1141
143428.8377, 6394366.5017, 35.2578, 115.0540, 364.8972
143448.2873, 6394374.0978, 37.8985, 1062.1565, 235.8630
143435.4181, 6394385.4656, 34.9086, 387.2072, 401.0876
143445.5516, 6394365.4579, 36.7195, 1258.0623, 241.7639
143428.3157, 6394364.5116, 33.5955, 71.2077, 511.1586
143436.4059, 6394361.0130, 33.1830, 885.5437, 524.1657
143433.6227, 6394363.0226, 33.0319, 577.3814, 541.1965
143433.6227, 6394363.0226, 33.0319, 577.3814, 541.1965
143429.6905, 6394368.9901, 36.9604, 174.2239, 249.2835
143438.3174, 6394364.0031, 36.2703, 894.3939, 260.4741
143438.3174, 6394364.0031, 36.2703, 894.3939, 260.4741
143447.4468, 6394372.5991, 37.1727, 1073.2587, 262.0054
143428.1435, 6394364.5020, 36.1943, 40.4859, 272.0258
143428.1435, 6394364.5020, 36.1943, 40.4859, 272.0258
143429.0804, 6394367.0007, 36.3765, 130.9271, 277.3483
143447.0469, 6394372.1038, 36.7718, 1072.2983, 279.3293
143438.0814, 6394364.1412, 35.9926, 873.4293, 283.3058
143428.2608, 6394364.0143, 35.4716, 53.8613, 336.3734
143446.9811, 6394371.6356, 36.5488, 1084.3828, 288.3529
143446.9811, 6394371.6356, 36.5488, 1084.3828, 288.3529
143439.2662, 6394382.9903, 37.5770, 550.0801, 289.8508
143430.0958, 6394370.4958, 36.3214, 201.3476, 303.2375
143429.8969, 6394362.9952, 32.4517, 236.2440, 620.7094
143430.4919, 6394371.4874, 36.2713, 224.3991, 311.1763
143438.9816, 6394367.0907, 35.7389, 830.7164, 318.3241
143430.0452, 6394369.9816, 35.9480, 200.7943, 325.7435
143438.9564, 6394366.6486, 35.3816, 843.7462, 340.5282
143432.4383, 6394376.4694, 36.0110, 311.5222, 342.4367
143431.6790, 6394374.4754, 35.8870, 282.6807, 344.0415
143431.6790, 6394374.4754, 35.8870, 282.6807, 344.0415
143428.4273, 6394365.0066, 35.4964, 73.9643, 339.1048
143430.6667, 6394363.0126, 35.0534, 299.8846, 366.9497
143430.4669, 6394371.4918, 35.3081, 225.8250, 371.8197
143431.8668, 6394375.4794, 35.1180, 289.3871, 387.4883
143439.6088, 6394368.6236, 35.3812, 822.2812, 346.6516
143439.6088, 6394368.6236, 35.3812, 822.2812, 346.6516
143439.1567, 6394394.9489, 35.0619, 450.2756, 397.4960
143433.8578, 6394380.9913, 34.8757, 352.7679, 401.5496
143442.0706, 6394402.9495, 34.7839, 480.2739, 406.0213
143442.0706, 6394402.9495, 34.7839, 480.2739, 406.0213
143436.3449, 6394387.9694, 36.2270, 402.8014, 354.5542
143436.1656, 6394387.4613, 34.6022, 402.2900, 412.4164
143439.7787, 6394369.0409, 35.2734, 820.1666, 354.3050
143439.7787, 6394369.0409, 35.2734, 820.1666, 354.3050
143440.6752, 6394372.0980, 34.1818, 790.5988, 419.1816
143440.6752, 6394372.0980, 34.1818, 790.5988, 419.1816
143459.0705, 6394382.5534, 45.7739, 1187.9508, 5.5531
143429.4470, 6394363.5594, 38.8166, 156.6018, 8.6260
143432.1386, 6394362.5390, 38.6881, 433.3571, 9.7038
143431.7736, 6394363.0067, 38.7752, 389.9131, 11.3817
143428.5911, 6394364.0475, 38.8538, 69.5972, 12.9151
143459.1129, 6394383.6338, 45.7432, 1164.2174, 16.5233
143428.1407, 6394364.0074, 38.7745, 23.2394, 17.0807
143437.2211, 6394360.9723, 38.4750, 942.3062, 18.2125
143460.5349, 6394387.0377, 46.6784, 1128.4501, 17.9989
143449.3651, 6394369.6949, 41.4336, 1248.6356, 19.7939
143449.3651, 6394369.6949, 41.4336, 1248.6356, 19.7939
143449.3651, 6394369.6949, 41.4336, 1248.6356, 19.7939
143431.0425, 6394363.0135, 38.6425, 320.1548, 20.3685
143429.5116, 6394363.5428, 38.6726, 163.9251, 22.6283
143437.1582, 6394361.0238, 38.4333, 934.5947, 23.1911
143449.2200, 6394369.6216, 41.3448, 1245.4357, 23.0882
143437.6438, 6394360.9275, 38.4307, 979.4105, 23.6069
143430.6766, 6394363.0519, 38.5914, 283.9997, 24.3606
143432.5514, 6394367.4561, 35.0714, 402.4757, 374.7740
143437.4032, 6394360.9572, 38.0625, 959.0488, 58.4366
143430.6993, 6394363.4667, 37.6009, 286.6718, 129.0101
143437.1052, 6394360.5432, 33.8171, 966.0053, 462.0506
143436.9011, 6394360.6099, 33.7116, 945.7018, 472.9747
143437.4996, 6394362.0435, 33.6204, 923.9644, 474.4793
143458.7068, 6394393.5946, 44.1416, 971.2869, 132.9086
143434.9928, 6394371.4489, 33.1281, 507.6313, 492.9442
143434.5174, 6394361.5254, 33.2497, 701.0207, 525.6879
143433.7748, 6394362.9812, 33.0849, 591.2458, 535.8898
143434.3272, 6394361.9676, 32.9891, 669.7427, 548.3684
143433.1159, 6394365.0222, 32.6862, 491.7935, 559.3728
143448.4274, 6394373.6558, 38.3573, 1079.8555, 211.8263
143438.3824, 6394363.9468, 36.6320, 900.3235, 231.5941
143445.5620, 6394366.3237, 36.7426, 1218.4514, 246.8421
143438.2440, 6394364.5546, 36.3278, 868.2729, 260.6308
143429.9091, 6394369.4997, 36.5449, 190.4790, 282.3032
143430.7796, 6394371.9844, 36.4704, 240.1288, 301.0132
143437.8764, 6394363.1058, 35.1377, 902.1326, 345.9162
143432.4850, 6394367.4709, 34.9888, 397.7506, 380.9295
143432.4850, 6394367.4709, 34.9888, 397.7506, 380.9295
143431.4731, 6394374.4842, 35.3671, 272.4069, 372.9999
143430.9604, 6394362.9963, 34.8387, 329.5579, 386.6813
143437.4596, 6394361.5994, 33.0032, 943.0594, 531.0356
143437.5588, 6394360.4378, 32.5909, 1011.8983, 577.4064
143432.4354, 6394362.5116, 32.6185, 486.2789, 590.9106
143432.7457, 6394368.4811, 34.8987, 403.5358, 388.7026
143432.7457, 6394368.4811, 34.8987, 403.5358, 388.7026
143433.4283, 6394370.4709, 34.9295, 423.3203, 388.5525
143429.7486, 6394366.9792, 38.3630, 178.1751, 119.9574
143429.4308, 6394366.9961, 37.7654, 154.3057, 167.0552
143429.0227, 6394366.9995, 37.2130, 122.4850, 210.6178
143428.3847, 6394364.4996, 36.5809, 62.5047, 236.0693
143428.3165, 6394364.4959, 35.7017, 60.3101, 317.6138
143429.6714, 6394368.4987, 35.5698, 179.1786, 346.5819
143439.6817, 6394369.0826, 34.9981, 814.2352, 371.2278
143439.6817, 6394369.0826, 34.9981, 814.2352, 371.2278
143440.9972, 6394373.1139, 34.1388, 782.9050, 421.0119
143458.8435, 6394386.1631, 44.8441, 1103.7406, 65.9552
143455.5554, 6394389.0736, 40.4092, 967.6282, 217.4140
143455.5554, 6394389.0736, 40.4092, 967.6282, 217.4140
143437.3224, 6394360.5656, 35.5565, 978.8497, 293.6282
143433.2505, 6394367.0083, 32.6936, 466.6669, 545.4942
143433.8763, 6394366.5213, 32.6880, 519.9049, 545.6750
143434.0164, 6394361.9706, 33.0715, 642.0355, 542.5690
143436.1603, 6394361.0332, 32.8792, 864.7272, 554.2759
143434.7826, 6394370.9757, 33.3134, 502.0453, 483.8045
143442.9223, 6394365.4965, 33.0526, 1120.1443, 486.9917
143441.4233, 6394363.4747, 33.0123, 1126.0652, 501.9915
143438.1173, 6394368.1150, 32.9473, 755.9742, 503.1268
143435.4394, 6394372.5196, 32.7680, 517.7242, 509.0457
143434.6167, 6394361.4994, 33.4099, 710.2567, 509.9689
143434.1751, 6394361.9697, 33.3919, 655.0031, 511.6111
143437.8541, 6394368.4801, 32.5936, 731.9224, 525.2061
143433.4578, 6394363.0748, 33.1612, 561.5094, 530.3072
143436.1179, 6394361.1061, 33.1047, 857.2011, 532.6685
143434.4220, 6394361.9408, 38.4989, 660.8091, 25.3184
143428.1776, 6394363.9947, 33.1340, 57.8642, 558.1597
143429.3118, 6394366.4959, 32.7972, 166.1784, 561.3195
143427.7137, 6394364.0000, 33.1086, 10.3040, 563.6008
143431.4379, 6394363.9706, 32.8068, 369.2141, 567.1935
143430.6868, 6394363.0186, 32.8187, 311.9711, 579.5426
143435.5237, 6394361.9940, 32.5197, 771.9059, 583.3818
143432.5464, 6394362.5415, 32.6550, 495.6423, 586.4011
143429.2298, 6394363.5058, 32.5884, 166.4381, 606.9078
143429.2298, 6394363.5058, 32.5884, 166.4381, 606.9078
143437.5496, 6394360.9095, 38.3861, 972.7853, 26.9476
143437.3117, 6394360.9553, 38.3587, 950.9299, 29.4808
143437.2378, 6394360.9855, 38.3359, 943.3499, 32.0362
143437.4656, 6394360.9609, 38.3260, 963.3630, 33.5464
143449.4000, 6394369.9619, 41.2440, 1239.9655, 33.6469
143460.8959, 6394389.6163, 46.8233, 1087.9150, 34.3279
143428.4792, 6394364.5157, 37.9913, 64.5957, 104.9949
143433.2767, 6394364.4805, 37.5639, 498.9920, 155.4974
143448.2078, 6394375.0305, 37.7409, 1033.6584, 248.1499
143448.2078, 6394375.0305, 37.7409, 1033.6584, 248.1499
143437.0315, 6394360.6562, 34.2926, 952.8009, 416.5254
143430.8760, 6394363.0190, 38.8066, 303.0178, 3.5302
143450.2687, 6394371.6536, 42.3146, 1212.6967, 4.1537
143449.5377, 6394369.5196, 41.6839, 1262.5740, 4.4058
143450.1605, 6394371.1156, 42.1141, 1227.6210, 6.5414
143450.1605, 6394371.1156, 42.1141, 1227.6210, 6.5414
143430.9375, 6394363.0084, 38.7655, 309.3731, 7.6283
143459.7529, 6394387.0697, 45.7534, 1108.5494, 45.6102
143460.9279, 6394386.4410, 46.8514, 1150.4282, 8.3717
143460.9279, 6394386.4410, 46.8514, 1150.4282, 8.3717
143449.7598, 6394369.3941, 41.5891, 1276.9606, 8.3757
143437.1622, 6394361.0128, 38.5411, 935.2198, 12.5460
143434.4610, 6394361.9400, 38.6119, 663.9388, 14.5914
143429.4488, 6394364.0517, 38.8451, 155.7250, 18.5440
143429.4488, 6394364.0517, 38.8451, 155.7250, 18.5440
143449.7099, 6394369.4205, 41.5439, 1273.8422, 11.0349
143430.9270, 6394363.0089, 38.7197, 308.5447, 12.0655
143449.4864, 6394370.1284, 41.7068, 1236.8898, 11.7784
143431.6882, 6394363.0179, 38.7560, 381.7258, 13.0461
143460.6409, 6394386.9775, 46.8099, 1132.2565, 13.6250
143431.6036, 6394363.0317, 38.7400, 373.5477, 14.4695
143429.2180, 6394364.0437, 38.8628, 132.8043, 15.4109
143428.5109, 6394364.0547, 38.8098, 61.6497, 16.9170
143429.2695, 6394364.0465, 38.8476, 137.9920, 17.2088
143429.4045, 6394364.0466, 38.8447, 151.3738, 18.2101
143434.3981, 6394361.9387, 38.5613, 658.5348, 19.1085
143434.4981, 6394361.8938, 38.5556, 668.9899, 19.0587
143437.6192, 6394360.9365, 38.4722, 976.8406, 19.7246
143437.4168, 6394360.9138, 38.4379, 961.5510, 21.3588
143460.4900, 6394387.1057, 46.5749, 1126.0149, 21.6747
143433.5626, 6394362.0897, 38.5185, 578.3203, 22.5779
143460.5317, 6394387.5533, 46.5864, 1118.1804, 24.9773
143460.5317, 6394387.5533, 46.5864, 1118.1804, 24.9773
143434.4847, 6394361.9175, 38.4926, 667.2025, 25.6761
143460.3272, 6394387.1107, 46.4162, 1121.9015, 26.3411
143432.7610, 6394371.0001, 37.5555, 368.6684, 227.1708
143459.3854, 6394385.0612, 45.7967, 1140.1963, 27.5640
143437.1367, 6394361.0393, 38.1898, 932.6237, 46.8816
143449.2955, 6394370.1383, 40.9645, 1229.1412, 50.4141
143437.1994, 6394361.0067, 38.3634, 939.0362, 29.7101
143449.3255, 6394369.5807, 41.1642, 1251.6169, 32.5213
143459.0526, 6394384.4434, 45.4406, 1144.8616, 33.4464
143449.4362, 6394369.4942, 41.1083, 1259.7203, 34.6549
143449.3619, 6394369.5705, 41.0854, 1253.6085, 36.7080
143438.5305, 6394369.4911, 37.4829, 735.5876, 222.5855
143460.1893, 6394386.6553, 46.4165, 1127.5547, 22.4163
143437.1739, 6394361.0097, 38.1071, 937.3839, 54.3103
143428.3865, 6394364.0196, 38.3755, 51.0521, 57.4820
143459.1431, 6394386.6229, 45.2362, 1102.0818, 57.4397
143449.2195, 6394370.1571, 41.1378, 1225.1328, 41.3453
143432.1332, 6394362.4570, 38.0648, 437.0668, 68.8227
143437.5459, 6394360.8808, 37.9174, 975.0497, 71.2679
143429.0983, 6394366.9890, 38.8408, 121.8174, 79.9009
143429.0983, 6394366.9890, 38.8408, 121.8174, 79.9009
143432.0339, 6394363.0512, 38.8688, 413.2167, 5.0497
143434.3097, 6394361.9968, 38.7038, 648.2389, 6.3283
143428.0531, 6394364.0203, 38.8736, 13.5841, 7.2219
143430.2902, 6394363.5082, 38.8588, 240.7554, 8.0040
143430.9118, 6394363.0114, 38.7179, 307.0301, 12.2236
143430.7598, 6394363.0361, 38.6997, 291.8778, 13.7905
143437.3242, 6394360.9556, 38.4695, 951.6897, 18.8796
143437.5099, 6394360.9683, 38.4834, 966.2350, 18.8692
143437.5763, 6394360.8681, 37.7664, 978.5503, 85.5972
143432.1198, 6394362.5128, 37.8583, 435.5449, 90.2312
143428.8982, 6394366.9862, 38.6927, 105.4723, 91.1489
143460.8421, 6394391.5729, 46.8242, 1052.1917, 48.2585
143431.9653, 6394362.5174, 37.8032, 420.8888, 95.1239
143431.9653, 6394362.5174, 37.8032, 420.8888, 95.1239
143431.8716, 6394363.0137, 37.8871, 402.7657, 96.9382
143432.0261, 6394362.5138, 37.7791, 426.8954, 97.6352
143436.8611, 6394364.5480, 38.3629, 768.1429, 100.3875
143457.8585, 6394386.5930, 43.8124, 1070.1105, 100.3789
143459.5724, 6394388.4091, 45.9596, 1078.1691, 49.0835
143459.4918, 6394386.5526, 45.5130, 1112.3036, 48.7462
143449.3105, 6394370.0402, 41.2557, 1233.2429, 33.8302
143428.9118, 6394366.9873, 38.5682, 107.1851, 101.2713
143429.1192, 6394366.9877, 38.5583, 124.8074, 102.7053
143437.4938, 6394360.9451, 37.5525, 968.2536, 107.3336
143432.2183, 6394362.5031, 37.6614, 445.9371, 109.6078
143432.1114, 6394362.5126, 37.6491, 435.6176, 110.6223
143432.1114, 6394362.5126, 37.6491, 435.6176, 110.6223
143437.3843, 6394360.5451, 37.4144, 980.8585, 112.3771
143437.3843, 6394360.5451, 37.4144, 980.8585, 112.3771
143456.4687, 6394384.6534, 42.9921, 1071.8110, 112.2896
143456.4687, 6394384.6534, 42.9921, 1071.8110, 112.2896
143431.9356, 6394363.0304, 37.7250, 409.1410, 112.8964
143431.9356, 6394363.0304, 37.7250, 409.1410, 112.8964
143432.2008, 6394362.5101, 37.6180, 444.3135, 113.9134
143437.0853, 6394361.1269, 37.4905, 925.7084, 115.4239
143437.6158, 6394363.1318, 37.9077, 875.9250, 115.8647
143431.9175, 6394363.0423, 37.6832, 407.4128, 117.0331
143434.0445, 6394362.0676, 37.5056, 626.3381, 122.2096
143430.2917, 6394363.4799, 37.6593, 246.7986, 122.4567
143434.6684, 6394364.9379, 38.0880, 596.4460, 122.5583
143431.2102, 6394366.4998, 38.2594, 300.1403, 124.4578
143431.2102, 6394366.4998, 38.2594, 300.1403, 124.4578
143434.2178, 6394362.0113, 37.4771, 643.7188, 124.4204
143432.4748, 6394366.4853, 38.2873, 399.1692, 125.2202
143433.4633, 6394364.4408, 37.9006, 513.8763, 126.8154
143437.5280, 6394361.5057, 37.4062, 943.0222, 131.6150
143437.5280, 6394361.5057, 37.4062, 943.0222, 131.6150
143437.2401, 6394361.6357, 37.3908, 913.9421, 134.5171
143428.8283, 6394365.9889, 37.9484, 101.4892, 135.9120
143429.7616, 6394367.0003, 38.1368, 180.1223, 138.2749
143428.1991, 6394364.0221, 37.5122, 36.4120, 140.4497
143437.4555, 6394362.0967, 37.4144, 909.5155, 140.7612
143437.8487, 6394362.0462, 37.3896, 942.0969, 143.1080
143437.6438, 6394363.9664, 37.6994, 845.7552, 146.1192
143428.8020, 6394366.0028, 37.8144, 99.7655, 147.4767
143428.8020, 6394366.0028, 37.8144, 99.7655, 147.4767
143432.4355, 6394365.9789, 37.8822, 404.6408, 149.4762
143437.7611, 6394363.0982, 37.5040, 888.8685, 149.5228
143437.7611, 6394363.0982, 37.5040, 888.8685, 149.5228
143428.3758, 6394364.4872, 37.4854, 56.8267, 151.5148
143429.9542, 6394366.9926, 37.9347, 196.7626, 154.5653
143460.8014, 6394398.5576, 44.1688, 947.9180, 157.3715
143428.8548, 6394365.9964, 37.6936, 105.0629, 157.7605
143428.8548, 6394365.9964, 37.6936, 105.0629, 157.7605
143430.0253, 6394366.4755, 37.7912, 205.2219, 158.9419
143428.0729, 6394364.0146, 37.3069, 24.3923, 159.8887
143431.3450, 6394366.0210, 37.6231, 317.9781, 168.7225
143458.2266, 6394395.0847, 42.9653, 939.0920, 171.6723
143430.9336, 6394366.4968, 37.6065, 280.4219, 175.6545
143428.3704, 6394364.5308, 37.2245, 57.8421, 176.5692
143428.4477, 6394365.0175, 37.3049, 66.8598, 176.5803
143449.7584, 6394376.0623, 39.5105, 1062.0480, 177.2026
143449.3951, 6394375.0597, 39.3145, 1075.9650, 178.3827
143428.2301, 6394364.5018, 37.1618, 44.0335, 181.7350
143438.0993, 6394364.1255, 37.2488, 872.5773, 184.8277
143457.4661, 6394392.1134, 41.9795, 965.7510, 185.2275
143433.3655, 6394366.0270, 37.4152, 476.9588, 188.4119
143428.7724, 6394366.0211, 37.3019, 99.5206, 191.1962
143433.7814, 6394367.5309, 37.4753, 481.1056, 201.3077
143438.1365, 6394364.6093, 37.0984, 857.3864, 202.2116
143434.2591, 6394369.0076, 37.4944, 489.1905, 214.8816
143433.5890, 6394370.5528, 37.6630, 424.8198, 217.1812
143433.5890, 6394370.5528, 37.6630, 424.8198, 217.1812
143433.5890, 6394370.5528, 37.6630, 424.8198, 217.1812
143434.6443, 6394369.5073, 37.5224, 505.6356, 217.8015
143434.6443, 6394369.5073, 37.5224, 505.6356, 217.8015
143445.9478, 6394365.5862, 37.0750, 1271.8169, 220.0045
143434.3929, 6394369.5478, 37.4472, 489.4388, 222.8696
143438.1478, 6394364.1036, 36.7595, 877.8013, 223.0227
143445.9295, 6394365.6115, 37.0181, 1269.7207, 223.8748
143431.8585, 6394371.5053, 37.6137, 307.6361, 227.1568
143438.5779, 6394363.9435, 36.6465, 913.8120, 230.5382
143454.1240, 6394386.1007, 39.4907, 981.4632, 233.6689
143448.9544, 6394377.6158, 38.3524, 995.6263, 235.2992
143429.6366, 6394368.9926, 37.1000, 169.6674, 239.3020
143435.6759, 6394372.5149, 37.5214, 519.9229, 241.6023
143435.3709, 6394372.5322, 37.5203, 502.9877, 241.7003
143448.6303, 6394377.1262, 38.1343, 995.9066, 241.8565
143439.8331, 6394368.4969, 37.0093, 835.4055, 244.7013
143439.8331, 6394368.4969, 37.0093, 835.4055, 244.7013
143429.8462, 6394369.4883, 37.0635, 184.0874, 246.1348
143435.5402, 6394373.0417, 37.5033, 505.1641, 246.0999
143435.5402, 6394373.0417, 37.5033, 505.1641, 246.0999
143438.3949, 6394363.9581, 36.4301, 901.1552, 247.5612
143460.9141, 6394386.4500, 46.8591, 1149.8892, 8.1830
143428.1980, 6394364.0091, 38.8369, 28.8907, 11.3491
143437.7733, 6394360.9257, 38.5726, 989.6974, 10.6868
143447.2365, 6394371.6143, 37.3569, 1094.9890, 247.3590
143445.5945, 6394365.4294, 36.6282, 1261.7148, 247.4995
143459.8699, 6394384.6338, 46.2300, 1161.9373, 10.6895
143430.3347, 6394363.4921, 38.7754, 245.6324, 15.8629
143428.0314, 6394364.0085, 38.7805, 11.7441, 15.9116
143459.2560, 6394384.0555, 45.7740, 1158.6256, 19.4791
143429.7016, 6394363.5326, 38.6840, 183.0540, 22.2819
143447.8483, 6394373.0513, 37.4878, 1075.6086, 249.2178
143435.6069, 6394373.5578, 37.4936, 501.7405, 249.9473
143435.7378, 6394373.5248, 37.4863, 509.0975, 250.1594
143461.6464, 6394392.6415, 47.7828, 1052.4336, 30.1114
143447.0818, 6394371.0051, 37.2101, 1108.4198, 251.2521
143448.7575, 6394377.5242, 37.9283, 991.1995, 252.4785
143428.2007, 6394364.5152, 36.3795, 45.2978, 254.9047
143438.1460, 6394364.6077, 36.3978, 859.5734, 255.7266
143447.0498, 6394371.5459, 37.1724, 1089.5031, 256.2926
143447.0498, 6394371.5459, 37.1724, 1089.5031, 256.2926
143438.1789, 6394364.5878, 36.3457, 862.6327, 259.5344
143438.1789, 6394364.5878, 36.3457, 862.6327, 259.5344
143446.9653, 6394371.0277, 36.9780, 1102.9232, 263.3719
143437.4545, 6394360.4889, 35.8259, 993.3730, 266.7282
143428.6178, 6394365.9969, 36.3681, 89.9347, 269.9491
143438.6133, 6394363.9290, 36.1105, 917.8881, 272.3540
143437.3483, 6394360.9388, 35.7773, 960.7807, 275.7754
143437.1535, 6394361.0286, 35.7002, 940.4754, 283.9434
143438.8250, 6394382.0019, 37.6094, 543.9928, 285.0778
143447.1013, 6394372.0811, 36.5655, 1075.4679, 289.4805
143437.8038, 6394363.6062, 35.8458, 875.0817, 291.2219
143440.4486, 6394389.0116, 37.8203, 531.6440, 299.4795
143440.4486, 6394389.0116, 37.8203, 531.6440, 299.4795
143441.6057, 6394388.9879, 37.6411, 569.3810, 305.0861
143441.6057, 6394388.9879, 37.6411, 569.3810, 305.0861
143441.1944, 6394389.0183, 37.6312, 555.9305, 305.6379
143441.1944, 6394389.0183, 37.6312, 555.9305, 305.6379
143441.8946, 6394391.0435, 37.6519, 559.1288, 309.8457
143433.2192, 6394378.9761, 36.7291, 332.7532, 314.6065
143433.7628, 6394380.4725, 36.6784, 348.2563, 321.4130
143444.7064, 6394398.0324, 37.7093, 578.4988, 321.9652
143444.7064, 6394398.0324, 37.7093, 578.4988, 321.9652
143438.4909, 6394365.6098, 35.5781, 848.6272, 322.8492
143428.6264, 6394366.9862, 39.2800, 79.5612, 42.4301
143428.6264, 6394366.9862, 39.2800, 79.5612, 42.4301
143460.2014, 6394388.0184, 45.9181, 1101.2904, 48.3900
143433.9362, 6394380.9725, 36.5759, 352.9123, 327.2891
143438.7402, 6394366.0729, 35.4879, 848.9907, 331.1077
143438.2137, 6394364.5785, 35.3145, 867.4868, 337.8640
143428.0343, 6394364.0069, 38.4687, 13.8036, 46.4317
143428.0343, 6394364.0069, 38.4687, 13.8036, 46.4317
143429.0973, 6394366.9830, 38.9457, 121.2782, 71.3180
143437.2701, 6394360.9693, 37.8616, 947.9615, 77.4052
143437.2701, 6394360.9693, 37.8616, 947.9615, 77.4052
143437.5541, 6394360.8843, 37.8432, 975.7042, 78.4993
143458.4913, 6394386.9643, 44.3946, 1079.0565, 85.3741
143459.2293, 6394386.5236, 45.2285, 1106.2914, 57.0676
143437.4478, 6394360.9742, 38.0446, 961.8575, 60.7371
143458.9236, 6394388.6655, 44.6936, 1057.9540, 88.2306
143429.1651, 6394367.0022, 38.6357, 128.3451, 96.8609
143427.9127, 6394411.9798, 48.0515, 82.7187, 100.3528
143427.9127, 6394411.9798, 48.0515, 82.7187, 100.3528
143437.0605, 6394361.1173, 37.6314, 923.7934, 101.7209
143459.2008, 6394389.1485, 45.6729, 1055.5258, 62.4993
143458.1998, 6394387.9956, 43.9330, 1052.3687, 106.1666
143432.6981, 6394362.4874, 37.7035, 491.2257, 106.8757
143437.3383, 6394360.9701, 37.5398, 954.2711, 108.5132
143432.2920, 6394362.5097, 37.6206, 452.9604, 113.9592
143430.1920, 6394366.9551, 38.4003, 214.4144, 117.7903
143432.4251, 6394366.4690, 38.3534, 395.3567, 119.7154
143437.2669, 6394361.0833, 37.3906, 943.0167, 124.6752
143432.2298, 6394362.5431, 37.4816, 446.9624, 127.9033
143431.2886, 6394366.5012, 38.2063, 306.5927, 128.8823
143431.1444, 6394366.4928, 38.1822, 295.2253, 130.3131
143428.8768, 6394365.9914, 37.8757, 106.1832, 142.2536
143428.9889, 6394366.4876, 37.9505, 116.1584, 143.9003
143432.8323, 6394363.4925, 37.5034, 482.1309, 144.2643
143437.7054, 6394362.0725, 37.3760, 929.9450, 144.3908
143429.4069, 6394366.9825, 38.0110, 151.2993, 147.2299
143432.3730, 6394363.0463, 37.3819, 450.6195, 146.8028
143432.2637, 6394363.5651, 37.4591, 430.6643, 148.0820
143432.7223, 6394363.5372, 37.4039, 471.9538, 153.7086
143430.3858, 6394366.5051, 37.8432, 234.7851, 155.8765
143428.6083, 6394365.5041, 37.5924, 82.1064, 158.5791
143428.6083, 6394365.5041, 37.5924, 82.1064, 158.5791
143429.9531, 6394366.9948, 37.8547, 196.9837, 160.9093
143429.9531, 6394366.9948, 37.8547, 196.9837, 160.9093
143428.7155, 6394365.4860, 37.5383, 92.2909, 163.2664
143428.7155, 6394365.4860, 37.5383, 92.2909, 163.2664
143432.7157, 6394364.5204, 37.4524, 452.3721, 164.4140
143428.8453, 6394366.0001, 37.6084, 104.6054, 165.0311
143428.3597, 6394364.5182, 37.3035, 56.3121, 168.9790
143429.0776, 6394366.9887, 37.7316, 124.8748, 169.0347
143429.0776, 6394366.9887, 37.7316, 124.8748, 169.0347
143428.2962, 6394364.5268, 37.2372, 50.3650, 175.1799
143428.4387, 6394365.0269, 37.2415, 66.3429, 182.4284
143433.6272, 6394367.0152, 37.4869, 478.8364, 194.7280
143433.6272, 6394367.0152, 37.4869, 478.8364, 194.7280
143428.2042, 6394364.4920, 37.0038, 42.2258, 196.3441
143428.2042, 6394364.4920, 37.0038, 42.2258, 196.3441
143428.8014, 6394366.0304, 37.2366, 102.4353, 196.8863
143456.4673, 6394391.6058, 40.5449, 950.1042, 223.6784
143456.2222, 6394392.0890, 40.2690, 936.8807, 233.2931
143438.1669, 6394364.0572, 36.6194, 881.2004, 233.5554
143438.1669, 6394364.0572, 36.6194, 881.2004, 233.5554
143428.1532, 6394364.0172, 38.9003, 23.9019, 5.1043
143428.5604, 6394364.0305, 38.9170, 66.0547, 6.1859
143431.2992, 6394363.0503, 38.8181, 343.7887, 5.7015
143449.3508, 6394369.7096, 41.6317, 1247.3165, 9.3727
143459.2994, 6394389.1214, 45.5403, 1058.5458, 66.4033
143429.1895, 6394366.9933, 38.9713, 128.9634, 69.7766
143428.7397, 6394366.9881, 38.9295, 90.8771, 71.4438
143449.3508, 6394369.7096, 41.6317, 1247.3165, 9.3727
143449.5255, 6394369.9330, 41.6009, 1246.0398, 14.7318
143437.1475, 6394361.0131, 37.8643, 935.6155, 77.5884
143428.7064, 6394366.9937, 38.8036, 88.5962, 81.6576
143460.6026, 6394389.4529, 46.2882, 1084.0990, 48.4148
143437.5435, 6394360.8955, 37.7451, 974.4690, 88.0904
143429.0711, 6394366.9890, 38.7040, 120.1151, 90.8368
143429.0711, 6394366.9890, 38.7040, 120.1151, 90.8368
143456.3808, 6394383.0978, 43.2021, 1102.0469, 94.0391
143458.0532, 6394386.6048, 44.0112, 1074.8596, 94.4111
143428.8604, 6394366.9848, 38.6450, 102.4637, 94.8591
143429.0907, 6394366.9999, 38.6528, 121.9964, 95.2193
143429.1371, 6394366.9989, 38.6537, 125.9094, 95.2710
143432.1622, 6394362.5151, 37.7885, 439.8382, 97.2527
143438.1186, 6394364.4193, 38.4025, 860.3603, 98.8734
143433.9816, 6394362.0714, 37.7210, 619.8188, 101.3564
143436.9276, 6394364.9291, 38.4309, 760.3111, 101.5543
143432.1869, 6394362.5058, 37.7306, 442.6089, 102.8059
143432.1869, 6394362.5058, 37.7306, 442.6089, 102.8059
143434.7835, 6394365.4391, 38.4000, 592.0225, 106.1238
143429.0926, 6394366.9854, 38.4928, 122.8467, 107.8639
143429.1821, 6394367.4754, 38.5954, 129.8668, 107.9999
143430.2068, 6394363.5170, 37.8052, 237.5389, 108.9344
143430.2068, 6394363.5170, 37.8052, 237.5389, 108.9344
143437.1277, 6394361.0890, 37.5492, 930.9349, 109.2389
143431.8683, 6394362.9880, 38.0017, 402.4162, 85.4621
143437.7089, 6394360.8926, 37.7569, 988.0486, 87.5430
143432.0915, 6394362.5174, 37.7716, 433.1124, 98.6860
143437.2634, 6394362.1531, 37.8275, 891.1156, 104.3537
143437.2634, 6394362.1531, 37.8275, 891.1156, 104.3537
143437.1469, 6394361.6327, 37.6379, 906.0457, 111.4291
143430.2453, 6394366.9616, 38.4015, 218.7035, 117.9429
143430.1607, 6394366.9869, 38.2553, 212.3083, 129.6447
143432.7694, 6394362.5010, 37.4416, 498.5588, 132.5855
143437.1034, 6394361.0631, 38.4930, 927.9476, 18.1424
143432.5250, 6394363.0302, 37.4623, 464.4856, 139.3960
143429.0577, 6394366.4976, 37.8180, 122.7269, 155.1223
143438.1745, 6394363.0674, 37.3800, 920.4205, 160.2648
143433.3418, 6394364.5120, 37.4722, 503.9572, 163.8367
143449.6620, 6394375.6318, 39.5629, 1069.9670, 171.7653
143457.7519, 6394394.6168, 42.2187, 935.2105, 189.5089
143433.9716, 6394368.0258, 37.4711, 486.0234, 206.8514
143448.8960, 6394374.4885, 38.5020, 1073.8953, 210.7850
143438.0663, 6394364.1299, 36.4767, 871.7831, 245.3923
143447.7459, 6394372.5686, 37.5309, 1085.9886, 244.3862
143438.5066, 6394363.9082, 36.2860, 911.0903, 258.4496
143430.0700, 6394369.4790, 36.7161, 201.5413, 270.2429
143430.0700, 6394369.4790, 36.7161, 201.5413, 270.2429
143446.8364, 6394370.5405, 36.7694, 1113.8683, 271.6284
143434.3896, 6394361.9441, 38.5542, 657.6205, 19.8788
143434.3896, 6394361.9441, 38.5542, 657.6205, 19.8788
143431.0446, 6394363.0140, 38.6393, 320.3710, 20.7069
143434.4520, 6394361.9176, 38.5381, 664.1321, 21.1063
143434.4520, 6394361.9176, 38.5381, 664.1321, 21.1063
143430.0388, 6394364.0533, 38.8211, 213.1846, 23.9399
143437.2840, 6394360.9606, 38.4146, 948.2495, 24.0751
143430.6782, 6394363.0530, 38.5862, 284.1635, 24.9019
143461.3140, 6394389.4406, 47.0981, 1101.0829, 25.6025
143461.3140, 6394389.4406, 47.0981, 1101.0829, 25.6025
143459.0203, 6394384.1142, 45.5971, 1151.1049, 25.4242
143449.3773, 6394369.9326, 41.4045, 1240.0123, 24.6871
143459.2021, 6394384.5749, 45.6727, 1145.8602, 27.1914
143459.2021, 6394384.5749, 45.6727, 1145.8602, 27.1914
143461.6194, 6394392.6657, 47.7667, 1051.4225, 30.6868
143437.1707, 6394361.0106, 38.2636, 936.6996, 39.2627
143460.8428, 6394389.4989, 46.6279, 1088.8911, 39.1133
143437.5856, 6394360.9704, 38.2468, 972.8310, 41.9590
143460.9730, 6394391.4593, 46.8888, 1057.1692, 45.8254
143449.2808, 6394370.1431, 40.9944, 1228.3242, 48.8682
143437.5853, 6394360.9522, 38.1543, 973.9678, 50.3696
143460.0252, 6394388.0680, 45.8193, 1096.0027, 51.4951
143428.4394, 6394364.0068, 38.4347, 56.1226, 51.6887
143428.6644, 6394366.9945, 39.1643, 83.3699, 52.1800
143459.3955, 6394388.4627, 45.6181, 1072.9496, 59.5433
143459.3955, 6394388.4627, 45.6181, 1072.9496, 59.5433
143437.3628, 6394360.9523, 37.9840, 956.1669, 65.6724
143459.1368, 6394388.6564, 45.3503, 1063.0621, 68.6433
143437.5434, 6394360.8816, 37.9210, 974.8003, 70.9314
143437.3060, 6394360.9437, 37.8013, 952.3643, 82.7906
143432.2296, 6394362.5166, 37.8810, 445.8292, 88.5273
