143437.5895, 6394362.6207, 37.4097, 905.7363, 129.3384
143433.9384, 6394365.4857, 37.8122, 521.2101, 132.7664
143429.9968, 6394369.9935, 35.9331, 177.1541, 318.2285
143449.5054, 6394370.0969, 40.8434, 1251.9474, 39.0297
143437.6199, 6394361.5503, 38.0968, 959.0527, 43.3491
143439.0167, 6394367.1071, 35.4934, 836.7183, 324.7887
143449.3681, 6394369.6496, 40.6409, 1264.1793, 43.6871
143458.2210, 6394394.1353, 43.3116, 952.2194, 148.0897
143460.5015, 6394398.1291, 44.0045, 946.6208, 149.9614
143428.7842, 6394365.9895, 37.5622, 69.6442, 151.0962
143428.4162, 6394365.0197, 37.2937, 30.7908, 159.5744
143438.1505, 6394364.0938, 37.2829, 884.3522, 164.1436
143429.3736, 6394367.0095, 37.5486, 124.7867, 168.3622
143429.3291, 6394367.0114, 37.5407, 120.9295, 168.9797
143429.2465, 6394367.0225, 37.4677, 114.0337, 175.0907
143438.0738, 6394364.1339, 37.1495, 877.5385, 175.5225
143438.6714, 6394363.8896, 37.1220, 930.4387, 175.3916
143434.8276, 6394368.9968, 37.6273, 517.5887, 192.5673
143438.6559, 6394363.8985, 36.9035, 929.4489, 193.4218
143438.6001, 6394363.9353, 36.8913, 923.9398, 194.8122
143429.6830, 6394368.5017, 37.4173, 150.0110, 197.7792
143433.6050, 6394370.5378, 37.7404, 414.5463, 199.2146
143433.9324, 6394369.5520, 37.5889, 449.6617, 200.0193
143433.9324, 6394369.5520, 37.5889, 449.6617, 200.0193
143429.7987, 6394369.0005, 37.4310, 158.2758, 202.3071
143454.8354, 6394386.5334, 40.1505, 994.3169, 204.5906
143429.9457, 6394369.9969, 35.3801, 175.5720, 357.1347
143429.8626, 6394369.0025, 37.3981, 163.3786, 204.8226
143454.0414, 6394385.1129, 39.8110, 999.1198, 208.9830
143429.9803, 6394369.5004, 37.4086, 171.2503, 209.2795
143434.7395, 6394370.4979, 37.5274, 487.5165, 213.3915
143447.0925, 6394370.1395, 37.5274, 1148.5260, 216.3387
143446.7781, 6394369.1881, 37.3955, 1170.3822, 216.4283
143431.1943, 6394371.5087, 37.5840, 248.5897, 216.7626
143431.1943, 6394371.5087, 37.5840, 248.5897, 216.7626
143428.0567, 6394364.9989, 35.5188, 4.2020, 328.1407
143448.8735, 6394376.5483, 38.3830, 1023.1789, 217.2118
143446.9703, 6394369.6074, 37.4436, 1162.9910, 216.9724
143446.9703, 6394369.6074, 37.4436, 1162.9910, 216.9724
143431.0728, 6394371.5092, 37.5700, 240.5367, 217.6187
143431.0728, 6394371.5092, 37.5700, 240.5367, 217.6187
143436.8688, 6394388.9649, 36.8351, 405.2080, 328.2855
143460.3562, 6394386.5378, 46.5464, 1137.2682, 4.3147
143454.1917, 6394386.0340, 39.6578, 986.0090, 218.3680
143438.1469, 6394364.0739, 36.5872, 886.5579, 220.9626
143438.1469, 6394364.0739, 36.5872, 886.5579, 220.9626
143436.8688, 6394388.9649, 36.8351, 405.2080, 328.2855
143454.3857, 6394388.1145, 39.5937, 954.1661, 229.2236
143446.6054, 6394369.1177, 37.1674, 1165.3853, 228.8817
143435.3265, 6394372.5398, 37.5299, 492.2747, 229.8940
143446.3018, 6394368.6651, 37.0900, 1169.0979, 229.9806
143448.4413, 6394376.0847, 37.9801, 1019.5077, 232.2890
143459.4899, 6394388.0251, 45.5350, 1085.8049, 46.6728
143435.9426, 6394373.4872, 37.5210, 512.9170, 237.2368
143447.1750, 6394371.6701, 37.3010, 1099.0320, 238.8353
143428.1574, 6394364.9989, 35.4966, 14.6889, 330.0629
143446.2783, 6394368.6660, 36.9388, 1168.1147, 238.8252
143440.8631, 6394372.1058, 34.9298, 799.4952, 371.5351
143439.7522, 6394368.5353, 36.8951, 833.0451, 239.6422
143432.9737, 6394368.9733, 34.9380, 401.0913, 379.5298
143428.2047, 6394365.0021, 35.4887, 19.6028, 330.7461
143428.4209, 6394365.0077, 35.4896, 41.6565, 330.3025
143431.2088, 6394373.4792, 37.3446, 240.4401, 246.9804
143446.4870, 6394369.1295, 36.8177, 1159.8075, 248.9700
143440.3133, 6394371.0954, 35.5997, 795.6036, 332.0549
143439.1259, 6394394.9564, 35.0308, 442.1775, 393.4300
143431.3307, 6394373.9833, 37.3583, 245.4400, 249.5676
143446.3593, 6394368.6243, 36.7096, 1173.8564, 251.9419
143431.4471, 6394373.9785, 37.3040, 252.6232, 252.7159
143437.9603, 6394364.1259, 35.5642, 873.5311, 305.0070
143437.4532, 6394362.0793, 35.3883, 925.6675, 307.3079
143436.4965, 6394379.5255, 37.8249, 466.1846, 256.8269
143436.4965, 6394379.5255, 37.8249, 466.1846, 256.8269
143431.7361, 6394374.9807, 37.3035, 264.4283, 258.9751
143438.2518, 6394364.5503, 36.1110, 876.0653, 263.9087
143446.6373, 6394370.1918, 36.6632, 1127.1478, 264.0776
143432.2702, 6394376.4904, 37.2623, 285.9297, 269.6119
143437.4783, 6394361.4799, 35.7269, 957.0576, 270.4798
143438.6592, 6394380.9900, 37.6128, 542.7753, 272.5376
143439.6183, 6394369.1220, 34.3153, 813.5391, 405.8729
143435.7355, 6394385.9593, 36.3906, 384.2766, 339.0434
143428.7865, 6394366.0107, 35.4405, 81.1470, 339.3417
143428.6617, 6394366.0041, 35.4238, 69.4654, 341.0205
143437.6292, 6394361.4791, 37.9270, 964.0089, 58.2071
143439.2137, 6394382.4882, 37.6547, 547.5502, 276.7078
143438.8424, 6394382.0402, 37.5909, 538.0981, 277.6845
143439.5517, 6394384.4979, 37.6657, 538.4015, 283.6122
143440.4541, 6394389.0088, 37.8364, 525.6192, 291.6125
143440.4541, 6394389.0088, 37.8364, 525.6192, 291.6125
143437.4347, 6394361.6207, 33.4095, 952.0481, 490.7311
143435.0635, 6394362.9584, 33.1210, 699.2673, 523.8672
143436.3206, 6394361.5993, 33.1309, 860.9673, 523.7243
143428.7584, 6394366.0122, 35.3984, 78.7323, 343.1025
143434.8590, 6394362.9506, 32.9704, 682.7216, 538.8602
143434.8590, 6394362.9506, 32.9704, 682.7216, 538.8602
143437.5483, 6394362.1538, 32.8096, 936.0979, 542.1609
143434.2586, 6394366.0394, 32.6724, 551.3223, 546.8742
143433.8839, 6394365.5159, 32.6503, 534.2825, 554.2151
143437.5247, 6394361.5585, 32.6809, 964.3693, 558.7073
143435.7047, 6394361.9827, 32.3130, 793.6659, 602.5724
143430.3903, 6394370.9844, 35.9022, 202.3032, 324.3913
143440.4374, 6394388.5512, 37.7952, 529.3300, 291.6871
143440.4374, 6394388.5512, 37.7952, 529.3300, 291.6871
143441.0815, 6394387.5552, 37.6286, 560.9149, 294.3379
143441.2018, 6394388.9926, 37.6459, 550.6813, 297.8328
143441.2018, 6394388.9926, 37.6459, 550.6813, 297.8328
143428.9339, 6394366.9820, 39.3874, 76.7091, 11.6484
143438.1090, 6394364.0641, 38.3576, 879.9906, 74.8608
143437.7517, 6394361.4371, 37.7352, 976.8408, 76.4023
143437.1145, 6394361.6061, 37.7363, 915.0134, 77.4955
143449.3422, 6394369.5571, 41.1947, 1266.3887, 11.7843
143428.6382, 6394366.9888, 39.3365, 50.2593, 14.7648
143434.7070, 6394383.4735, 36.3399, 359.6501, 336.3991
143438.8247, 6394366.1387, 35.2547, 857.6733, 337.8197
143441.6334, 6394390.0294, 37.6349, 554.7612, 300.8594
143439.9787, 6394370.0879, 35.9029, 803.6170, 310.6450
143433.4113, 6394379.4800, 36.6827, 327.0024, 310.8569
143444.1320, 6394396.4822, 37.7279, 570.7305, 312.0963
143428.5195, 6394365.5098, 35.4194, 54.1013, 339.2924
143439.6219, 6394368.6200, 35.3492, 826.1765, 339.5359
143429.0267, 6394367.0008, 35.4041, 104.7123, 346.4182
143431.4203, 6394363.9658, 35.1321, 341.6064, 352.5198
143428.9153, 6394366.9964, 35.3951, 94.9274, 347.3573
143433.9699, 6394362.5105, 35.0417, 611.1547, 348.7458
143435.2004, 6394365.4298, 38.4853, 618.3221, 79.9289
143435.3077, 6394365.3917, 38.4802, 627.4967, 79.9977
143437.8196, 6394361.4048, 37.6830, 984.3110, 81.0302
143432.9893, 6394368.9639, 35.1710, 401.5188, 363.2108
143432.9893, 6394368.9639, 35.1710, 401.5188, 363.2108
143432.6830, 6394367.9560, 35.0533, 393.1537, 369.5826
143429.1206, 6394366.9951, 38.5324, 97.6827, 85.0846
143456.3637, 6394383.4708, 43.0458, 1097.1018, 89.6933
143428.8525, 6394366.9910, 38.4489, 74.1455, 91.2222
143437.6647, 6394363.1000, 37.9380, 888.7038, 91.1012
143436.3983, 6394364.4051, 38.1614, 741.0428, 91.9886
143456.2637, 6394383.5598, 42.9981, 1092.3210, 91.8932
143432.3744, 6394366.4615, 38.4278, 376.8063, 94.2154
143437.8765, 6394361.4003, 37.5414, 989.5663, 94.8742
143434.8626, 6394365.4520, 38.2666, 592.6335, 97.1576
143436.2912, 6394364.4677, 38.1033, 730.9714, 97.6646
143446.8198, 6394401.4442, 37.8713, 599.0535, 316.6480
143435.3133, 6394364.9270, 38.1464, 641.7291, 99.2643
143429.5903, 6394366.9797, 38.3228, 140.0418, 103.8127
143429.5903, 6394366.9797, 38.3228, 140.0418, 103.8127
143429.3930, 6394366.9900, 38.2868, 122.9415, 106.4504
143429.9874, 6394366.9846, 38.3072, 174.4747, 106.3063
143440.9925, 6394372.6254, 34.6707, 793.8065, 386.1861
143455.9296, 6394383.0651, 42.4807, 1093.9974, 105.9529
143430.2527, 6394366.4509, 38.1962, 199.8843, 107.1744
143434.2889, 6394382.4826, 34.8760, 351.4363, 396.7802
143430.3136, 6394366.4532, 38.1689, 205.3183, 109.7015
143430.3136, 6394366.4532, 38.1689, 205.3183, 109.7015
143430.0158, 6394366.9910, 38.2413, 177.1999, 111.9398
143433.4558, 6394364.4592, 37.8217, 503.8522, 113.6288
143432.3574, 6394365.9583, 38.0346, 383.9501, 118.0609
143432.3574, 6394365.9583, 38.0346, 383.9501, 118.0609
143431.4352, 6394366.4823, 38.1035, 300.9613, 118.6027
143429.3304, 6394366.9628, 38.1105, 118.2839, 120.6057
143432.6053, 6394363.5173, 37.5156, 449.4459, 122.2578
143437.7398, 6394362.0525, 37.3869, 944.8935, 121.7705
143437.6121, 6394362.5972, 37.4631, 908.4516, 124.1614
143437.6121, 6394362.5972, 37.4631, 908.4516, 124.1614
143430.4795, 6394366.4863, 37.9789, 220.4147, 126.7095
143428.8250, 6394366.0058, 37.8080, 72.2578, 129.5102
143428.7733, 6394365.9885, 37.7415, 67.6491, 135.0378
143434.2889, 6394382.4826, 34.8760, 351.4363, 396.7802
143433.8515, 6394380.9923, 34.8083, 341.9898, 399.3416
143460.2844, 6394388.0679, 46.2332, 1104.6642, 26.6267
143428.8309, 6394366.9841, 39.1637, 68.5724, 30.2831
143458.4183, 6394394.1480, 43.7538, 956.3777, 136.0540
143428.5469, 6394364.9930, 37.4738, 42.9419, 142.2477
143431.8127, 6394365.9865, 37.6763, 339.6814, 147.2784
143428.2718, 6394364.9976, 37.4125, 15.1407, 147.5482
143428.3376, 6394365.0027, 37.3818, 22.1187, 150.7227
143458.0136, 6394393.6358, 42.7343, 955.2119, 161.5950
143428.5930, 6394365.0332, 37.2456, 49.1316, 164.7039
143456.2440, 6394387.0004, 41.3262, 1023.2098, 169.4808
143449.4622, 6394374.4831, 39.1152, 1101.6899, 170.5849
143429.1678, 6394367.0151, 37.5023, 106.9286, 171.9874
143433.4797, 6394366.0675, 37.4050, 474.8116, 173.6255
143436.1673, 6394387.4617, 34.5541, 393.8581, 409.3260
143438.3932, 6394392.9543, 34.2362, 433.7642, 418.3274
143457.1792, 6394391.6037, 41.6822, 967.2773, 181.6998
143438.3932, 6394392.9543, 34.2362, 433.7642, 418.3274
143457.1792, 6394391.6037, 41.6822, 967.2773, 181.6998
143438.2582, 6394364.5417, 37.1159, 874.4871, 183.7103
143436.3963, 6394381.5256, 34.1940, 449.6762, 422.0714
143455.8579, 6394387.0167, 40.8021, 1012.8579, 186.2001
143428.6872, 6394366.0013, 37.0802, 63.0469, 194.1208
143434.3329, 6394368.5188, 37.5049, 493.1252, 195.6984
143449.3302, 6394377.0625, 38.8479, 1026.2681, 200.2848
143438.2752, 6394364.0275, 36.7983, 897.1513, 203.2287
143438.6510, 6394363.9060, 36.7632, 929.0918, 205.0119
143448.9737, 6394376.5694, 38.5643, 1026.1465, 209.4157
143429.3775, 6394367.9917, 37.1084, 126.9305, 215.9682
143430.3854, 6394370.4930, 37.4225, 198.0059, 218.0771
143446.7039, 6394369.1791, 37.3249, 1167.3876, 220.3596
143447.0202, 6394370.1772, 37.4527, 1143.9935, 220.6851
143447.0202, 6394370.1772, 37.4527, 1143.9935, 220.6851
143447.0202, 6394370.1772, 37.4527, 1143.9935, 220.6851
143439.9295, 6394368.4402, 37.1084, 845.6481, 225.1400
143446.9009, 6394369.6333, 37.3031, 1158.9998, 225.0078
143446.9009, 6394369.6333, 37.3031, 1158.9998, 225.0078
143446.9009, 6394369.6333, 37.3031, 1158.9998, 225.0078
143435.4229, 6394371.5435, 37.4542, 512.8372, 226.8998
143438.1085, 6394364.1058, 36.5072, 882.7075, 227.8251
143429.6702, 6394368.9945, 37.0804, 149.7472, 228.3032
143435.8626, 6394372.9884, 37.5496, 515.7316, 232.1327
143436.1785, 6394374.0043, 37.5852, 517.9947, 237.1848
143436.1785, 6394374.0043, 37.5852, 517.9947, 237.1848
143434.0991, 6394368.9757, 33.1735, 483.0664, 497.4453
143434.1278, 6394362.9562, 33.4695, 617.5359, 497.2184
143434.1278, 6394362.9562, 33.4695, 617.5359, 497.2184
143438.9093, 6394370.6076, 32.7204, 739.0128, 502.7443
143446.5429, 6394369.1237, 37.0156, 1162.4125, 237.6061
143436.2898, 6394375.0014, 37.5242, 510.1407, 246.8279
143438.7311, 6394363.8549, 36.2316, 938.1528, 248.0202
143437.8682, 6394361.4353, 35.8908, 990.9730, 254.2178
143438.1257, 6394364.6233, 36.2211, 864.1646, 255.7997
143435.5789, 6394385.4640, 36.9176, 380.5223, 317.5582
143447.9543, 6394374.9908, 37.2955, 1030.8818, 257.6110
143446.6476, 6394370.1746, 36.7557, 1128.1300, 258.8957
143438.1647, 6394364.6008, 36.1568, 867.9091, 260.7104
143437.7094, 6394361.4577, 35.7859, 977.0747, 264.5143
143435.5789, 6394385.4640, 36.9176, 380.5223, 317.5582
143446.7843, 6394370.0821, 36.5823, 1137.8251, 267.8761
143435.5789, 6394385.4640, 36.9176, 380.5223, 317.5582
143435.5502, 6394372.0283, 32.7470, 524.7675, 508.6376
143433.8891, 6394362.9798, 33.3287, 596.2701, 511.5296
143437.8639, 6394391.9573, 36.2075, 420.3380, 354.3785
143445.4671, 6394402.9905, 37.9183, 554.2439, 318.7285
143447.5645, 6394374.5843, 36.9121, 1027.2142, 273.6080
143437.8254, 6394363.5992, 35.8107, 884.7006, 281.0145
143437.6586, 6394363.1220, 35.6820, 892.9597, 288.4496
143439.8218, 6394389.4806, 37.9496, 500.3389, 289.3347
143441.4375, 6394388.9913, 37.6481, 558.3942, 297.6606
143434.0318, 6394362.5158, 34.9207, 617.1003, 360.3266
143441.4375, 6394388.9913, 37.6481, 558.3942, 297.6606
143434.5308, 6394382.9731, 37.0944, 353.9365, 303.5944
143432.8722, 6394377.9797, 36.6311, 310.1034, 308.3516
143438.5032, 6394365.6028, 35.6219, 854.8678, 308.6592
143437.9179, 6394363.5688, 35.4064, 893.7759, 314.6944
143434.2407, 6394362.4898, 34.7286, 637.5941, 378.1878
143434.2407, 6394362.4898, 34.7286, 637.5941, 378.1878
143437.6087, 6394367.9937, 32.6048, 730.4366, 524.8999
143433.4532, 6394363.0773, 33.0961, 555.5168, 535.2543
143436.5452, 6394361.5124, 32.9488, 884.7603, 540.3435
143437.3806, 6394361.6523, 32.7237, 947.7656, 554.9247
143436.2033, 6394363.9881, 32.5367, 756.6740, 560.6895
143430.6657, 6394364.0205, 32.6818, 280.8049, 585.1591
143441.2760, 6394373.5625, 34.6886, 785.6300, 385.9518
143437.6074, 6394362.0895, 35.2440, 937.8501, 320.4492
143439.7525, 6394396.9452, 35.0193, 447.9963, 394.2645
143436.0243, 6394386.4536, 36.8636, 391.1001, 321.9160
143439.6339, 6394369.0967, 35.5905, 812.5848, 326.0144
143433.5894, 6394379.9859, 36.5640, 332.4540, 317.9567
143446.1457, 6394401.9965, 37.7876, 578.3090, 320.0637
143439.5949, 6394369.1333, 34.4643, 811.6121, 396.6430
143435.4147, 6394385.4741, 36.5888, 374.6836, 330.5343
143445.2804, 6394401.4475, 34.6883, 564.4704, 400.1265
143445.2804, 6394401.4475, 34.6883, 564.4704, 400.1265
143445.2804, 6394401.4475, 34.6883, 564.4704, 400.1265
143441.2828, 6394373.5596, 34.3006, 786.6818, 406.0089
143436.1763, 6394387.4653, 36.3967, 390.9159, 341.5213
143440.5245, 6394371.5970, 34.1733, 796.4624, 413.4838
143428.9177, 6394366.9913, 38.6680, 78.8883, 72.8815
143446.8762, 6394391.4840, 33.7170, 702.0652, 423.7277
143432.4301, 6394363.4948, 37.8572, 432.0325, 88.5130
143432.1329, 6394363.5366, 37.7726, 403.5708, 96.4815
143429.8778, 6394366.9855, 38.3027, 165.0626, 106.3885
143432.4416, 6394363.5084, 37.5681, 434.1205, 116.5895
143437.7783, 6394363.0853, 37.5350, 899.0431, 126.5724
143429.5060, 6394367.9993, 37.4879, 135.8501, 186.2577
143429.4629, 6394367.9963, 37.4633, 132.3994, 188.1072
143438.1083, 6394364.6312, 37.0680, 860.6183, 188.4582
143437.9770, 6394369.4690, 37.7880, 702.8936, 189.4670
143436.8651, 6394369.4687, 37.7414, 636.6689, 191.4929
143429.6327, 6394368.4928, 37.4884, 145.6783, 192.1833
143429.5584, 6394368.0031, 37.4016, 140.5669, 193.1538
143434.8102, 6394368.9973, 37.5355, 516.6984, 198.8507
143438.1643, 6394364.0895, 36.8133, 886.6320, 202.6317
143430.0352, 6394369.5012, 37.3835, 175.4918, 211.1410
143432.0263, 6394371.0272, 37.6061, 306.9499, 211.4872
143431.8111, 6394371.4997, 37.6445, 289.1297, 213.0798
143431.8111, 6394371.4997, 37.6445, 289.1297, 213.0798
143438.6708, 6394363.9044, 36.5806, 930.9724, 219.9552
143435.9174, 6394372.9895, 37.6021, 518.6013, 229.1445
143435.3949, 6394373.0473, 37.5247, 489.0359, 233.8776
143435.5683, 6394373.5504, 37.5480, 491.6421, 236.0906
143446.4622, 6394369.1440, 36.8688, 1158.0367, 246.1427
143446.6923, 6394370.1298, 36.8449, 1131.6681, 253.7187
143459.6141, 6394386.6325, 45.7506, 1116.6094, 29.1870
143437.8021, 6394361.4704, 38.2081, 978.0346, 31.4912
143446.7480, 6394370.0926, 36.7767, 1135.6038, 257.2438
143446.7039, 6394368.9669, 36.6263, 1176.4346, 258.9016
143439.4949, 6394383.0130, 37.6983, 552.4138, 276.8960
143438.7057, 6394382.0197, 37.5957, 532.8735, 277.4399
143439.5359, 6394383.5302, 37.6040, 548.3510, 282.5750
143426.6553, 6394411.4617, 49.6317, 32.8383, 48.2226
143440.9742, 6394373.1154, 33.9228, 782.8520, 426.2414
143428.3858, 6394364.5159, 35.4211, 35.9120, 334.1210
143428.7864, 6394366.0106, 35.4432, 81.1210, 339.1098
143439.6250, 6394368.6229, 35.2378, 826.4940, 346.6686
143435.7308, 6394385.9602, 36.3901, 384.0921, 339.0691
143432.5303, 6394376.9767, 35.9465, 300.4231, 340.0434
143444.8996, 6394403.4830, 37.9252, 536.9916, 319.6386
143431.8328, 6394374.9841, 35.7462, 274.5060, 346.0223
143444.8996, 6394403.4830, 37.9252, 536.9916, 319.6386
143425.8235, 6394408.9907, 48.9485, 6.7478, 49.4224
143437.4934, 6394361.5120, 37.9466, 950.9677, 56.4663
143437.6083, 6394361.5399, 38.2578, 958.2324, 27.4181
143458.7620, 6394386.4877, 44.7107, 1097.9587, 60.0367
143432.5021, 6394363.4983, 37.8162, 438.8914, 92.7816
143431.1055, 6394366.9513, 38.4419, 268.1402, 97.8259
143432.3632, 6394363.5152, 37.6148, 426.4235, 112.0076
143430.6044, 6394366.4513, 38.1194, 230.7571, 114.6239
143433.4500, 6394364.4520, 37.7999, 503.6011, 115.4228
143433.4500, 6394364.4520, 37.7999, 503.6011, 115.4228
143429.8357, 6394367.0061, 38.0899, 162.3767, 124.2633
143432.0642, 6394365.9823, 37.9432, 359.6758, 125.3690
143449.2746, 6394370.1420, 41.0319, 1240.2144, 28.8210
143429.0309, 6394366.4948, 37.8465, 92.3078, 134.7294
143459.1316, 6394385.5129, 45.4030, 1127.5599, 30.4311
143456.2214, 6394387.5824, 41.3684, 1011.7463, 171.1704
143434.3512, 6394369.0351, 37.4666, 485.8434, 203.6126
143437.3969, 6394361.4874, 33.7117, 955.0717, 462.8975
143437.3951, 6394361.4850, 33.6643, 955.1725, 467.4009
143447.9332, 6394372.6292, 37.8761, 1099.1625, 215.9654
143434.9161, 6394370.5305, 37.4575, 498.1543, 218.2476
143434.9161, 6394370.5305, 37.4575, 498.1543, 218.2476
143428.2182, 6394364.9981, 36.5400, 14.7783, 230.8674
143435.7417, 6394373.0249, 37.5190, 508.6041, 234.1172
143428.4378, 6394365.0135, 36.4631, 37.7842, 238.4168
143446.7248, 6394370.0927, 36.9411, 1134.3722, 248.1877
143446.7248, 6394370.0927, 36.9411, 1134.3722, 248.1877
143433.9578, 6394362.5166, 34.9982, 610.0222, 353.0152
143433.9578, 6394362.5166, 34.9982, 610.0222, 353.0152
143441.1460, 6394373.1258, 34.9325, 789.0330, 372.7682
143433.8483, 6394362.5520, 35.0070, 598.8798, 352.5832
143434.0117, 6394362.5213, 34.9584, 614.9507, 356.7585
143434.0619, 6394362.5261, 34.9547, 619.3841, 357.0110
143435.7035, 6394373.4353, 33.2563, 511.0785, 475.5085
143434.6886, 6394362.9751, 33.5964, 665.2086, 482.4743
143435.5527, 6394372.9337, 33.0148, 510.6585, 490.6083
143434.0595, 6394362.9756, 33.5398, 610.6812, 490.9681
143434.0595, 6394362.9756, 33.5398, 610.6812, 490.9681
143434.0595, 6394362.9756, 33.5398, 610.6812, 490.9681
143434.0595, 6394362.9756, 33.5398, 610.6812, 490.9681
143434.9475, 6394363.0533, 33.4863, 685.0238, 490.8857
143434.9475, 6394363.0533, 33.4863, 685.0238, 490.8857
143435.0250, 6394363.0178, 33.4025, 693.0452, 498.2367
143439.6275, 6394368.6366, 34.7067, 827.2956, 380.5893
143438.1297, 6394372.9958, 32.6883, 647.1526, 500.2110
143434.0743, 6394362.9704, 33.3980, 612.6605, 504.0864
143436.6932, 6394369.4438, 32.8932, 638.8846, 504.1270
143435.7006, 6394367.0012, 32.9562, 631.2372, 513.3473
143435.7006, 6394367.0012, 32.9562, 631.2372, 513.3473
143435.2885, 6394362.9477, 33.2172, 718.2186, 513.9042
143440.6726, 6394371.6239, 34.7312, 802.2373, 382.0339
143438.4235, 6394369.4616, 32.6028, 740.4886, 515.6011
143436.3570, 6394362.1329, 33.1007, 839.9476, 523.0147
143436.5449, 6394362.5982, 33.0254, 835.4949, 525.9300
143434.8582, 6394363.0351, 33.0669, 679.4938, 529.5285
143436.3532, 6394361.5587, 33.0389, 865.9276, 532.6213
143431.1253, 6394369.5119, 32.8018, 273.0880, 533.5985
143431.1253, 6394369.5119, 32.8018, 273.0880, 533.5985
143436.4113, 6394361.5499, 33.0222, 871.3533, 533.9114
143440.6726, 6394371.6239, 34.7312, 802.2373, 382.0339
143436.9888, 6394366.4784, 32.5853, 733.1448, 536.6138
143434.1819, 6394362.9057, 33.0097, 625.5145, 539.8484
143434.6341, 6394363.9815, 32.8968, 631.9922, 539.7409
143436.6721, 6394361.4841, 32.9351, 896.9258, 541.0180
143434.0824, 6394362.9323, 32.9704, 616.1042, 543.9460
143434.0824, 6394362.9323, 32.9704, 616.1042, 543.9460
143433.9047, 6394366.0137, 32.6724, 525.1810, 548.9980
143433.9047, 6394366.0137, 32.6724, 525.1810, 548.9980
143432.6462, 6394366.5077, 32.6759, 419.4941, 552.5153
143432.4204, 6394366.0282, 32.7127, 408.8481, 554.1591
143436.1579, 6394364.5112, 32.5804, 735.4087, 553.5733
143437.5089, 6394361.5746, 32.7307, 962.1381, 554.0308
143432.2338, 6394366.0188, 32.6852, 394.0575, 557.5361
143431.7888, 6394364.9574, 32.7969, 371.5751, 558.8410
143431.7888, 6394364.9574, 32.7969, 371.5751, 558.8410
143431.5544, 6394364.4735, 32.8229, 357.5093, 561.9295
143431.5544, 6394364.4735, 32.8229, 357.5093, 561.9295
143431.3858, 6394363.9856, 32.8576, 348.6418, 564.0142
143431.3858, 6394363.9856, 32.8576, 348.6418, 564.0142
143431.1205, 6394363.5024, 32.8795, 329.7690, 568.1151
143431.1205, 6394363.5024, 32.8795, 329.7690, 568.1151
143435.5406, 6394363.0542, 32.5797, 737.2986, 568.7905
143430.9146, 6394363.5121, 32.8115, 309.8701, 576.0378
143429.6483, 6394364.0133, 32.6492, 180.8971, 596.1118
143432.5064, 6394363.0160, 32.5009, 472.5119, 598.6271
143429.4029, 6394364.0079, 32.6083, 156.2900, 602.0454
143432.4509, 6394363.0079, 32.4747, 467.5796, 601.6518
143432.3877, 6394363.0049, 32.4435, 461.8329, 605.1688
143429.2213, 6394364.4968, 32.5216, 137.6862, 606.1606
143429.5152, 6394364.0003, 32.5210, 168.1912, 609.5856
143432.8739, 6394368.9929, 34.8760, 394.1195, 384.1111
143439.9206, 6394368.4593, 36.1674, 846.4122, 286.0050
143441.7384, 6394393.9351, 35.2315, 527.0194, 383.9821
143434.4011, 6394373.4816, 34.9338, 434.7172, 384.5406
143438.5292, 6394393.4583, 36.1054, 432.0022, 359.2135
143431.8721, 6394365.4616, 35.0768, 362.1824, 362.1378
143441.0297, 6394372.6081, 34.6243, 796.1005, 388.5894
143441.0297, 6394372.6081, 34.6243, 796.1005, 388.5894
143442.4931, 6394403.9454, 36.3247, 476.8020, 362.1282
143434.0545, 6394362.5090, 34.8869, 619.5066, 363.5145
143435.3009, 6394375.9595, 35.2947, 453.3210, 367.7090
143437.2354, 6394381.4474, 35.1474, 483.6269, 380.1152
143429.1689, 6394366.9933, 39.1374, 98.9898, 34.1556
143428.9283, 6394366.9870, 39.0718, 77.8062, 38.5765
143437.5607, 6394382.4478, 35.1331, 486.9336, 381.4474
143444.4501, 6394400.9541, 34.9924, 547.0191, 392.7116
143441.0134, 6394372.6158, 34.5285, 795.2948, 393.7668
143441.0134, 6394372.6158, 34.5285, 795.2948, 393.7668
143426.1529, 6394409.9548, 48.8917, 17.8617, 57.3338
143441.3298, 6394373.5371, 34.4414, 789.1459, 398.6215
143439.4708, 6394395.9753, 36.7289, 443.5857, 342.9829
143444.4501, 6394400.9541, 34.9924, 547.0191, 392.7116
143449.1782, 6394401.9151, 34.7546, 654.7258, 395.1345
143432.4634, 6394363.4361, 38.0637, 435.3916, 67.4654
143432.4406, 6394363.4663, 37.9797, 433.0295, 76.1450
143437.2031, 6394364.4156, 38.2127, 800.7330, 90.3681
143437.3737, 6394390.4679, 36.3652, 413.5120, 347.1483
143443.9467, 6394400.4568, 34.7896, 538.0728, 398.3034
143437.8368, 6394391.9632, 36.3360, 419.2209, 350.1896
143440.3773, 6394371.0857, 34.1691, 801.8142, 413.8720
143443.8109, 6394400.4828, 34.7365, 534.4639, 399.8540
143437.8368, 6394391.9632, 36.3360, 419.2209, 350.1896
143443.8109, 6394400.4828, 34.7365, 534.4639, 399.8540
143437.5340, 6394362.1340, 35.2309, 929.8745, 322.0360
143441.1640, 6394373.1328, 34.3562, 790.7214, 403.0682
143445.0073, 6394401.5118, 34.4957, 557.4138, 405.4023
143428.3734, 6394364.5116, 35.5333, 33.9245, 323.2188
143438.1171, 6394364.1182, 35.3069, 885.6660, 325.6682
143440.3122, 6394371.1094, 34.1069, 797.9823, 417.5705
143449.7793, 6394398.4328, 33.7321, 703.0155, 420.0512
143437.8908, 6394361.4154, 33.6885, 999.1094, 462.9118
143437.5407, 6394361.4868, 33.6958, 966.9057, 463.7185
143437.7044, 6394361.4453, 33.6547, 982.5234, 466.9087
143437.7468, 6394361.4380, 33.6535, 986.3484, 466.8405
143435.6600, 6394373.4509, 33.3423, 508.3049, 470.8384
143438.0432, 6394392.4601, 36.3109, 422.7378, 351.6094
143433.8941, 6394362.5375, 35.0011, 603.5379, 352.9847
143433.8941, 6394362.5375, 35.0011, 603.5379, 352.9847
143433.8027, 6394362.5673, 34.9845, 594.3210, 354.9422
143433.9699, 6394362.5155, 34.9196, 611.4614, 360.5924
143441.2991, 6394373.5507, 35.1671, 786.1608, 361.0925
143456.4933, 6394383.5724, 43.3145, 1098.3668, 81.2950
143432.3580, 6394363.4908, 37.9012, 425.1242, 83.9255
143429.2284, 6394367.4729, 38.6055, 107.2416, 88.0037
143437.6985, 6394361.5054, 37.6028, 969.1439, 90.4860
143436.4031, 6394364.4214, 38.0847, 741.0737, 98.7396
143437.2299, 6394364.4569, 38.1294, 801.4214, 98.0560
143437.6705, 6394363.1133, 37.8675, 888.7433, 97.5686
143437.6705, 6394363.1133, 37.8675, 888.7433, 97.5686
143441.2991, 6394373.5507, 35.1671, 786.1608, 361.0925
143434.9849, 6394371.4702, 33.0227, 499.9550, 496.0191
143435.4529, 6394364.9411, 38.1269, 652.1597, 101.5355
143438.2763, 6394372.9753, 32.6708, 655.0798, 500.7441
143434.1079, 6394362.9607, 33.4280, 615.7985, 501.1531
143434.6773, 6394364.9374, 38.0674, 591.8885, 104.2457
143434.0345, 6394362.9861, 33.4287, 608.5712, 501.3822
143433.8860, 6394365.4587, 38.0794, 516.6678, 109.9922
143432.4887, 6394365.9621, 38.0605, 394.6002, 116.3047
143431.8906, 6394365.9802, 38.0027, 344.9402, 119.9086
143432.4340, 6394363.5211, 37.5120, 433.4052, 122.1871
143431.3880, 6394366.0055, 37.9304, 302.3966, 125.1858
143431.3880, 6394366.0055, 37.9304, 302.3966, 125.1858
143435.0322, 6394371.4486, 32.8760, 503.4488, 504.7560
143433.9877, 6394362.9994, 33.3926, 604.1854, 504.9264
143437.6970, 6394363.1249, 37.5240, 891.1326, 128.0068
143434.8987, 6394363.0393, 33.2896, 682.0325, 509.0612
143438.1241, 6394362.4388, 37.4047, 955.9755, 128.0129
143435.0269, 6394362.9870, 33.2685, 694.7040, 510.5301
143428.4636, 6394365.0059, 37.6110, 33.7147, 129.1819
143432.7204, 6394363.5361, 37.4268, 460.0967, 131.3700
143430.4849, 6394366.4888, 37.8988, 221.2304, 133.4980
143430.4849, 6394366.4888, 37.8988, 221.2304, 133.4980
143438.2500, 6394363.0175, 37.4148, 938.0185, 137.0931
143434.1412, 6394368.9624, 32.9620, 486.7170, 511.6696
143433.9500, 6394362.9547, 33.2706, 602.6265, 516.7291
143433.9500, 6394362.9547, 33.2706, 602.6265, 516.7291
143433.9500, 6394362.9547, 33.2706, 602.6265, 516.7291
143436.4128, 6394362.1024, 33.0775, 845.9980, 525.0226
143435.1607, 6394362.9155, 33.1006, 709.0148, 525.3987
143436.3040, 6394361.5898, 33.0867, 860.1290, 528.1326
143428.2745, 6394364.5039, 33.4092, 36.1862, 528.8344
143436.4527, 6394362.0672, 33.0288, 851.0070, 529.5222
143436.2746, 6394361.5827, 33.0633, 858.0032, 530.6140
143436.4237, 6394361.5455, 33.0584, 872.5158, 530.3796
143429.8930, 6394366.9958, 37.9016, 168.2081, 139.8182
143429.8930, 6394366.9958, 37.9016, 168.2081, 139.8182
143431.2754, 6394368.5091, 32.7838, 291.6475, 539.4712
143429.8930, 6394366.9958, 37.9016, 168.2081, 139.8182
143428.6953, 6394365.5089, 37.5839, 59.3478, 141.1045
143431.2754, 6394368.5091, 32.7838, 291.6475, 539.4712
143432.6180, 6394364.0617, 37.3944, 440.3937, 143.2751
143432.9898, 6394367.0195, 32.7127, 437.6283, 544.5607
143433.6108, 6394367.0152, 37.5221, 467.4343, 176.6104
143432.9182, 6394367.0140, 32.7041, 432.3672, 545.6265
143432.9182, 6394367.0140, 32.7041, 432.3672, 545.6265
143432.6216, 6394366.5166, 32.7226, 417.2720, 548.9557
143432.6216, 6394366.5166, 32.7226, 417.2720, 548.9557
143432.4884, 6394366.5135, 32.7071, 406.9847, 550.9285
143440.2355, 6394397.9561, 36.0570, 454.0231, 364.6926
143432.4234, 6394366.5076, 32.6984, 402.0167, 552.0142
143432.4234, 6394366.5076, 32.6984, 402.0167, 552.0142
143432.2473, 6394366.0206, 32.7324, 394.9416, 553.6352
143432.2473, 6394366.0206, 32.7324, 394.9416, 553.6352
143439.3108, 6394367.6406, 34.7806, 839.0156, 374.4686
143434.1906, 6394362.5077, 34.7590, 632.3769, 375.4640
143436.1072, 6394364.4969, 32.5610, 732.1315, 555.5469
143432.1239, 6394366.0109, 32.7142, 385.1457, 555.9001
143432.1239, 6394366.0109, 32.7142, 385.1457, 555.9001
143435.7974, 6394362.9683, 32.5318, 761.6109, 572.0500
143430.6758, 6394364.0276, 32.7089, 281.5704, 582.4861
143435.2021, 6394362.0321, 32.5150, 747.3909, 586.7977
143430.0507, 6394364.0105, 32.6111, 221.2687, 596.6013
143432.6568, 6394363.0096, 32.4609, 486.8910, 601.3021
143432.6117, 6394363.0017, 32.4350, 482.9727, 604.2153
143429.2099, 6394364.4845, 32.4117, 137.1617, 616.6647
143426.2401, 6394413.4716, 51.9415, 21.3249, 3.0041
143440.8259, 6394372.6132, 33.8959, 787.3894, 428.0785
143454.7713, 6394385.6275, 40.4004, 1009.4644, 191.9404
143428.7756, 6394366.4954, 37.1194, 72.6131, 197.1913
143449.4387, 6394369.9943, 41.4715, 1252.6678, 3.3335
143440.8259, 6394372.6132, 33.8959, 787.3894, 428.0785
143437.5454, 6394382.4500, 35.2179, 486.1418, 377.9673
143434.2173, 6394362.4984, 34.7040, 635.2900, 380.6482
143449.4387, 6394369.9943, 41.4715, 1252.6678, 3.3335
143450.5488, 6394379.1162, 39.1315, 1018.5634, 201.4021
143438.5646, 6394363.9565, 36.7835, 920.7675, 203.8648
143449.4387, 6394369.9943, 41.4715, 1252.6678, 3.3335
143438.0727, 6394383.9561, 35.1143, 492.3836, 383.1715
143448.2285, 6394372.5922, 38.1104, 1112.2344, 204.1477
143438.2180, 6394364.0252, 36.6456, 893.5131, 215.6848
143439.4921, 6394387.9472, 35.0896, 506.9192, 386.1290
143435.6409, 6394365.4433, 38.3320, 651.6232, 93.9518
143431.8307, 6394366.4606, 38.4007, 332.6872, 94.8143
143437.3971, 6394364.4919, 38.1824, 812.2292, 94.7932
143437.0967, 6394364.4835, 38.1524, 790.6005, 96.2275
143429.4466, 6394366.9658, 38.3979, 127.1163, 96.8775
143437.3472, 6394361.5460, 37.5316, 938.1025, 96.9946
143437.7459, 6394361.4985, 37.4977, 973.6656, 100.6603
143437.8416, 6394361.4372, 37.4848, 984.8467, 100.9876
143437.8416, 6394361.4372, 37.4848, 984.8467, 100.9876
143434.5479, 6394364.9747, 38.0913, 580.5833, 102.5114
143432.2500, 6394363.5233, 37.6796, 415.3173, 105.5761
143437.5720, 6394361.5580, 37.4511, 956.3345, 105.7766
143432.0468, 6394365.9685, 38.0249, 358.0705, 118.2484
143433.4947, 6394364.4461, 37.7686, 507.6573, 118.2116
143455.3579, 6394389.6348, 40.1923, 953.9960, 216.9418
143437.4016, 6394362.1290, 37.4328, 913.8383, 117.9418
143428.3400, 6394364.9904, 37.6637, 20.6301, 123.5134
143428.9511, 6394366.4852, 37.9680, 84.3547, 123.8593
143429.3954, 6394366.9727, 38.0597, 124.2436, 125.1806
143431.3083, 6394366.4849, 38.0197, 290.7025, 125.2623
143434.5438, 6394364.9979, 37.8322, 580.5626, 124.7394
143428.2724, 6394364.9966, 37.6268, 13.9221, 126.9832
143437.8651, 6394362.6036, 37.3935, 928.0526, 131.1980
143429.8822, 6394366.9860, 37.9957, 166.8633, 131.8594
143449.3730, 6394377.9868, 38.5557, 1005.2097, 218.2004
143429.2688, 6394367.4919, 36.9858, 118.3885, 220.3773
143438.1723, 6394364.5939, 36.2600, 868.4641, 252.4524
143437.9493, 6394361.3827, 35.8638, 1000.4928, 256.2328
143446.7926, 6394370.5677, 36.8457, 1120.4987, 256.2793
143457.2620, 6394388.6355, 42.8297, 1018.9379, 131.9546
143430.9068, 6394366.4895, 37.7232, 258.1196, 149.0815
143447.4243, 6394368.5882, 38.4626, 1223.2719, 150.1792
143428.8057, 6394365.9921, 37.5495, 71.7602, 152.3178
143428.4991, 6394365.0229, 37.2940, 39.2640, 159.7636
143428.7245, 6394366.0160, 37.3432, 65.2349, 170.9362
143433.5117, 6394367.0184, 37.4623, 460.1745, 181.1250
143443.1735, 6394400.5027, 35.1142, 517.4750, 390.3761
143442.7457, 6394378.5930, 33.5339, 749.8236, 439.3841
143457.4110, 6394392.9943, 41.9183, 951.0435, 181.2910
143438.1986, 6394364.5715, 37.1345, 869.1010, 182.5217
143443.1735, 6394400.5027, 35.1142, 517.4750, 390.3761
143438.1986, 6394364.5715, 37.1345, 869.1010, 182.5217
143457.2269, 6394393.1182, 41.8691, 944.7170, 183.1528
143449.8588, 6394403.9930, 34.9048, 652.3999, 391.8437
143448.5454, 6394373.1046, 38.5363, 1108.3690, 187.0435
143428.9611, 6394366.5076, 35.4840, 97.9241, 337.6349
143434.6393, 6394369.5048, 37.5587, 496.8190, 202.1350
143434.6393, 6394369.5048, 37.5587, 496.8190, 202.1350
143434.1763, 6394369.0330, 37.4678, 474.1740, 203.3783
143448.3718, 6394373.0238, 38.1998, 1104.2499, 202.8499
143448.9878, 6394376.5642, 38.5336, 1026.8333, 210.7388
143434.4939, 6394370.0577, 37.4890, 478.9028, 211.8359
143447.1579, 6394370.0810, 37.5617, 1153.5623, 214.0504
143447.0978, 6394370.0110, 37.4295, 1153.6002, 220.7866
143430.4126, 6394371.0094, 37.4022, 198.2374, 224.0762
143448.6899, 6394376.6302, 38.2205, 1014.4554, 224.7615
143447.0444, 6394370.6693, 37.4146, 1127.4365, 226.2375
143447.0444, 6394370.6693, 37.4146, 1127.4365, 226.2375
143449.4347, 6394369.4325, 41.3050, 1275.4156, 4.1146
143429.1786, 6394367.5031, 39.6083, 98.1661, 5.9641
143447.0332, 6394370.0773, 37.3364, 1148.3623, 226.3686
143446.7234, 6394370.1260, 36.6379, 1133.4298, 265.0766
143435.3493, 6394372.0222, 37.5113, 501.1379, 227.1160
143430.4218, 6394370.4839, 36.6895, 203.3893, 268.3230
143438.2358, 6394364.0463, 35.9747, 895.4884, 270.7663
143444.8001, 6394401.5082, 34.4629, 552.3162, 406.4521
143437.6858, 6394361.4836, 35.6809, 974.0194, 274.8048
143437.6858, 6394361.4836, 35.6809, 974.0194, 274.8048
143429.3954, 6394367.9964, 36.3297, 131.9423, 277.2450
143435.5205, 6394373.0254, 37.5325, 496.3112, 233.3007
143435.5205, 6394373.0254, 37.5325, 496.3112, 233.3007
143436.1284, 6394374.0543, 37.4930, 514.8575, 242.5716
143439.2707, 6394382.9876, 37.6011, 544.2339, 280.7740
143436.1284, 6394374.0543, 37.4930, 514.8575, 242.5716
143439.2707, 6394382.9876, 37.6011, 544.2339, 280.7740
143446.2696, 6394368.6822, 36.8635, 1167.1405, 243.3335
143438.1952, 6394364.0739, 36.2671, 890.7733, 247.1528
143447.0565, 6394371.5465, 37.1279, 1098.2322, 247.0809
143448.0191, 6394375.0727, 37.4644, 1030.9734, 250.2220
143446.6692, 6394369.5516, 36.8481, 1152.0171, 249.9525
143440.1167, 6394368.4070, 36.6905, 858.1667, 251.9036
143445.5259, 6394365.5167, 36.3547, 1272.1683, 252.5556
143445.5259, 6394365.5167, 36.3547, 1272.1683, 252.5556
143446.4840, 6394369.1446, 36.6992, 1159.2084, 255.8522
143446.7022, 6394369.5467, 36.6306, 1153.9436, 262.1458
143446.5739, 6394369.1299, 36.5978, 1164.0565, 261.5414
143446.5739, 6394369.1299, 36.5978, 1164.0565, 261.5414
143443.0135, 6394393.5119, 37.6545, 564.9276, 308.2615
143446.3718, 6394390.5308, 33.7027, 698.8291, 424.8523
143443.9860, 6394383.4712, 33.6429, 716.5388, 431.1837
143440.8518, 6394372.5985, 33.8106, 789.1398, 432.5973
143432.3138, 6394376.4763, 37.2305, 288.4422, 271.2075
143437.4356, 6394361.4899, 35.7048, 953.0633, 272.7181
143442.6564, 6394378.0777, 33.4980, 755.6545, 441.3918
143438.0664, 6394361.3461, 33.7127, 1016.9758, 459.9666
143442.6564, 6394378.0777, 33.4980, 755.6545, 441.3918
143439.1042, 6394382.5273, 37.5742, 542.9643, 280.1810
143442.7140, 6394378.0515, 33.4469, 758.5314, 443.5395
143441.0627, 6394373.5824, 33.5825, 777.0958, 443.5880
143439.1042, 6394382.5273, 37.5742, 542.9643, 280.1810
143437.7118, 6394363.0967, 35.7785, 897.8564, 279.8440
143431.6866, 6394374.4800, 36.7473, 265.8796, 287.7201
143438.7543, 6394366.6471, 35.6989, 834.9744, 308.4769
143440.6784, 6394387.0143, 37.6480, 552.6411, 292.1596
143432.3354, 6394376.4827, 36.5722, 291.3568, 305.9495
143434.1016, 6394368.9755, 33.1794, 483.2177, 497.0417
143435.5392, 6394372.9332, 32.9022, 510.1967, 497.0202
143435.0010, 6394371.4559, 32.8630, 501.5390, 505.6319
143439.5863, 6394369.1288, 35.1550, 809.8720, 353.4897
143431.6639, 6394364.9770, 35.0448, 350.7143, 363.7466
143433.8516, 6394368.4644, 33.0704, 474.9794, 507.3972
143431.6639, 6394364.9770, 35.0448, 350.7143, 363.7466
143437.6481, 6394361.0279, 33.6779, 1000.6722, 466.1183
143434.1213, 6394368.9693, 33.0255, 485.0911, 507.4204
143439.2043, 6394367.1082, 34.7701, 849.6916, 374.2447
143435.5716, 6394372.4997, 32.7418, 518.7814, 507.3344
143460.2482, 6394386.4774, 46.4119, 1135.8281, 7.8874
143436.7786, 6394369.4061, 32.8142, 645.0405, 508.9612
143433.2034, 6394367.4668, 33.1319, 444.9343, 509.8867
143434.9602, 6394363.0031, 33.1511, 688.9158, 521.4744
143433.5177, 6394363.0575, 33.1586, 561.5912, 529.1532
143436.5249, 6394361.5235, 33.0266, 882.2808, 532.9345
143434.9249, 6394363.0043, 33.0180, 686.3379, 533.7611
143450.3362, 6394371.7080, 41.8450, 1224.4232, 10.5548
143450.3362, 6394371.7080, 41.8450, 1224.4232, 10.5548
143434.3408, 6394363.0190, 33.5982, 633.7657, 483.9279
143434.1671, 6394362.9428, 33.6068, 620.8976, 484.3069
143434.0964, 6394362.9673, 33.6014, 613.9513, 485.0900
143434.6574, 6394362.9821, 33.5299, 662.5303, 488.7092
143458.6852, 6394383.1491, 45.3262, 1168.2701, 11.5557
143439.2684, 6394371.6060, 32.8742, 734.4140, 489.8758
143439.1040, 6394371.1003, 32.9047, 737.4017, 489.9438
143431.8571, 6394375.4838, 36.1054, 272.0954, 327.7050
143460.7486, 6394388.1584, 46.7129, 1114.2441, 13.3454
143431.6296, 6394374.4805, 35.8986, 265.0971, 336.1690
143435.9230, 6394373.9360, 32.9164, 516.4927, 492.3770
143431.6296, 6394374.4805, 35.8986, 265.0971, 336.1690
143435.9230, 6394373.9360, 32.9164, 516.4927, 492.3770
143439.0804, 6394371.1076, 32.8038, 736.1829, 495.8262
143434.8535, 6394361.9756, 33.4553, 715.4604, 499.1080
143439.6076, 6394369.1273, 35.3364, 810.7433, 342.0937
143438.4032, 6394372.9743, 32.6710, 661.5700, 500.3284
143435.0581, 6394363.0016, 33.3599, 696.5298, 501.9903
143435.0581, 6394363.0016, 33.3599, 696.5298, 501.9903
143434.6069, 6394362.4884, 32.9709, 676.6661, 543.7759
143437.3840, 6394361.6508, 32.7944, 947.9427, 548.3336
143433.2065, 6394366.4974, 32.6719, 462.8129, 549.7766
143434.5797, 6394369.9341, 32.9940, 499.2377, 504.1776
143440.8522, 6394372.1129, 35.3956, 797.9536, 346.0080
143431.0669, 6394363.9963, 35.1707, 307.4446, 349.8243
143431.0669, 6394363.9963, 35.1707, 307.4446, 349.8243
143439.2143, 6394367.1022, 35.0155, 849.9785, 357.3766
143435.5351, 6394372.9315, 32.7625, 510.3430, 504.9360
143434.8250, 6394363.0699, 33.3245, 674.6532, 506.1492
143434.9291, 6394363.0294, 33.3143, 684.8474, 506.6976
143433.5585, 6394363.5753, 33.3367, 550.8850, 509.5300
143435.4685, 6394372.0017, 32.7273, 520.5912, 510.1691
143437.4401, 6394370.4857, 32.6539, 660.5464, 512.4896
143433.9832, 6394362.9939, 33.2995, 604.2935, 513.6241
143437.2008, 6394370.0434, 32.6757, 656.3369, 513.6784
143433.1912, 6394367.4652, 33.0694, 444.2847, 514.5661
143435.2856, 6394371.0198, 32.7248, 525.5132, 514.4601
143438.3437, 6394369.1181, 32.6499, 744.5887, 514.2677
143437.1591, 6394369.9735, 32.6398, 655.5247, 516.3199
143434.9606, 6394363.0079, 33.2004, 688.6207, 516.9742
143433.9131, 6394362.9667, 33.2659, 599.0180, 517.3126
143435.0118, 6394362.9869, 33.1951, 693.6845, 517.2780
143433.2157, 6394367.4555, 33.0127, 446.4163, 518.6865
143434.8506, 6394363.0441, 33.1326, 678.3313, 523.5527
143436.3603, 6394362.1177, 33.0592, 841.0105, 526.9420
143431.7597, 6394364.9646, 32.7549, 369.1116, 562.5967
143430.7642, 6394363.5252, 32.7920, 295.0166, 578.9137
143433.5365, 6394363.0433, 32.8729, 564.7748, 555.7678
143433.8172, 6394365.0408, 32.6632, 539.5839, 556.9429
143433.6094, 6394364.5378, 32.6495, 534.3209, 563.1901
143431.6033, 6394364.4604, 32.7748, 362.3092, 566.0060
143431.4585, 6394363.9702, 32.8189, 355.8224, 567.2095
143431.3730, 6394363.9823, 32.8063, 347.7305, 568.8571
143435.5406, 6394363.0676, 32.5811, 736.8117, 568.5472
143435.6327, 6394376.9658, 34.9924, 459.2979, 384.0241
143432.3506, 6394376.4836, 35.0241, 296.3582, 387.1995
143435.6327, 6394376.9658, 34.9924, 459.2979, 384.0241
143432.4095, 6394376.4759, 35.0558, 299.4603, 385.4294
143434.6758, 6394383.4772, 34.7565, 361.5469, 401.8543
143439.6677, 6394368.6241, 34.5196, 830.3251, 392.4032
143442.0565, 6394402.9533, 34.7342, 473.6020, 402.4912
143430.6434, 6394364.5192, 32.6859, 273.9395, 580.1140
143430.6434, 6394364.5192, 32.6859, 273.9395, 580.1140
143430.4589, 6394364.0229, 32.7210, 260.6060, 583.0099
143430.4589, 6394364.0229, 32.7210, 260.6060, 583.0099
143435.2305, 6394362.0248, 32.5563, 750.0317, 582.7242
143435.4713, 6394362.0212, 32.5370, 771.2324, 582.7762
143435.2394, 6394362.0049, 32.4374, 751.9970, 594.2011
143432.5767, 6394363.0188, 32.5349, 478.8835, 594.8104
143429.0464, 6394364.4930, 32.4983, 120.3364, 609.7868
143435.3994, 6394361.9940, 32.2050, 767.1631, 615.1485
143429.1041, 6394364.4807, 32.3840, 126.7473, 620.1804
143428.5782, 6394364.4822, 32.4244, 73.2541, 620.7334
143428.4111, 6394364.4797, 32.3973, 56.2081, 624.7488
143428.3144, 6394364.4765, 32.3849, 46.2463, 626.7969
143437.2413, 6394390.4957, 34.4846, 411.8847, 411.2199
143441.1628, 6394373.6095, 34.1256, 780.2462, 415.3093
143440.6564, 6394372.1071, 34.1080, 790.7183, 416.9521
143440.6564, 6394372.1071, 34.1080, 790.7183, 416.9521
143438.8161, 6394366.1416, 35.1519, 857.2482, 345.2743
143439.7982, 6394369.0308, 35.2293, 824.4038, 348.2224
143439.7982, 6394369.0308, 35.2293, 824.4038, 348.2224
143439.7982, 6394369.0308, 35.2293, 824.4038, 348.2224
143437.0472, 6394389.4647, 36.0512, 409.4396, 356.6396
143437.0472, 6394389.4647, 36.0512, 409.4396, 356.6396
143440.9695, 6394372.6293, 35.1167, 791.8186, 362.2676
143437.5650, 6394361.5373, 33.6057, 966.4665, 471.9472
143435.2095, 6394362.9966, 33.4070, 709.2685, 496.9362
143435.2095, 6394362.9966, 33.4070, 709.2685, 496.9362
143428.6077, 6394365.5080, 33.5734, 72.7722, 505.8395
143435.2840, 6394362.9474, 33.1931, 717.9294, 516.1143
143433.1473, 6394365.5130, 32.6744, 476.1156, 556.6188
143433.9397, 6394362.5340, 32.8124, 616.1687, 562.9830
143460.3951, 6394392.9506, 46.1580, 1020.0680, 64.0265
143432.6405, 6394363.4799, 37.9908, 451.4195, 76.1441
143432.1566, 6394363.5082, 37.8800, 405.8396, 85.5970
143432.1566, 6394363.5082, 37.8800, 405.8396, 85.5970
143436.8779, 6394364.5536, 38.3069, 771.5374, 84.0511
143430.4237, 6394366.9575, 38.3918, 211.3776, 100.0825
143436.1906, 6394364.4943, 37.9266, 722.9458, 112.6609
143437.3391, 6394364.0438, 37.9046, 825.5106, 109.9654
143437.5450, 6394362.6106, 37.5858, 902.2570, 113.1028
143430.6217, 6394366.4540, 38.0999, 232.3179, 116.3576
143428.5469, 6394365.0133, 37.6342, 42.1188, 127.3299
143428.5469, 6394365.0133, 37.6342, 42.1188, 127.3299
143431.2051, 6394366.4942, 37.8560, 282.6758, 138.7285
143428.8498, 6394366.0009, 37.4471, 76.5123, 161.6711
143429.4667, 6394367.0224, 37.4659, 133.3066, 175.5522
143448.3626, 6394372.5926, 38.2859, 1117.5253, 195.4811
143446.5675, 6394368.6675, 37.5356, 1181.0580, 204.0795
143438.5700, 6394363.9271, 36.5847, 922.8484, 219.8148
143439.5993, 6394369.1228, 34.9253, 811.2294, 367.8242
143446.3595, 6394368.6213, 37.0572, 1173.6178, 231.5939
143428.4289, 6394365.0103, 36.4876, 36.7267, 236.0566
143439.5485, 6394368.1067, 34.8797, 838.3302, 368.5034
143446.7334, 6394370.0880, 36.9224, 1134.9553, 249.1885
143428.4920, 6394365.4981, 36.2943, 46.4947, 259.2777
143437.7466, 6394361.4485, 33.7219, 985.6084, 460.3646
143437.4698, 6394361.4753, 33.6272, 961.8871, 470.5804
143437.6092, 6394362.1077, 33.5769, 941.2470, 472.6777
143430.6309, 6394371.9965, 35.2232, 217.1658, 371.4594
143432.6390, 6394367.9668, 34.9533, 390.1343, 377.0596
143433.9899, 6394368.9937, 33.3540, 474.9585, 485.5599
143432.6390, 6394367.9668, 34.9533, 390.1343, 377.0596
143447.7384, 6394375.1155, 37.1562, 1019.2244, 264.6804
143437.3755, 6394361.5095, 35.6452, 947.2275, 278.6527
143437.4955, 6394361.5232, 35.3945, 957.0502, 302.6568
143430.1899, 6394370.4911, 36.1094, 189.0522, 308.2668
143438.1413, 6394364.6194, 35.4492, 867.2274, 316.9087
143432.0792, 6394375.4738, 35.8072, 285.4038, 343.7304
143432.4233, 6394367.4736, 35.2490, 379.3654, 354.0476
143441.3709, 6394400.9393, 35.0058, 467.7716, 395.1479
143441.3709, 6394400.9393, 35.0058, 467.7716, 395.1479
143437.3384, 6394365.6205, 32.9204, 782.3962, 514.4983
143436.3664, 6394361.5475, 33.0014, 867.6981, 536.2168
143436.8464, 6394366.0300, 32.5994, 736.7833, 538.7803
143436.8464, 6394366.0300, 32.5994, 736.7833, 538.7803
143433.3717, 6394365.5055, 32.6529, 494.2249, 557.0922
143437.3804, 6394361.5029, 33.7946, 952.7047, 455.0915
143440.4865, 6394371.6135, 33.9883, 794.4739, 423.9072
143441.1398, 6394374.1112, 33.5945, 769.0795, 442.4347
143441.1398, 6394374.1112, 33.5945, 769.0795, 442.4347
143460.5831, 6394387.0553, 46.7114, 1132.2601, 3.9316
143428.3057, 6394364.5138, 33.6068, 38.3147, 509.6065
143428.6314, 6394365.5081, 33.5631, 75.1217, 506.6341
143437.1898, 6394365.1183, 32.8711, 788.9811, 521.3733
143436.2997, 6394361.6254, 33.1699, 857.8523, 519.9496
143433.9756, 6394362.9654, 32.9787, 605.6602, 543.6251
143433.9300, 6394362.5361, 32.8021, 615.2677, 564.0158
143435.9861, 6394361.9380, 32.0748, 820.3372, 623.2426
143460.5831, 6394387.0553, 46.7114, 1132.2601, 3.9316
143428.6996, 6394366.9894, 38.6678, 59.2493, 72.0986
143453.7404, 6394375.5093, 43.1794, 1222.4821, 4.7314
143434.9160, 6394363.0616, 33.4199, 682.3069, 497.0418
143434.0484, 6394362.9836, 33.4659, 609.7366, 497.8633
143438.2932, 6394368.5929, 32.8791, 754.9919, 501.7228
143434.9617, 6394363.0155, 33.2996, 688.1248, 507.9281
143435.2104, 6394362.9854, 33.2671, 710.1891, 509.6321
143435.1743, 6394362.9118, 33.1230, 710.2218, 523.3093
143433.8284, 6394362.9700, 33.1106, 591.9855, 532.2655
143437.7108, 6394362.6486, 32.6821, 925.6006, 548.9053
143428.4322, 6394364.5008, 33.1079, 54.3205, 556.6443
143432.0156, 6394365.5185, 32.6954, 383.3028, 561.7182
143432.0156, 6394365.5185, 32.6954, 383.3028, 561.7182
143431.0649, 6394363.5024, 32.8099, 324.6945, 575.1699
143431.0649, 6394363.5024, 32.8099, 324.6945, 575.1699
143460.8901, 6394388.6608, 46.7921, 1107.9032, 15.2134
143449.3953, 6394369.9736, 41.2176, 1251.8506, 16.7187
143437.4515, 6394362.6387, 37.8849, 892.8354, 86.2046
143436.3862, 6394364.4023, 38.1950, 740.1172, 89.0778
143437.2054, 6394364.4058, 38.2491, 801.1589, 87.1862
143449.3953, 6394369.9736, 41.2176, 1251.8506, 16.7187
143434.8490, 6394365.4451, 38.3165, 591.5997, 92.9141
143435.6382, 6394365.4341, 38.3755, 651.5392, 90.2724
143449.4447, 6394370.6595, 41.3765, 1227.1503, 17.9852
143449.4447, 6394370.6595, 41.3765, 1227.1503, 17.9852
143449.3175, 6394370.0536, 41.1942, 1245.3851, 18.9044
143437.6123, 6394361.5510, 38.3322, 957.7970, 20.4851
143459.0326, 6394392.0299, 44.3347, 1003.8925, 108.5769
143429.0290, 6394366.9884, 39.4586, 84.9034, 6.1919
143435.7770, 6394364.9380, 38.0022, 677.4000, 112.7046
143434.4166, 6394365.0516, 37.9291, 568.7902, 117.1463
143434.0274, 6394365.4698, 37.9771, 528.0316, 119.0493
143459.2097, 6394383.9697, 45.7284, 1163.4724, 6.2999
143461.0181, 6394389.5336, 46.7893, 1094.4141, 22.3684
143432.4487, 6394363.0015, 32.4152, 467.7803, 607.4191
143429.3360, 6394364.0030, 32.5463, 149.8205, 608.6029
143429.3360, 6394364.0030, 32.5463, 149.8205, 608.6029
143429.2908, 6394363.9932, 32.4737, 145.6124, 616.0713
143449.3917, 6394370.0183, 41.0831, 1250.0315, 24.6538
143458.7495, 6394393.6412, 44.2069, 971.5959, 121.0444
143449.3352, 6394370.0775, 41.0615, 1245.3047, 26.4953
143431.7377, 6394366.0060, 37.8409, 332.4457, 133.5745
143437.9986, 6394362.9922, 37.4307, 920.2026, 134.7059
143460.4955, 6394387.0935, 46.6029, 1129.3102, 7.5118
143430.1494, 6394366.4892, 37.7396, 192.8224, 146.2022
143437.6242, 6394361.4996, 35.9048, 967.5816, 253.5834
143428.8406, 6394366.9896, 39.4127, 68.2018, 9.2245
143428.7770, 6394366.9810, 39.3826, 62.5804, 11.2987
143432.7968, 6394377.9710, 36.2636, 307.2822, 326.6691
143433.4538, 6394379.9723, 36.2148, 327.0103, 334.2167
143432.4147, 6394367.4750, 35.2516, 378.6860, 353.8667
143435.4024, 6394385.4692, 34.8805, 377.4689, 397.0848
143460.5656, 6394389.1105, 46.4555, 1091.4642, 28.4146
143458.5170, 6394383.6314, 44.9152, 1152.7203, 29.7187
143460.5372, 6394389.1349, 46.2781, 1090.4144, 33.9062
143449.2826, 6394369.6930, 40.8203, 1258.6033, 34.1883
143460.1559, 6394386.5864, 46.3037, 1131.2421, 12.0995
143449.1939, 6394369.6940, 41.2011, 1254.4280, 12.9843
143438.0148, 6394361.3893, 33.8478, 1010.1373, 447.3973
143433.6676, 6394363.0123, 33.0665, 576.6180, 537.1034
143449.5121, 6394370.0686, 40.9177, 1253.2908, 34.6458
143459.5244, 6394387.1174, 45.6042, 1104.5343, 37.5675
143449.2817, 6394369.7227, 40.6665, 1257.4896, 43.0375
143449.2817, 6394369.7227, 40.6665, 1257.4896, 43.0375
143449.5698, 6394370.0964, 40.7071, 1254.8005, 46.5486
143459.3918, 6394385.0304, 45.8791, 1144.6027, 11.0915
143459.7571, 6394386.1506, 46.0090, 1130.1726, 17.1579
143429.0220, 6394366.9854, 39.2176, 85.4728, 26.5591
143449.4243, 6394369.9931, 41.0653, 1252.4332, 25.3619
143437.4259, 6394361.4811, 38.1334, 946.4682, 37.2003
143437.8250, 6394361.4416, 38.1517, 981.6092, 36.3757
143461.8672, 6394396.5685, 46.7471, 996.9680, 72.2402
143461.8672, 6394396.5685, 46.7471, 996.9680, 72.2402
143438.4803, 6394363.9382, 36.9883, 915.0858, 186.7603
143438.4803, 6394363.9382, 36.9883, 915.0858, 186.7603
143438.4803, 6394363.9382, 36.9883, 915.0858, 186.7603
143448.4179, 6394372.5928, 38.3857, 1119.6760, 190.5450
143453.3047, 6394385.4407, 38.9945, 972.3470, 237.9038
143438.0729, 6394364.1452, 36.1688, 879.3727, 255.8297
143429.8558, 6394368.9981, 36.5116, 166.5656, 270.5970
143437.3745, 6394362.1111, 35.6016, 917.2635, 287.9212
143430.7194, 6394371.9880, 36.4974, 218.6106, 290.2009
143431.4573, 6394374.4867, 35.3656, 256.6030, 366.7687
143437.5947, 6394361.5008, 32.5317, 973.4188, 572.6606
143426.8790, 6394410.9875, 49.0044, 39.1830, 61.4948
143429.1354, 6394366.9853, 38.8603, 97.3682, 57.2757
143429.1918, 6394367.0039, 38.2634, 105.3251, 108.0938
143429.3476, 6394366.9952, 37.7816, 121.3892, 148.6772
143428.9836, 6394366.9968, 37.2418, 91.8787, 193.3165
143445.5130, 6394366.3782, 36.6299, 1229.4265, 240.9410
143429.6605, 6394368.5008, 35.5723, 156.1976, 338.2569
143437.8978, 6394363.0982, 35.0793, 913.5320, 340.0248
143437.6026, 6394361.4921, 32.5090, 974.5744, 574.8052
143432.5451, 6394363.0149, 32.5625, 475.9015, 592.4687
143428.2828, 6394364.5064, 32.6869, 41.3335, 597.8860
143449.4391, 6394369.5955, 40.9961, 1269.1478, 23.5889
143432.2695, 6394363.4679, 38.0428, 416.5540, 69.4057
143458.0346, 6394384.6507, 44.2360, 1117.2463, 60.4130
143458.0346, 6394384.6507, 44.2360, 1117.2463, 60.4130
143428.8843, 6394366.9881, 38.6067, 76.1982, 77.8970
143435.1093, 6394365.4727, 38.4423, 610.4105, 83.9160
143437.1830, 6394361.6157, 37.6357, 920.5607, 87.7495
143431.4085, 6394366.4650, 38.3705, 297.7798, 96.1398
143429.9702, 6394366.9577, 38.4118, 172.5882, 97.1214
143431.2514, 6394366.4900, 38.2766, 284.7944, 103.9130
143432.7818, 6394363.4762, 37.6548, 466.0605, 108.7103
143432.7818, 6394363.4762, 37.6548, 466.0605, 108.7103
143433.0235, 6394363.4884, 37.6684, 487.9576, 108.4084
143437.7121, 6394361.5174, 37.4078, 970.1053, 109.6021
143432.6179, 6394363.4946, 37.6140, 450.6492, 112.4637
143432.2662, 6394365.9682, 38.0653, 376.1543, 115.4297
143437.6067, 6394362.0566, 37.3997, 933.9897, 120.2812
143437.6067, 6394362.0566, 37.3997, 933.9897, 120.2812
143431.3065, 6394366.0340, 37.7344, 295.9937, 142.0633
143433.9726, 6394368.0230, 37.4993, 476.5628, 190.4458
143448.6577, 6394373.5427, 38.5365, 1099.2566, 190.3562
143428.9929, 6394367.0005, 37.0671, 93.5722, 208.0034
143449.4831, 6394369.9405, 41.0549, 1257.0380, 25.3609
143437.8641, 6394361.4170, 38.2480, 985.9261, 26.5997
143454.0104, 6394385.1287, 39.8448, 997.8922, 207.9021
143459.5896, 6394386.6288, 45.8281, 1115.9974, 26.6457
143447.1614, 6394370.6190, 37.5772, 1134.1995, 217.1587
143438.2271, 6394364.0441, 36.4639, 893.8101, 230.7750
143447.1414, 6394370.9798, 37.2667, 1120.9889, 236.2545
143446.0639, 6394368.1524, 36.7688, 1178.8748, 245.2762
143459.8299, 6394387.0875, 45.9005, 1112.8213, 28.4595
143446.2526, 6394368.7044, 36.7916, 1165.5287, 247.6829
143449.5276, 6394370.0867, 41.0028, 1253.1584, 30.3342
143430.0285, 6394369.4827, 36.7134, 177.7359, 259.4410
143430.0285, 6394369.4827, 36.7134, 177.7359, 259.4410
143429.0284, 6394366.9988, 36.4017, 99.9866, 263.5540
143445.4127, 6394365.5923, 36.1994, 1262.5703, 263.5247
143428.7535, 6394366.0031, 36.2567, 73.7117, 267.3166
143428.7535, 6394366.0031, 36.2567, 73.7117, 267.3166
143437.8414, 6394361.4662, 35.7766, 987.3936, 265.4382
143437.5331, 6394361.4958, 35.7133, 960.7778, 271.9078
143437.2336, 6394361.5969, 35.6386, 931.0208, 280.1655
143460.2067, 6394388.1680, 46.0988, 1100.8333, 31.4310
143429.0351, 6394366.9953, 39.1315, 87.0930, 34.1290
143429.0351, 6394366.9953, 39.1315, 87.0930, 34.1290
143439.6688, 6394369.0888, 34.9139, 816.1167, 368.3374
143437.6310, 6394361.4667, 37.8569, 964.9884, 64.7474
143428.9050, 6394366.9939, 38.7601, 77.2922, 65.0765
143432.3389, 6394363.4484, 38.0627, 423.4010, 67.3278
143432.2028, 6394363.4796, 38.0496, 409.9747, 68.7379
143439.6688, 6394369.0888, 34.9139, 816.1167, 368.3374
143433.4808, 6394367.0269, 32.7158, 473.9867, 541.7043
143436.5684, 6394361.4805, 32.7373, 888.8592, 560.7186
143458.8996, 6394384.4929, 45.2632, 1143.5841, 26.0471
143458.8996, 6394384.4929, 45.2632, 1143.5841, 26.0471
143430.0176, 6394369.9934, 36.3142, 177.1795, 291.4103
143440.5937, 6394388.0258, 37.6930, 539.6968, 293.6454
143437.7043, 6394363.1060, 35.4956, 897.5871, 304.4382
143428.8473, 6394366.9890, 39.1084, 70.3390, 35.1687
143432.2379, 6394363.4870, 37.9910, 413.4331, 74.7158
143432.2379, 6394363.4870, 37.9910, 413.4331, 74.7158
143449.2903, 6394369.7112, 40.7345, 1258.2714, 39.1752
143436.8931, 6394364.5225, 38.4035, 773.4830, 75.5312
143436.9632, 6394364.8958, 38.4840, 765.5718, 76.0467
143429.0880, 6394367.0066, 38.6297, 94.3160, 76.9913
143429.0880, 6394367.0066, 38.6297, 94.3160, 76.9913
143459.6381, 6394387.8884, 45.6141, 1092.1873, 43.3992
143432.7986, 6394363.4358, 38.1795, 466.2414, 57.7065
143459.6381, 6394387.8884, 45.6141, 1092.1873, 43.3992
143459.3906, 6394386.9920, 45.3633, 1103.7549, 43.9993
143437.7339, 6394361.5253, 38.0683, 969.8394, 46.0378
143437.7339, 6394361.5253, 38.0683, 969.8394, 46.0378
143459.3828, 6394387.9052, 45.1352, 1085.6591, 58.0383
143428.8748, 6394366.9939, 38.8105, 74.3318, 60.6957
143428.8748, 6394366.9939, 38.8105, 74.3318, 60.6957
143437.5672, 6394361.5097, 37.8503, 957.4525, 66.0894
143428.7652, 6394366.9933, 38.5937, 65.5659, 78.6937
143435.2055, 6394365.4271, 38.4890, 618.7682, 79.5916
143429.0652, 6394366.9901, 38.5559, 92.6303, 82.8324
143459.7398, 6394392.5737, 45.3242, 1011.2796, 84.3728
143428.9375, 6394366.9984, 38.5155, 81.4446, 85.9887
143456.3371, 6394383.0174, 42.9713, 1106.4708, 88.8376
143448.3455, 6394374.0561, 37.8983, 1072.1306, 224.1972
143448.3455, 6394374.0561, 37.8983, 1072.1306, 224.1972
143437.6663, 6394361.4734, 34.3232, 976.3066, 403.8827
143437.5862, 6394361.5181, 33.2817, 969.9832, 502.3524
143456.3371, 6394383.0174, 42.9713, 1106.4708, 88.8376
143441.2090, 6394363.6085, 32.6780, 1123.2682, 523.7947
143432.4328, 6394366.4384, 38.4815, 381.6145, 89.6164
143437.4115, 6394361.5380, 37.6086, 943.6678, 89.5754
143459.7077, 6394392.5282, 45.0718, 1011.4301, 91.2093
143431.2633, 6394366.4733, 38.4100, 285.3670, 92.5756
143456.1994, 6394383.0856, 42.8676, 1101.0516, 92.8199
143456.1994, 6394383.0856, 42.8676, 1101.0516, 92.8199
143431.3109, 6394366.4761, 38.3740, 289.4950, 95.7566
143429.1504, 6394366.9807, 38.3761, 101.0783, 98.0942
143429.1504, 6394366.9807, 38.3761, 101.0783, 98.0942
143435.5766, 6394364.9262, 38.1658, 661.9602, 98.4093
143429.3033, 6394367.4869, 38.4435, 114.4648, 101.7327
143433.4683, 6394364.4303, 37.9381, 505.1117, 102.8001
143437.5167, 6394361.5513, 37.4674, 952.0696, 103.8875
143459.1745, 6394392.9877, 44.6934, 991.5783, 104.1033
143430.1445, 6394366.9725, 38.3295, 187.8631, 104.6921
143430.1445, 6394366.9725, 38.3295, 187.8631, 104.6921
143432.1495, 6394363.5453, 37.6669, 405.4719, 106.9115
143437.3010, 6394361.5982, 37.4218, 931.8726, 108.5399
143438.0847, 6394361.8688, 37.5043, 981.4670, 108.3867
143432.4735, 6394365.9512, 38.1242, 393.2547, 110.7693
143426.2945, 6394410.4695, 49.3477, 21.9251, 48.9083
143458.9823, 6394386.4298, 44.9344, 1104.7850, 52.7285
143458.9979, 6394393.0252, 44.4662, 986.9320, 110.5557
143432.0806, 6394365.9506, 38.0821, 360.8870, 113.2353
143428.7986, 6394365.9959, 37.9746, 68.8382, 114.3725
143432.1172, 6394363.5698, 37.5742, 402.3971, 116.2142
143432.5692, 6394363.4782, 37.9306, 445.0700, 81.6161
143432.5692, 6394363.4782, 37.9306, 445.0700, 81.6161
143432.3295, 6394363.4933, 37.8994, 422.3980, 84.0487
143432.0072, 6394363.5387, 37.8659, 391.1446, 87.0634
143432.5015, 6394363.4865, 37.8695, 438.8366, 87.4170
143429.6873, 6394366.9648, 38.3784, 148.2494, 99.1945
143430.2248, 6394366.9624, 38.3545, 194.6411, 102.6774
143430.2248, 6394366.9624, 38.3545, 194.6411, 102.6774
143432.4073, 6394363.4971, 37.7068, 430.5040, 102.9486
143428.8591, 6394365.9865, 37.9092, 74.8964, 120.2230
143430.3417, 6394366.5002, 37.8915, 208.8161, 133.9662
143438.2568, 6394363.0131, 37.4155, 938.7344, 136.9682
143433.0938, 6394364.5050, 37.5209, 473.0335, 140.2280
143428.8274, 6394365.9976, 37.6324, 73.3975, 145.0532
143458.8032, 6394393.1118, 44.2544, 981.0668, 116.8337
143432.1647, 6394363.5663, 37.5475, 407.0751, 118.8585
143437.5914, 6394362.5975, 37.5208, 906.6683, 118.8907
143429.4727, 6394366.9916, 38.0902, 130.8702, 123.1220
143432.3063, 6394365.0413, 37.7658, 394.3707, 125.6115
143435.3594, 6394364.9650, 37.8221, 645.2425, 127.0059
143435.5022, 6394364.9465, 37.8218, 656.7356, 127.0804
143434.3806, 6394365.0615, 37.7692, 566.2300, 130.6797
143430.2577, 6394366.4907, 37.9225, 201.4178, 131.0072
143433.3812, 6394364.4908, 37.5867, 497.7092, 134.8162
143428.8289, 6394365.9951, 37.7101, 73.1190, 138.0834
143428.8289, 6394365.9951, 37.7101, 73.1190, 138.0834
143428.5600, 6394364.9936, 37.4726, 44.2891, 142.4080
143429.0037, 6394366.5002, 37.7458, 90.3400, 143.4617
143458.3042, 6394391.4840, 42.8884, 996.1437, 146.6967
143449.8869, 6394375.1241, 39.8262, 1098.3286, 143.3876
143428.2036, 6394364.9976, 37.4377, 7.9499, 144.9778
143429.0322, 6394366.4974, 37.6833, 93.2595, 148.8702
143429.0322, 6394366.4974, 37.6833, 93.2595, 148.8702
143430.9173, 6394366.4931, 37.6395, 259.3499, 156.1211
143456.8780, 6394388.0274, 42.2694, 1020.3469, 145.6004
143431.3695, 6394366.0056, 37.6843, 301.8767, 146.0039
143458.0276, 6394394.0683, 42.6167, 949.1372, 166.8942
143428.5154, 6394365.0370, 37.2083, 41.4825, 168.1628
143449.8661, 6394374.9322, 39.6440, 1103.2920, 150.1082
143449.3116, 6394374.0719, 39.0456, 1108.2715, 170.5576
143428.6353, 6394365.5331, 37.2179, 55.5802, 175.0341
143438.5670, 6394363.9563, 36.7753, 920.9581, 204.5317
143434.8479, 6394370.4996, 37.5577, 494.1376, 211.5207
143438.6568, 6394363.9047, 36.4684, 930.2211, 229.1315
143456.5932, 6394387.5508, 41.9141, 1021.8445, 153.9291
143438.1849, 6394364.0654, 37.3326, 887.8629, 159.7166
143448.5013, 6394376.0982, 38.0702, 1021.3161, 228.3572
143456.4550, 6394387.5524, 41.6921, 1018.2988, 160.8849
143453.8185, 6394387.0763, 39.1182, 957.0479, 240.3329
143435.8852, 6394374.0053, 37.4965, 502.6335, 242.0403
143428.5903, 6394365.5173, 36.4136, 55.5644, 248.5315
143456.3084, 6394387.1441, 41.5325, 1022.0872, 163.6736
143446.8989, 6394369.9849, 36.6231, 1146.4974, 265.0541
143433.3574, 6394366.0121, 37.4438, 466.0635, 169.5708
143446.8989, 6394369.9849, 36.6231, 1146.4974, 265.0541
143440.1410, 6394368.4165, 36.4723, 859.6794, 266.0247
143437.2586, 6394361.5913, 35.7816, 933.0024, 266.4041
143430.4196, 6394370.4836, 36.6936, 203.2224, 268.0396
143457.5717, 6394393.0360, 42.2226, 954.0782, 172.9426
143431.8617, 6394374.9845, 36.6049, 273.6451, 298.0824
143431.8617, 6394374.9845, 36.6049, 273.6451, 298.0824
143457.4425, 6394393.1182, 42.2188, 949.6917, 173.3620
143429.2032, 6394367.0237, 37.4463, 110.3315, 176.8307
143429.2032, 6394367.0237, 37.4463, 110.3315, 176.8307
143429.3944, 6394367.5073, 37.4175, 127.0775, 185.6963
143438.1228, 6394364.6239, 37.0653, 861.9271, 188.5999
143434.8029, 6394368.9934, 37.5768, 516.1649, 195.9778
143434.8029, 6394368.9934, 37.5768, 516.1649, 195.9778
143434.0185, 6394368.5331, 37.4650, 471.4617, 198.4007
143455.0862, 6394386.4724, 40.3228, 1002.2623, 198.7655
143434.6145, 6394369.0530, 37.5134, 502.8891, 200.7707
143432.3828, 6394363.4703, 37.9977, 427.4278, 74.2684
143432.3828, 6394363.4703, 37.9977, 427.4278, 74.2684
143437.5650, 6394364.3575, 38.4105, 828.8776, 74.1361
143438.1067, 6394364.0634, 38.3656, 879.8328, 74.1804
143453.9783, 6394384.6547, 39.9851, 1006.1085, 200.8099
143436.2281, 6394364.9109, 38.4581, 710.8774, 76.0201
143437.5116, 6394361.5194, 37.7394, 952.6212, 76.8524
143453.9783, 6394384.6547, 39.9851, 1006.1085, 200.8099
143433.6412, 6394370.9852, 37.7545, 411.3187, 202.5117
143434.2047, 6394369.5156, 37.4820, 468.4961, 207.1043
143456.7968, 6394391.9498, 40.8238, 952.9413, 207.9643
143449.2041, 6394377.0827, 38.6330, 1021.3985, 209.6190
143440.0494, 6394368.3926, 37.3140, 853.5603, 211.4751
143438.7039, 6394363.8694, 36.6808, 934.6036, 211.3826
143446.9328, 6394369.6456, 37.3937, 1159.8922, 220.0387
143438.6934, 6394363.8683, 36.5669, 934.1605, 220.6980
143435.0476, 6394371.4999, 37.5373, 491.1247, 221.3336
143429.5191, 6394368.4923, 37.0959, 138.2662, 222.1800
143439.9281, 6394368.4410, 37.1082, 845.5427, 225.1619
143446.8452, 6394369.6826, 37.2758, 1154.6399, 226.8763
143439.8897, 6394368.4640, 37.0286, 842.8052, 230.4844
143439.8897, 6394368.4640, 37.0286, 842.8052, 230.4844
143447.6255, 6394372.1108, 37.5216, 1103.4349, 230.3510
143446.7842, 6394369.5800, 37.1699, 1155.8508, 232.0733
143446.7842, 6394369.5800, 37.1699, 1155.8508, 232.0733
143428.2571, 6394364.9983, 36.4211, 19.4772, 242.2041
143431.0608, 6394373.0139, 37.3597, 233.3082, 242.7913
143431.0608, 6394373.0139, 37.3597, 233.3082, 242.7913
143439.7753, 6394368.5206, 36.8330, 834.9338, 243.5404
143439.7753, 6394368.5206, 36.8330, 834.9338, 243.5404
143428.3351, 6394365.0056, 36.3912, 27.6921, 245.1279
143453.7572, 6394387.0865, 38.9434, 955.3076, 246.0470
143438.1486, 6394378.4726, 37.8195, 551.8165, 251.6495
143429.1731, 6394367.0210, 38.5609, 102.2220, 83.3398
143438.1486, 6394378.4726, 37.8195, 551.8165, 251.6495
143428.5922, 6394365.5043, 36.3428, 56.0888, 254.8707
143436.3008, 6394376.5654, 37.5351, 490.7181, 255.3032
143437.8344, 6394361.4621, 35.8568, 986.8588, 257.7433
143447.9468, 6394374.9963, 37.2939, 1030.4382, 257.7132
143446.5843, 6394369.6347, 36.7183, 1145.1484, 257.7607
143438.0732, 6394364.6459, 36.1942, 859.6849, 258.1404
143437.4765, 6394361.4728, 35.8054, 957.0901, 262.8720
143439.9494, 6394368.4406, 36.4984, 847.9754, 264.5539
143439.9494, 6394368.4406, 36.4984, 847.9754, 264.5539
143447.6939, 6394374.6428, 37.1047, 1030.4878, 264.8170
143432.4526, 6394363.4869, 37.8850, 434.1752, 85.7589
143432.4526, 6394363.4869, 37.8850, 434.1752, 85.7589
143446.9098, 6394371.0643, 36.7204, 1108.5594, 265.7872
143432.0889, 6394375.9740, 37.2802, 278.9290, 265.9142
143446.9556, 6394371.0556, 36.6428, 1110.9464, 269.8448
143437.7124, 6394363.0896, 35.8468, 898.0408, 273.8600
143439.0356, 6394383.0260, 37.6175, 534.6991, 280.3300
143439.0356, 6394383.0260, 37.6175, 534.6991, 280.3300
143439.6992, 6394369.0660, 36.2866, 815.7357, 282.0344
143437.4289, 6394361.5206, 37.6372, 945.9449, 86.4891
143439.8418, 6394384.5048, 37.5969, 549.1621, 286.2011
143439.6921, 6394389.4847, 37.8168, 496.1971, 293.9469
143433.8982, 6394380.9862, 37.1109, 338.9943, 296.2719
143430.0914, 6394370.4964, 36.2578, 181.4219, 298.2025
143439.3600, 6394368.0600, 35.9314, 826.5803, 299.5503
143442.1794, 6394391.0192, 37.6852, 562.5364, 301.5729
143433.1402, 6394378.4680, 36.6802, 320.2967, 307.5562
143438.4464, 6394365.6327, 35.6203, 850.0414, 309.0082
143437.8932, 6394361.3796, 37.5803, 991.9765, 90.7368
143432.2293, 6394366.4783, 38.4639, 364.7304, 91.1391
143432.2944, 6394366.4668, 38.4662, 370.1353, 90.9429
143432.0130, 6394363.5489, 37.8152, 391.7595, 92.2024
143432.3049, 6394363.5007, 37.8058, 420.3565, 93.1415
143429.6589, 6394366.9518, 38.4407, 145.4946, 93.6773
143436.8642, 6394364.5852, 38.1986, 769.7147, 93.5110
143436.8642, 6394364.5852, 38.1986, 769.7147, 93.5110
143459.4773, 6394392.4391, 44.9246, 1007.4840, 94.6070
143431.2190, 6394366.4709, 38.3790, 281.7978, 94.9768
143435.7139, 6394365.4778, 38.3288, 656.1117, 95.0113
143431.2585, 6394366.4718, 38.3556, 285.2103, 97.0498
143431.2585, 6394366.4718, 38.3556, 285.2103, 97.0498
143437.6587, 6394361.5227, 37.5419, 965.1058, 96.5898
143437.6073, 6394361.5182, 37.5287, 961.1379, 97.5927
143429.2048, 6394367.4786, 38.4872, 105.7785, 97.7372
143437.5844, 6394363.1634, 37.8571, 880.0031, 99.1479
143429.3509, 6394367.4546, 38.4632, 118.4493, 99.7027
143429.5199, 6394366.9701, 38.3737, 133.6592, 99.1898
143459.3036, 6394393.1303, 44.8923, 992.2462, 99.4681
143456.0006, 6394383.1518, 42.6827, 1093.9784, 99.5637
143429.5684, 6394366.9711, 38.3648, 137.9378, 100.0936
143437.7019, 6394361.5114, 37.4672, 969.4420, 103.7197
143430.6578, 6394366.9847, 38.3509, 231.1127, 104.5566
143432.4773, 6394363.4903, 37.6919, 437.2733, 104.4716
143430.1703, 6394366.9790, 38.2920, 190.2188, 107.9669
143432.3941, 6394365.9756, 38.0805, 386.5482, 114.6153
143432.3941, 6394365.9756, 38.0805, 386.5482, 114.6153
143432.5052, 6394363.5065, 37.5901, 440.0091, 114.6404
143430.1394, 6394366.4660, 38.0985, 190.3585, 115.4142
143432.6460, 6394363.4987, 37.5620, 453.4027, 117.5976
143432.5412, 6394363.5057, 37.5538, 443.5439, 118.2094
143429.5515, 6394366.9952, 38.1445, 137.4911, 118.8531
143431.9384, 6394365.9776, 38.0130, 348.9362, 119.1202
143429.6022, 6394366.9967, 38.1144, 142.0540, 121.5093
143432.2031, 6394364.0721, 37.6188, 401.5400, 121.6165
143437.5551, 6394362.6269, 37.4799, 902.5714, 123.0155
143428.3281, 6394364.9982, 37.6059, 19.8031, 129.1696
143437.6029, 6394362.0927, 35.3202, 937.1417, 313.4760
143444.7341, 6394398.0240, 37.7123, 574.0937, 315.3891
143444.7341, 6394398.0240, 37.7123, 574.0937, 315.3891
143438.1615, 6394364.0928, 35.4030, 889.6345, 317.6765
143438.6568, 6394366.1181, 35.5019, 847.0530, 320.0279
143426.3400, 6394413.9980, 51.8485, 24.8898, 8.8896
143449.3731, 6394369.9493, 41.3580, 1251.7506, 8.6562
143460.7488, 6394388.1660, 46.6877, 1114.1140, 14.1809
143454.3100, 6394377.0047, 43.3571, 1196.7424, 15.5165
143454.3100, 6394377.0047, 43.3571, 1196.7424, 15.5165
143460.7549, 6394388.6413, 46.6311, 1105.0239, 19.7316
143458.9311, 6394384.0238, 45.3250, 1154.9049, 19.9321
143449.2696, 6394369.6661, 41.0637, 1258.9366, 20.3785
143460.2926, 6394387.5721, 46.2649, 1114.6705, 21.6949
143458.8150, 6394384.1294, 45.2938, 1149.3755, 21.7080
143428.9625, 6394366.9783, 39.1158, 80.6349, 34.7985
