143433.5122, 6394364.4353, 37.8655, 497.8462, 90.0697
143437.5759, 6394362.5769, 37.6690, 911.8506, 90.8195
143431.4524, 6394365.9723, 38.0419, 288.6163, 93.7005
143432.7650, 6394363.9944, 37.6946, 439.4307, 94.4738
143437.9508, 6394361.9595, 37.5011, 974.6620, 96.6338
143434.0179, 6394368.5185, 37.4949, 460.3916, 180.8837
143428.9275, 6394365.9987, 37.8678, 51.2588, 99.5461
143430.4020, 6394366.4797, 38.0239, 190.4869, 100.0429
143437.6795, 6394362.0842, 37.4234, 945.5826, 105.4440
143428.7531, 6394365.5034, 37.6398, 32.4142, 111.3043
143429.7353, 6394369.0053, 37.4189, 129.8022, 183.6834
143434.5964, 6394369.0515, 37.5532, 491.7667, 183.3633
143432.3971, 6394376.4755, 35.8651, 281.9117, 330.2065
143432.4970, 6394371.0071, 37.6556, 323.1779, 191.9630
143449.9898, 6394377.1101, 40.1657, 1052.9753, 137.1665
143456.6610, 6394390.5608, 41.0894, 973.8232, 187.6300
143449.7499, 6394373.6410, 39.5283, 1146.0121, 138.2969
143446.2983, 6394367.6729, 37.5293, 1220.8665, 190.9581
143454.8366, 6394386.1073, 40.2554, 1005.0836, 192.8779
143445.7716, 6394366.6883, 38.1655, 1239.7756, 139.0547
143438.7402, 6394363.8431, 37.3545, 942.6387, 144.7544
143446.2983, 6394367.6729, 37.5293, 1220.8665, 190.9581
143447.4066, 6394370.5384, 37.8822, 1155.8738, 195.0919
143430.0291, 6394369.5094, 37.3419, 152.9321, 195.5154
143446.3486, 6394368.1313, 37.5410, 1203.1218, 194.2621
143448.9109, 6394372.6130, 39.1465, 1146.3949, 147.1035
143428.7161, 6394365.5341, 37.2547, 30.6568, 148.7757
143446.3486, 6394368.1313, 37.5410, 1203.1218, 194.2621
143449.6920, 6394377.1657, 39.7930, 1040.7559, 153.5016
143433.5154, 6394367.0109, 37.5121, 448.1301, 160.7898
143454.9213, 6394386.5598, 40.2355, 998.8064, 195.6909
143430.1037, 6394370.0082, 37.3756, 157.6774, 198.1812
143447.8362, 6394371.0830, 38.5688, 1154.6674, 162.5015
143438.2445, 6394364.0114, 36.7366, 899.2545, 198.6362
143440.1545, 6394368.4233, 37.3685, 860.0186, 199.0247
143455.5230, 6394389.0931, 40.4225, 969.2644, 201.1326
143440.1545, 6394368.4233, 37.3685, 860.0186, 199.0247
143429.6480, 6394368.9942, 36.2965, 126.8062, 270.2152
143455.9913, 6394386.6580, 41.2178, 1026.3883, 164.5976
143438.0578, 6394364.1441, 37.1455, 879.1786, 164.9654
143455.5230, 6394389.0931, 40.4225, 969.2644, 201.1326
143454.5892, 6394386.1320, 40.0804, 997.6481, 198.6787
143430.3622, 6394370.5001, 37.3975, 175.9103, 201.7668
143439.2620, 6394382.9907, 37.5989, 537.6886, 269.8116
143430.9511, 6394371.5159, 37.5429, 214.1389, 201.9155
143434.9535, 6394371.5110, 37.5229, 475.7675, 208.4808
143434.9535, 6394371.5110, 37.5229, 475.7675, 208.4808
143430.9511, 6394371.5159, 37.5429, 214.1389, 201.9155
143454.8088, 6394384.6000, 40.8213, 1034.2241, 165.9299
143439.2620, 6394382.9907, 37.5989, 537.6886, 269.8116
143430.8384, 6394371.5189, 37.5334, 206.3058, 202.4265
143429.9942, 6394369.9941, 36.2577, 153.1055, 279.6586
143429.9390, 6394369.4872, 35.8587, 151.0489, 306.3155
143437.8209, 6394362.0034, 35.2911, 964.0668, 311.0128
143430.8384, 6394371.5189, 37.5334, 206.3058, 202.4265
143429.4600, 6394368.4975, 37.0774, 108.3576, 204.5238
143456.0907, 6394387.5368, 41.1072, 1012.3867, 172.7262
143456.3479, 6394391.5497, 40.3903, 949.8314, 212.3451
143435.2213, 6394371.5305, 37.4603, 491.9780, 212.9206
143438.4590, 6394363.9290, 36.4892, 919.0435, 219.2004
143454.3737, 6394386.0382, 39.8505, 993.3931, 205.8434
143439.9340, 6394368.4405, 37.0231, 846.8996, 221.9368
143437.7955, 6394361.9902, 35.0628, 962.9383, 332.8703
143445.2676, 6394366.5532, 36.9904, 1219.8523, 214.8179
143438.4131, 6394363.9456, 36.4315, 914.9882, 224.2224
143438.4131, 6394363.9456, 36.4315, 914.9882, 224.2224
143445.3477, 6394366.4840, 36.9705, 1227.4041, 215.6648
143451.1876, 6394379.6626, 39.5136, 1030.9116, 183.3025
143446.0598, 6394368.1368, 36.9907, 1188.7468, 227.8459
143445.3477, 6394366.4840, 36.9705, 1227.4041, 215.6648
143436.2929, 6394375.0100, 37.5511, 502.0528, 232.9119
143449.0362, 6394375.6347, 38.8302, 1058.1646, 185.3700
143448.5605, 6394375.5525, 38.1446, 1042.4022, 216.0826
143438.4135, 6394363.9438, 36.5115, 914.9982, 217.3907
143446.5766, 6394368.0917, 37.6631, 1215.9934, 186.7462
143438.1759, 6394364.0894, 36.8446, 890.6658, 190.2025
143448.3796, 6394374.5878, 37.9936, 1062.9382, 217.4331
143446.4740, 6394368.1232, 37.5776, 1209.6136, 192.1247
143435.5907, 6394373.0280, 37.5198, 491.4080, 220.9537
143446.4740, 6394368.1232, 37.5776, 1209.6136, 192.1247
143453.8907, 6394387.5461, 39.0767, 952.2323, 237.2714
143446.6960, 6394368.6618, 37.6406, 1197.3113, 193.1552
143448.7439, 6394377.0538, 38.1153, 1009.2880, 225.7520
143446.6960, 6394368.6618, 37.6406, 1197.3113, 193.1552
143438.6108, 6394363.9229, 36.7105, 930.2254, 200.5210
143448.3627, 6394377.0973, 37.5558, 994.1651, 250.5055
143438.0952, 6394364.6372, 36.1716, 862.9815, 252.0328
143446.2166, 6394367.4892, 37.2771, 1225.0983, 205.1619
143430.9262, 6394372.4858, 37.2912, 209.2379, 226.5042
143438.2890, 6394364.0221, 36.1128, 902.8566, 251.9230
143438.1297, 6394364.6178, 36.1088, 866.3441, 257.0781
143447.0646, 6394370.1615, 37.5437, 1154.6786, 210.8172
143446.1449, 6394367.5666, 37.1933, 1218.0129, 210.9877
143432.2607, 6394376.4878, 37.1832, 271.3950, 258.9716
143449.2529, 6394378.5920, 38.2794, 989.7563, 226.7955
143445.9256, 6394367.0666, 37.1111, 1229.8411, 211.9262
143439.8294, 6394368.4968, 36.9395, 839.0634, 227.8448
143439.8612, 6394368.4773, 36.8967, 841.5966, 230.5801
143435.5747, 6394372.5139, 37.5107, 498.0273, 217.7412
143435.5747, 6394372.5139, 37.5107, 498.0273, 217.7412
143448.6992, 6394377.0424, 37.9516, 1007.9860, 232.9070
143438.8205, 6394381.0179, 37.5685, 542.8500, 263.3573
143446.0477, 6394368.1596, 36.8948, 1187.1835, 233.9030
143448.1627, 6394374.1286, 37.8196, 1067.9495, 222.9611
143445.4982, 6394366.3856, 36.6692, 1240.1213, 235.1580
143428.5584, 6394365.5083, 36.3275, 18.8253, 237.0590
143439.0792, 6394367.0770, 35.4402, 841.0881, 322.5785
143436.1095, 6394373.9894, 37.5185, 506.5545, 228.0852
143439.0433, 6394366.6058, 35.3836, 855.0665, 324.8337
143439.0298, 6394383.0278, 37.6142, 528.0966, 269.2683
143436.1095, 6394373.9894, 37.5185, 506.5545, 228.0852
143448.1291, 6394375.5056, 37.5108, 1027.1727, 244.9678
143445.2405, 6394366.6123, 36.7366, 1215.6261, 232.1358
143445.3781, 6394366.4927, 36.7027, 1228.6002, 233.6140
143431.7525, 6394374.9734, 37.2266, 250.1448, 247.8245
143438.0947, 6394364.1344, 36.1646, 883.6143, 248.3391
143439.6518, 6394368.6099, 35.2274, 827.1090, 341.8873
143445.3781, 6394366.4927, 36.7027, 1228.6002, 233.6140
143438.1686, 6394364.5933, 36.3630, 869.8153, 235.9215
143439.6518, 6394368.6099, 35.2274, 827.1090, 341.8873
143432.0046, 6394375.9875, 37.2486, 259.5531, 252.5659
143439.6396, 6394368.5761, 36.5761, 825.8358, 252.4639
143437.9306, 6394361.9675, 35.8898, 974.3506, 253.1366
143448.4417, 6394376.6456, 37.7831, 1008.6086, 238.2927
143432.2830, 6394376.4908, 35.5927, 276.1544, 344.9876
143431.6537, 6394364.9766, 35.1393, 328.4189, 344.6298
143433.4651, 6394370.4574, 35.2486, 400.0441, 350.7007
143433.4651, 6394370.4574, 35.2486, 400.0441, 350.7007
143432.2119, 6394376.4955, 37.2820, 268.4292, 253.6227
143440.8038, 6394372.1352, 35.1058, 793.0520, 356.3794
143447.7913, 6394373.5787, 37.3922, 1069.6571, 240.6080
143446.0835, 6394368.1423, 36.7265, 1189.7135, 244.1636
143448.0673, 6394376.6175, 37.4018, 995.2753, 255.1125
143446.4639, 6394369.1536, 36.7876, 1166.1923, 247.1070
143437.9171, 6394361.9766, 35.8878, 972.7421, 253.4058
143437.9792, 6394361.9420, 35.8308, 979.7827, 258.6307
143439.8338, 6394384.0568, 37.6238, 547.8272, 272.7212
143437.7101, 6394363.0977, 35.7855, 900.4465, 272.6136
143437.7101, 6394363.0977, 35.7855, 900.4465, 272.6136
143432.2972, 6394376.4774, 37.2482, 273.3285, 255.4039
143431.4688, 6394373.9842, 36.7148, 239.1075, 272.2957
143438.6867, 6394382.0239, 37.6094, 525.5259, 265.5762
143439.7624, 6394369.0322, 36.3076, 819.5703, 272.9770
143439.5297, 6394384.5328, 37.5793, 531.1734, 276.0586
143437.4924, 6394362.6310, 35.6792, 905.0952, 278.6451
143440.2643, 6394389.0633, 37.7932, 512.8121, 282.1870
143431.0830, 6394364.5169, 35.0785, 279.7361, 349.3341
143440.2643, 6394389.0633, 37.7932, 512.8121, 282.1870
143432.0467, 6394375.9810, 35.1642, 266.7575, 367.5687
143432.0467, 6394375.9810, 35.1642, 266.7575, 367.5687
143433.8212, 6394380.9906, 37.0529, 324.0707, 285.4557
143433.2413, 6394369.9854, 34.8913, 391.6690, 374.2382
143433.2413, 6394369.9854, 34.8913, 391.6690, 374.2382
143434.7985, 6394374.4623, 35.0148, 433.2125, 370.9562
143439.4866, 6394368.1293, 35.2896, 832.1243, 336.4450
143434.4137, 6394363.4637, 34.9754, 611.8442, 350.9983
143434.3433, 6394363.4881, 34.9716, 604.8406, 351.5430
143434.2861, 6394363.0359, 34.9216, 613.7228, 354.8899
143434.2861, 6394363.0359, 34.9216, 613.7228, 354.8899
143434.2674, 6394363.5166, 34.8563, 597.5184, 362.6155
143434.2674, 6394363.5166, 34.8563, 597.5184, 362.6155
143440.6957, 6394387.0103, 37.6336, 547.6297, 281.9595
143438.6170, 6394366.1215, 35.8301, 843.6731, 289.4988
143432.5452, 6394376.9822, 36.5889, 285.4611, 293.1623
143432.3016, 6394376.4865, 36.4883, 275.2143, 296.6240
143439.1172, 6394394.9554, 34.8498, 434.1530, 388.4315
143434.6655, 6394383.4797, 34.6623, 349.8054, 394.8135
143442.3438, 6394392.5126, 37.7178, 548.5747, 293.7093
143459.1227, 6394384.0199, 45.6282, 1168.1136, 2.5089
143432.7334, 6394377.4910, 36.5422, 292.6139, 297.5428
143441.5466, 6394390.5023, 37.6411, 542.0408, 291.3206
143438.9321, 6394367.1072, 35.8778, 830.2031, 291.4905
143437.4941, 6394362.6325, 35.4572, 905.4575, 299.3517
143430.3093, 6394370.4856, 35.8513, 177.0044, 311.3737
143439.5462, 6394368.5756, 35.4584, 821.6616, 326.5941
143437.7497, 6394362.0198, 33.6202, 959.2845, 470.5612
143443.8638, 6394367.9161, 33.1337, 1087.2090, 469.2290
143439.2230, 6394371.6048, 32.7013, 726.4466, 496.9861
143445.3405, 6394401.4346, 34.4915, 560.4683, 396.1256
143428.9010, 6394366.5117, 35.4000, 61.8071, 330.1093
143433.5398, 6394370.9762, 35.3148, 398.4707, 347.5448
143433.5398, 6394370.9762, 35.3148, 398.4707, 347.5448
143445.3405, 6394401.4346, 34.4915, 560.4683, 396.1256
143445.3405, 6394401.4346, 34.4915, 560.4683, 396.1256
143433.0452, 6394378.4927, 36.5257, 302.7768, 301.9230
143435.1533, 6394362.9441, 33.1532, 698.8386, 521.6346
143433.9465, 6394362.9958, 33.0907, 588.5834, 533.7294
143434.4453, 6394366.0331, 32.6738, 552.1910, 544.5073
143434.8326, 6394363.0315, 32.9191, 668.0285, 544.8173
143434.8326, 6394363.0315, 32.9191, 668.0285, 544.8173
143439.6680, 6394369.0888, 34.9347, 814.0634, 362.0562
143439.6680, 6394369.0888, 34.9347, 814.0634, 362.0562
143432.8615, 6394368.4604, 34.9960, 383.6372, 364.6217
143432.8615, 6394368.4604, 34.9960, 383.6372, 364.6217
143436.1482, 6394387.4634, 34.3942, 383.3182, 404.6472
143447.1752, 6394402.4712, 37.8471, 595.2189, 309.1962
143441.3352, 6394373.5342, 34.2715, 786.5058, 402.6641
143439.0919, 6394394.9676, 34.2988, 433.8894, 405.4823
143435.5562, 6394385.4731, 36.8057, 370.0961, 309.5329
143438.4035, 6394392.9523, 34.0539, 425.6946, 413.9508
143436.0604, 6394362.4889, 32.2732, 797.2722, 603.6603
143433.8185, 6394380.9912, 36.5037, 324.9293, 310.6861
143441.0115, 6394373.1005, 34.0479, 781.2159, 415.1268
143435.5562, 6394385.4731, 36.8057, 370.0961, 309.5329
143437.7541, 6394363.0849, 35.3660, 905.0501, 310.3798
143446.4610, 6394403.0158, 37.7666, 573.6677, 312.2206
143436.3246, 6394378.9603, 35.0154, 460.3795, 374.5533
143436.1900, 6394387.4553, 35.0721, 383.9990, 379.2511
143438.7841, 6394394.4572, 35.1543, 426.7621, 378.9400
143440.1323, 6394370.6216, 34.0721, 798.0783, 416.0300
143438.1159, 6394364.1211, 35.3664, 886.7670, 315.7021
143437.8508, 6394391.9526, 35.0613, 413.0630, 381.1605
143446.1049, 6394390.0567, 33.6764, 691.9391, 419.3367
143438.4350, 6394393.4530, 34.9790, 422.4156, 384.2096
143436.2870, 6394387.4748, 36.7649, 385.1777, 315.7227
143441.3467, 6394400.9457, 34.7782, 460.2446, 390.9432
143441.1952, 6394373.1026, 34.4557, 789.6833, 392.8749
143435.2880, 6394384.9645, 36.4514, 363.1950, 322.5972
143435.2880, 6394384.9645, 36.4514, 363.1950, 322.5972
143440.1461, 6394370.6176, 35.5724, 797.2116, 325.8687
143437.8564, 6394361.9817, 33.6438, 969.9932, 468.0498
143437.8480, 6394361.9669, 33.5618, 970.1812, 475.9116
143440.1461, 6394370.6176, 35.5724, 797.2116, 325.8687
143436.4420, 6394375.0096, 32.7785, 517.8401, 489.4258
143432.2155, 6394375.9739, 35.9036, 274.6099, 326.8024
143436.5526, 6394375.0000, 32.7706, 523.6851, 489.5940
143435.1277, 6394363.0314, 33.4207, 692.8735, 495.9651
143436.3351, 6394368.9749, 32.9828, 617.5842, 498.0577
143437.7633, 6394371.9938, 32.6657, 639.0668, 501.8932
143436.0020, 6394367.4534, 32.9068, 631.1740, 511.4138
143434.7648, 6394363.0857, 33.2501, 659.3995, 513.4872
143434.7648, 6394363.0857, 33.2501, 659.3995, 513.4872
143438.3552, 6394369.1113, 32.6331, 739.4502, 513.7552
143436.6206, 6394362.5785, 33.1087, 839.4416, 520.8232
143434.9512, 6394363.0017, 33.0966, 679.1343, 527.6215
143434.6843, 6394364.0289, 32.9185, 623.3465, 537.5883
143434.7535, 6394364.0044, 32.9173, 629.9272, 537.5233
143434.7180, 6394363.0064, 32.9648, 658.5935, 541.3554
143434.7180, 6394363.0064, 32.9648, 658.5935, 541.3554
143434.0991, 6394366.0257, 32.6715, 525.4144, 546.4368
143434.0991, 6394366.0257, 32.6715, 525.4144, 546.4368
143432.9110, 6394366.5153, 32.6739, 421.9930, 548.4600
143432.6490, 6394366.5094, 32.6824, 400.9598, 549.1185
143436.4673, 6394365.0049, 32.5661, 735.1370, 550.8918
143432.5807, 6394366.0096, 32.6902, 403.0212, 552.7151
143434.4416, 6394365.5061, 32.6110, 564.4875, 553.6364
143433.9958, 6394364.9882, 32.6287, 540.8055, 558.7960
143431.8973, 6394365.4652, 32.6998, 352.4288, 560.1429
143431.8973, 6394365.4652, 32.6998, 352.4288, 560.1429
143435.8344, 6394363.5192, 32.5713, 737.0636, 566.5709
143431.2205, 6394364.5045, 32.7210, 302.2133, 571.2887
143431.2205, 6394364.5045, 32.7210, 302.2133, 571.2887
143430.7175, 6394364.5110, 32.5944, 253.9589, 586.3455
143429.9223, 6394364.5036, 32.5663, 174.8918, 594.5190
143430.2367, 6394364.4999, 32.5158, 206.8009, 597.2001
143432.8741, 6394363.5013, 32.3712, 477.3911, 604.5239
143429.4394, 6394364.9832, 32.4186, 125.7607, 606.1341
143432.5477, 6394363.4979, 32.3385, 446.6443, 610.0676
143435.4688, 6394385.4630, 36.3053, 367.4294, 329.4521
143440.2389, 6394370.5782, 34.1786, 804.8693, 409.4805
143440.3145, 6394371.1070, 33.9576, 795.1428, 422.2508
143434.8308, 6394370.9639, 33.3170, 485.0887, 473.9984
143435.9252, 6394373.9308, 33.0196, 505.3081, 480.6247
143434.5434, 6394369.9447, 33.0577, 483.3272, 495.0918
143435.6290, 6394371.5334, 32.7363, 525.6168, 505.8903
143435.2932, 6394362.9528, 33.2968, 710.4529, 507.3203
143434.0257, 6394362.9833, 33.3391, 595.6066, 509.3582
143433.7454, 6394363.4971, 33.0725, 555.8922, 532.5982
143436.3153, 6394364.0420, 32.5694, 756.8055, 559.2830
143438.0984, 6394361.9101, 32.6515, 994.5492, 560.9387
143431.2339, 6394364.0114, 32.7237, 309.3156, 576.0804
143435.4812, 6394362.5421, 32.5163, 744.2438, 583.9045
143432.6091, 6394363.4964, 32.3023, 452.6430, 613.1091
143432.6091, 6394363.4964, 32.3023, 452.6430, 613.1091
143428.8925, 6394366.5078, 35.3406, 61.2543, 335.3836
143439.6995, 6394368.5847, 35.2524, 830.6520, 340.1309
143440.9619, 6394373.6283, 33.5730, 767.1909, 440.1873
143439.5622, 6394396.4540, 36.4591, 436.3329, 340.4067
143439.5622, 6394396.4540, 36.4591, 436.3329, 340.4067
143439.1574, 6394394.9473, 36.3103, 433.8692, 343.1433
143434.3767, 6394363.4733, 35.0557, 608.0505, 343.5049
143437.8611, 6394361.9777, 33.6119, 970.6257, 471.0652
143437.8611, 6394361.9777, 33.6119, 970.6257, 471.0652
143436.2592, 6394369.0029, 33.0086, 612.0677, 496.4603
143440.9980, 6394372.6156, 35.3551, 790.7300, 343.3258
143436.2592, 6394369.0029, 33.0086, 612.0677, 496.4603
143436.2592, 6394369.0029, 33.0086, 612.0677, 496.4603
143438.1563, 6394368.0971, 32.9202, 754.8315, 499.7872
143435.0519, 6394363.0017, 33.3229, 687.4935, 505.7220
143433.5522, 6394367.9791, 33.0599, 446.4674, 506.9325
143440.9980, 6394372.6156, 35.3551, 790.7300, 343.3258
143429.2529, 6394367.5025, 35.2659, 96.8338, 345.1711
143434.4013, 6394363.4683, 34.9669, 610.6193, 351.8385
143433.5522, 6394367.9791, 33.0599, 446.4674, 506.9325
143437.8501, 6394368.0186, 32.6022, 738.3291, 522.9780
143436.7111, 6394362.5119, 33.0216, 850.1368, 528.9863
143437.0733, 6394366.0334, 32.5883, 745.7579, 538.8935
143428.3655, 6394365.5008, 32.9556, 15.6501, 557.1188
143428.3655, 6394365.5008, 32.9556, 15.6501, 557.1188
143432.1941, 6394365.5147, 32.6787, 377.7380, 559.8875
143431.3863, 6394363.9764, 32.7549, 324.6230, 572.4570
143431.3863, 6394363.9764, 32.7549, 324.6230, 572.4570
143430.1017, 6394364.5027, 32.5423, 193.1231, 595.5798
143432.8956, 6394363.5044, 32.4364, 479.1328, 598.1111
143432.8956, 6394363.5044, 32.4364, 479.1328, 598.1111
143429.9145, 6394364.4991, 32.5138, 174.3413, 599.6729
143429.9145, 6394364.4991, 32.5138, 174.3413, 599.6729
143429.7230, 6394364.9844, 32.4158, 154.1211, 604.3770
143429.7230, 6394364.9844, 32.4158, 154.1211, 604.3770
143428.9951, 6394364.9735, 32.3625, 80.8543, 614.7750
143440.6632, 6394371.6287, 35.1061, 798.6273, 355.5268
143454.2350, 6394377.6376, 43.4413, 1185.6460, 10.7584
143442.2240, 6394402.9423, 36.0984, 469.8611, 356.4240
143441.1626, 6394373.1189, 35.1327, 787.0043, 356.3757
143434.3116, 6394363.0281, 34.8911, 616.3835, 357.7954
143439.7005, 6394369.0721, 34.9534, 816.4062, 360.7884
143435.3505, 6394375.9519, 35.2149, 445.3139, 361.7076
143439.1547, 6394367.1342, 34.8539, 844.6381, 364.3342
143435.8597, 6394377.4434, 35.1737, 454.3826, 365.5300
143439.3355, 6394387.4489, 35.2930, 498.1272, 368.8019
143439.3355, 6394387.4489, 35.2930, 498.1272, 368.8019
143437.2355, 6394381.4495, 35.0652, 474.8026, 373.8903
143437.9965, 6394383.9767, 35.0424, 480.9506, 376.4019
143448.6133, 6394402.4160, 35.1887, 632.0838, 376.5680
143435.8746, 6394386.4572, 36.2576, 376.9021, 333.0920
143441.6673, 6394393.9567, 35.1314, 518.2168, 377.5080
143442.6734, 6394400.0300, 35.0724, 501.2489, 381.7577
143449.8038, 6394404.0136, 34.9046, 646.4927, 383.7205
143442.7014, 6394399.9993, 34.9297, 502.3310, 385.6413
143443.0251, 6394399.9671, 34.9214, 511.1559, 385.6590
143443.0251, 6394399.9671, 34.9214, 511.1559, 385.6590
143440.8680, 6394372.1040, 34.5836, 797.6384, 385.6233
143456.5890, 6394382.0030, 43.4906, 1144.0762, 55.5392
143437.5859, 6394362.0575, 37.8975, 938.5503, 58.0375
143432.5903, 6394363.9610, 37.9981, 422.5101, 63.4060
143459.9584, 6394392.0048, 45.3830, 1030.3114, 71.8053
143437.4451, 6394362.6465, 37.7217, 897.7052, 86.5807
143432.0213, 6394365.9736, 38.0199, 338.9510, 97.9640
143428.9726, 6394366.4963, 37.8475, 57.6116, 110.5144
143433.8531, 6394367.5147, 37.4833, 465.3275, 170.0549
143454.1964, 6394384.6356, 40.2971, 1015.7812, 183.7848
143440.8440, 6394372.1155, 34.5272, 796.1987, 388.8306
143454.1964, 6394384.6356, 40.2971, 1015.7812, 183.7848
143438.7487, 6394363.8407, 36.7758, 943.9951, 194.2576
143434.9067, 6394370.5092, 37.4943, 488.2541, 201.7781
143450.0128, 6394403.9308, 34.5823, 652.1920, 391.4784
143434.9067, 6394370.5092, 37.4943, 488.2541, 201.7781
143445.7058, 6394366.5491, 37.0382, 1243.0695, 212.1448
143441.2132, 6394373.1093, 34.3466, 790.5177, 398.7307
143446.1764, 6394368.1746, 37.2231, 1192.8374, 213.9493
143446.1764, 6394368.1746, 37.2231, 1192.8374, 213.9493
143429.9965, 6394369.4910, 36.6653, 152.7541, 246.0580
143439.8975, 6394368.4693, 36.5513, 844.3799, 253.5535
143444.7654, 6394400.4637, 34.3015, 553.4183, 401.4192
143439.9346, 6394381.0711, 34.1788, 592.1356, 409.0757
143437.2126, 6394389.9596, 36.0950, 403.1315, 344.2533
143434.3660, 6394363.4787, 35.0168, 607.0269, 347.2056
143445.3026, 6394386.9763, 33.6762, 706.4606, 421.0749
143442.7558, 6394378.0325, 33.3829, 756.3301, 441.5552
143431.9841, 6394365.9795, 34.9239, 345.8878, 366.2440
143441.1966, 6394373.1024, 34.8972, 789.2961, 369.0450
143439.7017, 6394368.5991, 34.7205, 830.9550, 375.1527
143440.5021, 6394371.1163, 34.7241, 803.9391, 377.0654
143441.1429, 6394373.1275, 34.6931, 786.3021, 380.1534
143437.8874, 6394378.4989, 32.7853, 540.4219, 477.1054
143434.9945, 6394363.0315, 33.5314, 680.9140, 486.1097
143436.0340, 6394368.5431, 33.0105, 607.6349, 498.9592
143435.1591, 6394363.0157, 33.3800, 696.2682, 499.7376
143435.1591, 6394363.0157, 33.3800, 696.2682, 499.7376
143435.9632, 6394368.4869, 32.9644, 604.3158, 502.6364
143435.8585, 6394372.0310, 32.7415, 530.9151, 502.9437
143435.0686, 6394362.9972, 33.3495, 689.0635, 503.1585
143433.4925, 6394367.9783, 33.0859, 442.0380, 505.2430
143435.1209, 6394362.9710, 33.2913, 694.7236, 508.5630
143438.0535, 6394368.1242, 32.7278, 747.9312, 513.1227
143433.5554, 6394367.9691, 32.9444, 447.1558, 515.5235
143429.7751, 6394369.4988, 36.1073, 137.2838, 287.8071
143429.7751, 6394369.4988, 36.1073, 137.2838, 287.8071
143437.5394, 6394362.6055, 35.4715, 910.4108, 297.8339
143437.6708, 6394362.0511, 35.3315, 949.1317, 307.4800
143438.2191, 6394364.0625, 35.3730, 896.8734, 314.7978
143438.2191, 6394364.0625, 35.3730, 896.8734, 314.7978
143438.2191, 6394364.0625, 35.3730, 896.8734, 314.7978
143439.6770, 6394369.0930, 34.4870, 814.9836, 390.8574
143436.5536, 6394362.6100, 33.0811, 832.4874, 523.5317
143436.6767, 6394362.0598, 33.0692, 868.1149, 528.0869
143436.7795, 6394362.4844, 33.0162, 857.1053, 529.3396
143436.6602, 6394362.0690, 33.0403, 866.3111, 530.8889
143436.7295, 6394362.0309, 33.0224, 874.0968, 532.5363
143430.9541, 6394368.5133, 32.8005, 244.6096, 533.9492
143430.9541, 6394368.5133, 32.8005, 244.6096, 533.9492
143431.2722, 6394368.0157, 32.7571, 273.3165, 539.0676
143440.5182, 6394398.9510, 34.6742, 450.0112, 393.8589
143431.2722, 6394368.0157, 32.7571, 273.3165, 539.0676
143433.2199, 6394367.0168, 32.6918, 438.0720, 541.9400
143433.2199, 6394367.0168, 32.6918, 438.0720, 541.9400
143433.0954, 6394367.0089, 32.6779, 428.5858, 543.6672
143432.8549, 6394366.5293, 32.7056, 417.1776, 546.0811
143432.8549, 6394366.5293, 32.7056, 417.1776, 546.0811
143432.7804, 6394366.5155, 32.6967, 411.4294, 547.2623
143432.7804, 6394366.5155, 32.6967, 411.4294, 547.2623
143432.5007, 6394366.0276, 32.7259, 395.9651, 550.0133
143432.5007, 6394366.0276, 32.7259, 395.9651, 550.0133
143432.4150, 6394366.0300, 32.7110, 388.8112, 551.6761
143432.4150, 6394366.0300, 32.7110, 388.8112, 551.6761
143436.2262, 6394364.5464, 32.5939, 732.1180, 553.4612
143432.3004, 6394366.0095, 32.6924, 379.5437, 553.9960
143432.3004, 6394366.0095, 32.6924, 379.5437, 553.9960
143434.2759, 6394364.9915, 32.6129, 563.8248, 558.5938
143435.8755, 6394363.5002, 32.5647, 741.1687, 567.0992
143432.6855, 6394363.5042, 32.3916, 459.4481, 603.8888
143432.5275, 6394363.4881, 32.2520, 445.2049, 618.6650
143440.5182, 6394398.9510, 34.6742, 450.0112, 393.8589
143442.8112, 6394404.4516, 34.3742, 477.0359, 401.2349
143442.2745, 6394397.9746, 34.0480, 505.8584, 410.2448
143430.3834, 6394366.9708, 38.3439, 185.6298, 80.8816
143434.6631, 6394364.9777, 37.9061, 582.9376, 101.0129
143437.6731, 6394362.5477, 37.5324, 921.4009, 103.6429
143429.9003, 6394366.9940, 37.6565, 145.1441, 138.5992
143438.2250, 6394364.5434, 37.2119, 874.8268, 165.0660
143438.1895, 6394364.5735, 37.1533, 871.0940, 170.2408
143437.6405, 6394368.5520, 37.7290, 702.7519, 171.5411
143437.6405, 6394368.5520, 37.7290, 702.7519, 171.5411
143436.0323, 6394369.5291, 37.7762, 577.5009, 175.3867
143434.1048, 6394368.0404, 37.4547, 474.8313, 178.8143
143434.8030, 6394368.9930, 37.5843, 506.8469, 180.9194
143429.9617, 6394369.5072, 37.3750, 147.5298, 192.8878
143431.3514, 6394371.5057, 37.5982, 241.6811, 198.6831
143438.4785, 6394363.9259, 36.6388, 920.4436, 206.4350
143429.7053, 6394368.9947, 37.0157, 128.8381, 214.7363
143446.1381, 6394368.0686, 36.9970, 1195.5446, 227.0441
143445.5277, 6394366.3468, 36.7586, 1243.5708, 228.9149
143445.5008, 6394366.3725, 36.7554, 1240.8939, 229.3019
143446.0120, 6394367.1016, 36.5965, 1232.6328, 245.3907
143458.7109, 6394383.0063, 45.2735, 1180.7664, 4.7458
143440.4849, 6394371.6106, 33.8234, 791.2852, 429.3429
143442.3180, 6394391.4936, 37.7063, 557.1425, 291.6292
143444.8616, 6394397.9930, 37.7161, 573.0080, 305.1227
143435.7854, 6394385.9642, 36.7841, 375.9273, 311.5618
143438.0383, 6394363.6148, 35.1323, 903.2263, 333.4434
143436.5052, 6394387.9723, 36.7396, 390.0328, 317.7126
143426.5777, 6394410.4522, 48.8714, 21.0629, 40.1486
143426.5777, 6394410.4522, 48.8714, 21.0629, 40.1486
143429.9184, 6394369.9980, 35.3244, 150.4541, 347.5997
143439.6474, 6394369.0986, 35.1608, 812.3197, 347.5244
143431.7516, 6394364.9668, 34.9988, 338.0833, 357.3236
143431.7516, 6394364.9668, 34.9988, 338.0833, 357.3236
143426.5777, 6394410.4522, 48.8714, 21.0629, 40.1486
143428.8161, 6394366.9857, 38.7079, 40.7423, 42.0364
143439.0362, 6394366.6253, 34.7902, 854.6431, 368.0848
143432.3621, 6394376.4832, 34.9723, 281.9131, 378.2619
143439.5035, 6394368.1296, 34.5490, 834.0036, 386.2886
143459.8633, 6394386.0609, 46.0225, 1142.1853, 8.6409
143449.3843, 6394370.7171, 41.3731, 1235.1409, 9.9790
143449.3843, 6394370.7171, 41.3731, 1235.1409, 9.9790
143449.3097, 6394370.0592, 41.2016, 1258.3218, 9.8971
143437.8887, 6394361.9806, 34.2782, 971.9927, 407.6727
143440.5059, 6394371.6060, 34.1484, 792.1267, 410.6815
143440.5059, 6394371.6060, 34.1484, 792.1267, 410.6815
143437.8594, 6394361.9569, 33.4382, 971.7912, 487.6258
143435.3540, 6394362.9206, 33.2344, 717.0770, 513.1125
143436.6732, 6394362.0622, 33.1328, 867.6063, 521.9590
143436.8117, 6394361.9843, 32.9502, 883.4820, 539.4167
143434.2930, 6394363.5404, 32.9220, 604.0558, 543.2984
143437.3813, 6394390.4646, 36.2031, 405.5255, 341.1504
143437.7283, 6394391.4496, 36.1636, 410.9319, 343.7766
143434.3001, 6394363.5009, 35.0197, 600.4789, 347.0975
143434.3001, 6394363.5009, 35.0197, 600.4789, 347.0975
143434.1954, 6394363.5359, 34.9979, 590.1428, 349.4167
143434.3107, 6394363.0266, 34.9520, 616.1878, 351.8720
143434.5969, 6394373.9584, 35.3030, 427.2289, 354.0193
143434.5969, 6394373.9584, 35.3030, 427.2289, 354.0193
143434.3231, 6394363.0233, 34.9232, 617.5070, 354.6415
143434.3231, 6394363.0233, 34.9232, 617.5070, 354.6415
143434.3755, 6394363.4784, 34.9325, 608.1014, 355.1508
143434.3755, 6394363.4784, 34.9325, 608.1014, 355.1508
143435.9733, 6394377.9581, 35.2534, 454.1539, 362.2099
143434.3719, 6394363.0085, 34.8311, 622.6750, 363.4640
143434.4487, 6394362.9819, 34.7574, 630.7317, 370.4182
143440.4754, 6394371.1292, 34.7378, 802.1791, 376.3115
143440.4754, 6394371.1292, 34.7378, 802.1791, 376.3115
143458.8867, 6394384.5978, 45.3791, 1148.3765, 15.5937
143449.2083, 6394404.0301, 34.9572, 632.6113, 382.7538
143449.4361, 6394370.1394, 40.9221, 1260.5039, 27.0258
143449.4361, 6394370.1394, 40.9221, 1260.5039, 27.0258
143449.4361, 6394370.1394, 40.9221, 1260.5039, 27.0258
143449.1744, 6394401.9171, 34.7252, 650.0915, 387.8332
143449.1536, 6394401.9254, 34.6213, 649.5899, 390.4926
143443.3330, 6394397.9985, 34.5792, 534.2524, 394.3758
143449.4679, 6394370.6393, 41.3797, 1241.7765, 8.8312
143443.3330, 6394397.9985, 34.5792, 534.2524, 394.3758
143459.9142, 6394386.4471, 46.0499, 1135.2225, 11.0783
143449.2297, 6394370.1380, 41.1878, 1251.6260, 11.4917
143449.2297, 6394370.1380, 41.1878, 1251.6260, 11.4917
143449.1915, 6394370.2188, 41.0380, 1246.6846, 20.8243
143435.5265, 6394372.9354, 32.8694, 497.7841, 493.1855
143436.0293, 6394373.9978, 32.7473, 510.4582, 495.2692
143436.0153, 6394373.5253, 32.7770, 516.5185, 495.1827
143436.0710, 6394373.0319, 32.7771, 527.0458, 496.6664
143436.3421, 6394368.9728, 32.9888, 618.0655, 497.6406
143435.3637, 6394372.0199, 32.7589, 502.2222, 503.4412
143434.8956, 6394363.0459, 33.3576, 672.0847, 502.9259
143434.1928, 6394368.9501, 32.9939, 476.1995, 504.7786
143434.5719, 6394369.9377, 32.9124, 485.6106, 504.6915
143435.2513, 6394372.0117, 32.7455, 495.7594, 504.6241
143435.6538, 6394371.9996, 32.7244, 519.5692, 504.7101
143435.7485, 6394367.5074, 32.9767, 612.2689, 507.0216
143460.7979, 6394392.9849, 46.7539, 1033.4313, 40.1124
143438.3409, 6394368.9639, 32.5915, 742.5831, 517.1934
143438.3409, 6394368.9639, 32.5915, 742.5831, 517.1934
143434.9473, 6394363.0111, 33.1823, 678.2607, 519.4738
143437.9806, 6394368.5022, 32.6059, 733.1274, 519.7711
143435.2738, 6394362.9455, 33.1424, 709.3610, 522.0110
143433.8102, 6394363.4854, 33.1438, 561.8893, 525.6299
143435.0220, 6394362.9818, 33.0463, 686.1894, 532.1454
143437.8973, 6394363.1254, 32.7926, 917.5726, 538.8603
143433.4331, 6394366.5032, 32.6629, 463.6572, 546.8688
143433.4331, 6394366.5032, 32.6629, 463.6572, 546.8688
143429.2869, 6394366.4936, 32.9055, 108.9003, 547.8766
143429.1899, 6394365.9948, 32.9410, 99.2128, 549.3685
143434.1422, 6394365.5077, 32.6245, 540.5460, 554.0600
143431.1144, 6394364.5169, 32.7019, 291.9708, 573.6073
143435.6476, 6394363.0201, 32.5574, 740.0338, 573.8643
143435.7901, 6394362.5396, 32.5287, 771.3264, 580.7032
143430.5804, 6394364.5135, 32.6216, 240.3747, 584.6552
143430.5804, 6394364.5135, 32.6216, 240.3747, 584.6552
143435.5630, 6394362.5352, 32.4268, 751.8890, 591.9836
143432.9365, 6394363.5047, 32.3901, 483.1077, 602.2377
143432.6208, 6394363.5047, 32.3716, 453.3569, 606.2678
143429.2259, 6394364.9785, 32.3945, 104.2792, 609.9946
143429.0632, 6394364.9741, 32.3672, 87.8083, 613.8187
143449.4950, 6394370.1361, 40.7475, 1263.1718, 36.8666
143449.4950, 6394370.1361, 40.7475, 1263.1718, 36.8666
143442.5175, 6394397.9760, 33.9640, 512.6246, 412.4373
143444.3459, 6394399.4412, 33.5351, 551.0220, 422.5699
143441.0485, 6394373.0919, 33.7877, 783.5003, 429.0987
143442.1419, 6394377.4220, 33.5423, 742.1526, 435.8576
143426.0472, 6394409.4914, 48.6522, 4.6978, 39.1086
143442.1419, 6394377.4220, 33.5423, 742.1526, 435.8576
143441.0928, 6394373.5670, 33.5452, 774.8973, 441.4850
143443.5840, 6394368.0778, 33.3312, 1066.0100, 457.1610
143436.6957, 6394376.4512, 33.1308, 510.5657, 467.0901
143436.6957, 6394376.4512, 33.1308, 510.5657, 467.0901
143434.4633, 6394362.9756, 33.6075, 635.1620, 481.4438
143438.9326, 6394370.6151, 32.9273, 733.9322, 487.7167
143438.7652, 6394370.1113, 32.9604, 737.0032, 487.8085
143433.8061, 6394363.5291, 33.4920, 559.3550, 492.5795
143435.8696, 6394373.9480, 32.7750, 502.4848, 494.3273
143433.7834, 6394363.5343, 33.4663, 557.2293, 495.0790
143433.7834, 6394363.5343, 33.4663, 557.2293, 495.0790
143433.7834, 6394363.5343, 33.4663, 557.2293, 495.0790
143433.7834, 6394363.5343, 33.4663, 557.2293, 495.0790
143435.3475, 6394362.9386, 33.4096, 715.4653, 496.5110
143436.3101, 6394373.0078, 32.7573, 540.7025, 497.2073
143435.1774, 6394363.0105, 33.4093, 697.9932, 496.9211
143433.5929, 6394367.9623, 33.1778, 449.4141, 498.1317
143434.8792, 6394363.0751, 33.4097, 669.5126, 497.9090
143437.7115, 6394371.5389, 32.7007, 645.3718, 501.6566
143426.0472, 6394409.4914, 48.6522, 4.6978, 39.1086
143435.9832, 6394372.4796, 32.7191, 530.8810, 502.2263
143432.3154, 6394366.4571, 38.4876, 356.4421, 67.5748
143430.0677, 6394366.9724, 38.3436, 157.4851, 79.5890
143430.2944, 6394366.9722, 38.3572, 177.6770, 79.3857
143429.5699, 6394366.9817, 38.3142, 112.5126, 80.1765
143432.4445, 6394365.9471, 38.1632, 375.5121, 86.7029
143437.5815, 6394362.0737, 37.5806, 937.7343, 89.4343
143431.8572, 6394365.9614, 38.0866, 324.4898, 91.2292
143435.9832, 6394372.4796, 32.7191, 530.8810, 502.2263
143432.3229, 6394364.0406, 37.6627, 396.6206, 96.5105
143434.9201, 6394363.0356, 33.3442, 674.6344, 504.1407
143435.0223, 6394363.0146, 33.3362, 684.3986, 504.5268
143431.3946, 6394366.4903, 38.0914, 278.4695, 98.2373
143428.6768, 6394365.5073, 37.7456, 24.0271, 100.8308
143437.5427, 6394362.6185, 37.5603, 907.2623, 101.7729
143430.4281, 6394366.4959, 37.9408, 193.1073, 107.7310
143430.4281, 6394366.4959, 37.9408, 193.1073, 107.7310
143428.5565, 6394365.5007, 37.6117, 12.1600, 113.1707
143428.5565, 6394365.5007, 37.6117, 12.1600, 113.1707
143435.7111, 6394371.5091, 32.7123, 530.9244, 507.1989
143429.8244, 6394366.9920, 37.9276, 137.2194, 114.9191
143429.8244, 6394366.9920, 37.9276, 137.2194, 114.9191
143432.9544, 6394363.9896, 37.4936, 457.9538, 114.6033
143428.6651, 6394365.5143, 37.5650, 23.7504, 118.3706
143428.6651, 6394365.5143, 37.5650, 23.7504, 118.3706
143432.6279, 6394364.0484, 37.4573, 426.2139, 117.8783
143428.7753, 6394365.9994, 37.6269, 37.2363, 121.4624
143438.0538, 6394368.1231, 32.7763, 747.9077, 509.8236
143433.5375, 6394367.9775, 32.9973, 445.5707, 511.6330
143435.3581, 6394370.5238, 32.7265, 526.1724, 511.6093
143434.1095, 6394362.9530, 33.3169, 604.3185, 511.2837
143434.7223, 6394363.1004, 33.2441, 655.1515, 514.1691
143435.2243, 6394370.0217, 32.7138, 526.5467, 515.1678
143435.2243, 6394370.0217, 32.7138, 526.5467, 515.1678
143433.1509, 6394366.9981, 32.6858, 433.0488, 542.8605
143433.1509, 6394366.9981, 32.6858, 433.0488, 542.8605
143430.3238, 6394364.5138, 32.6187, 214.9777, 586.6496
143458.4394, 6394394.0764, 43.6834, 960.6597, 130.1226
143438.4769, 6394363.4624, 37.4343, 940.5969, 131.2355
143426.2839, 6394409.9929, 48.7593, 12.1929, 39.7871
143448.3218, 6394371.6799, 39.0331, 1154.0996, 143.7451
143458.3113, 6394394.5934, 43.0714, 949.9678, 149.6106
143433.3820, 6394366.0254, 37.4174, 455.2845, 155.1696
143433.3820, 6394366.0254, 37.4174, 455.2845, 155.1696
143433.3820, 6394366.0254, 37.4174, 455.2845, 155.1696
143450.1014, 6394376.9134, 39.6786, 1062.4869, 157.3008
143428.8014, 6394366.9876, 38.6976, 39.4025, 42.9148
143426.2839, 6394409.9929, 48.7593, 12.1929, 39.7871
143449.1804, 6394375.6096, 39.0372, 1064.3171, 175.8296
143434.2458, 6394368.5483, 37.4528, 476.2058, 184.7146
143449.2617, 6394376.4750, 38.7324, 1043.6017, 195.4230
143448.8811, 6394375.5277, 38.5050, 1055.3396, 199.5360
143448.8811, 6394375.5277, 38.5050, 1055.3396, 199.5360
143446.4433, 6394368.0713, 37.3971, 1210.3889, 202.7489
143429.8207, 6394369.4967, 36.9282, 137.9922, 226.1994
143446.3243, 6394368.6493, 37.0821, 1180.0260, 226.1734
143435.7670, 6394373.5398, 37.4717, 494.1533, 227.4779
143445.4382, 6394366.4244, 36.8053, 1235.0702, 226.3105
143454.1576, 6394388.0872, 39.3671, 950.0309, 229.9424
143445.8261, 6394367.7023, 36.7753, 1196.0117, 237.9934
143430.3834, 6394370.4938, 36.6380, 179.9276, 255.7249
143438.1219, 6394364.6257, 36.0711, 865.5102, 260.2398
143438.1219, 6394364.6257, 36.0711, 865.5102, 260.2398
143438.1345, 6394364.6181, 35.9246, 866.9210, 272.2534
143438.1345, 6394364.6181, 35.9246, 866.9210, 272.2534
143445.4313, 6394366.1406, 35.9222, 1248.6176, 283.5908
143432.3328, 6394364.0142, 37.8918, 397.2405, 73.6276
143459.6309, 6394390.6536, 45.0243, 1046.0264, 73.2903
143436.9377, 6394364.4888, 38.4478, 778.7205, 54.6957
143432.4296, 6394364.0100, 37.8020, 406.9093, 82.7885
143437.6221, 6394362.5427, 37.7269, 917.2321, 84.8573
143429.3837, 6394367.0042, 38.2045, 95.9083, 89.3696
143459.7380, 6394392.4673, 45.2327, 1017.1954, 78.6953
143430.0808, 6394366.9743, 38.3332, 158.7032, 80.5756
143429.0189, 6394367.0070, 38.2559, 61.8802, 83.3812
143437.9118, 6394361.9618, 37.6024, 971.1810, 86.5892
143429.6369, 6394366.9777, 38.2037, 119.0849, 90.0051
143431.9991, 6394365.9500, 38.0966, 337.0494, 90.7301
143457.9763, 6394388.4517, 43.8880, 1044.6470, 91.4896
143458.9598, 6394392.0763, 44.3485, 1005.0772, 100.9280
143428.8081, 6394366.0035, 37.4416, 41.4018, 138.9482
143446.9255, 6394368.1740, 38.1201, 1229.2852, 160.0955
143438.7498, 6394363.8423, 36.7609, 944.0209, 195.5539
143446.1814, 6394368.1230, 37.1715, 1195.3087, 216.7305
143430.3693, 6394370.9910, 36.1966, 178.8861, 289.6676
143438.6042, 6394366.1374, 35.7074, 842.4123, 298.8438
143446.1814, 6394368.1230, 37.1715, 1195.3087, 216.7305
143438.4867, 6394365.6122, 35.6149, 853.6988, 303.1573
143446.0084, 6394367.6256, 36.6211, 1208.5793, 247.3017
143446.0084, 6394367.6256, 36.6211, 1208.5793, 247.3017
143446.0084, 6394367.6256, 36.6211, 1208.5793, 247.3017
143437.8708, 6394362.0163, 35.8016, 966.9141, 262.0467
143437.8708, 6394362.0163, 35.8016, 966.9141, 262.0467
143459.5261, 6394394.1278, 44.9478, 985.3108, 96.2178
143457.7760, 6394388.0396, 43.4855, 1047.3107, 101.3140
143437.7855, 6394362.0943, 37.3694, 953.9239, 111.3291
143428.8715, 6394365.9909, 37.5760, 47.0224, 126.4160
143438.4776, 6394363.4612, 37.4387, 940.6971, 130.8286
143458.0792, 6394391.1550, 42.7759, 999.2525, 141.1465
143438.2319, 6394364.5718, 35.4974, 876.3855, 307.0944
143432.0200, 6394375.4840, 35.7640, 266.5475, 333.2909
143432.0200, 6394375.4840, 35.7640, 266.5475, 333.2909
143431.8272, 6394375.4870, 36.0441, 254.7724, 317.6475
143458.2957, 6394394.6050, 43.0621, 949.4238, 149.9103
143428.5940, 6394365.5139, 37.2080, 18.1665, 152.5581
143431.4506, 6394373.9862, 35.8481, 240.1912, 324.2912
143439.4629, 6394368.1408, 35.3686, 830.2408, 331.1659
143439.6739, 6394369.0941, 35.3650, 813.7359, 334.3135
143434.2692, 6394363.5065, 35.1175, 597.3015, 337.9093
143434.2692, 6394363.5065, 35.1175, 597.3015, 337.9093
143440.6932, 6394371.6149, 35.3931, 800.2212, 338.9667
143431.6495, 6394364.9768, 35.1479, 328.0043, 343.8483
143431.3480, 6394364.4944, 35.1043, 305.5616, 346.4581
143438.8212, 6394366.1412, 35.0275, 857.5452, 349.7437
143449.6671, 6394376.5883, 39.3550, 1055.4110, 168.7836
143446.9352, 6394368.5332, 37.8591, 1214.1796, 179.2839
143446.9352, 6394368.5332, 37.8591, 1214.1796, 179.2839
143447.7123, 6394371.0667, 38.1850, 1149.9114, 182.9872
143446.9031, 6394369.1810, 37.7517, 1185.6616, 191.1381
143446.1276, 6394367.1819, 37.4043, 1234.7377, 194.3086
143438.4872, 6394363.9201, 36.7063, 921.2617, 200.6200
143438.4872, 6394363.9201, 36.7063, 921.2617, 200.6200
143438.3395, 6394363.9624, 36.6900, 908.4914, 202.2256
143430.3441, 6394370.5113, 37.3162, 174.8000, 207.6363
143438.2236, 6394364.0286, 36.5990, 897.1318, 210.5386
143438.2236, 6394364.0286, 36.5990, 897.1318, 210.5386
143439.0403, 6394366.6222, 34.7805, 855.0239, 368.7744
143448.6983, 6394376.6237, 38.2313, 1018.6832, 218.2541
143448.4079, 6394375.6023, 38.0788, 1035.1295, 219.2907
143445.2119, 6394366.6109, 36.9351, 1214.1686, 218.9054
143445.2943, 6394366.5518, 36.8341, 1221.3376, 225.2426
143435.7766, 6394373.5351, 37.4918, 494.7170, 226.2949
143433.1597, 6394369.4617, 35.1117, 391.9987, 358.0661
143433.1597, 6394369.4617, 35.1117, 391.9987, 358.0661
143448.4224, 6394376.1002, 37.9654, 1022.1874, 227.2430
143431.7504, 6394374.9785, 35.0074, 255.3684, 375.3709
143440.8308, 6394372.1223, 34.6914, 795.1865, 379.6316
143454.1720, 6394388.0797, 39.3555, 950.5648, 230.2949
143434.0461, 6394380.9637, 34.8667, 338.5007, 385.3030
143446.0707, 6394368.1354, 36.9305, 1189.3473, 231.5529
143445.1655, 6394366.6829, 36.6966, 1208.3413, 235.2495
143434.0461, 6394380.9637, 34.8667, 338.5007, 385.3030
143445.1655, 6394366.6829, 36.6966, 1208.3413, 235.2495
143445.8339, 6394367.6980, 36.7541, 1196.5942, 239.3042
143437.8837, 6394361.9850, 33.8261, 971.8497, 450.6439
143433.8110, 6394380.9940, 34.7222, 327.7456, 392.1502
143445.3474, 6394366.5325, 36.5987, 1225.0808, 240.7999
143453.5637, 6394387.0635, 38.7447, 951.7534, 246.3539
143440.1246, 6394368.4295, 36.4284, 859.0890, 261.5804
143441.8955, 6394402.4442, 34.5379, 465.7779, 397.3541
143441.8955, 6394402.4442, 34.5379, 465.7779, 397.3541
143436.1385, 6394387.4649, 34.4088, 382.9233, 404.1112
143437.0375, 6394389.4674, 34.3015, 402.5051, 407.1813
143441.4624, 6394389.0334, 37.6210, 553.3882, 288.1788
143441.4624, 6394389.0334, 37.6210, 553.3882, 288.1788
143437.7137, 6394362.0208, 35.4521, 954.1185, 295.6750
143437.7137, 6394362.0208, 35.4521, 954.1185, 295.6750
143443.6320, 6394368.0350, 33.2052, 1070.2780, 465.0525
143443.6320, 6394368.0350, 33.2052, 1070.2780, 465.0525
143426.2797, 6394409.9644, 48.4526, 12.4431, 47.6834
143435.3264, 6394362.9508, 33.4504, 713.0872, 492.6920
143435.3264, 6394362.9508, 33.4504, 713.0872, 492.6920
143428.6140, 6394365.5058, 33.4939, 38.4058, 505.3279
143434.2072, 6394363.0280, 32.7626, 612.3811, 563.4646
143434.2043, 6394368.9585, 33.2998, 476.1461, 483.3012
143437.3988, 6394365.5957, 32.9513, 782.4197, 512.1737
143437.4483, 6394367.4962, 32.5955, 727.3223, 527.8399
143436.8553, 6394362.4379, 32.9637, 865.6483, 534.2076
143434.8979, 6394367.0042, 32.6385, 564.2478, 538.4540
143462.4815, 6394395.5749, 48.0506, 1029.6481, 24.3572
143433.5833, 6394365.5018, 32.6611, 495.2415, 553.9873
143433.5584, 6394364.5266, 32.6404, 514.6697, 564.3395
143460.3401, 6394392.0260, 46.1112, 1038.9785, 51.4036
143460.3401, 6394392.0260, 46.1112, 1038.9785, 51.4036
143429.0944, 6394366.9913, 38.5603, 67.5523, 56.6052
143432.5155, 6394363.9690, 38.0298, 415.1077, 60.0936
143460.1322, 6394392.5242, 45.8822, 1025.5466, 60.9428
143436.7242, 6394364.9312, 38.4761, 746.5475, 59.8110
143436.2032, 6394362.4533, 32.1177, 811.3093, 617.7684
143460.1322, 6394392.5242, 45.8822, 1025.5466, 60.9428
143429.7989, 6394366.9737, 38.3659, 133.1569, 76.5184
143435.8361, 6394364.9607, 38.1449, 677.4119, 84.7179
143436.2209, 6394364.4817, 38.0778, 723.5924, 83.5014
143437.0116, 6394364.4301, 38.1146, 787.1531, 82.7184
143437.4211, 6394363.9950, 38.0467, 835.8137, 82.4379
143437.9614, 6394363.9524, 38.0637, 878.8692, 82.4847
143431.3669, 6394366.4893, 38.2040, 275.6650, 88.3993
143434.0260, 6394365.4468, 38.0836, 518.4098, 91.2014
143430.4161, 6394366.4731, 38.0520, 191.6817, 97.5099
143431.7060, 6394365.9980, 37.9067, 311.3571, 107.1001
143431.1354, 6394366.4904, 37.9082, 256.4176, 113.1011
143430.1228, 6394366.4995, 37.7601, 165.9935, 122.5928
143447.6218, 6394370.6057, 38.3415, 1162.8721, 170.5295
143448.1053, 6394374.4845, 37.4786, 1055.2239, 241.3398
143437.9742, 6394361.9566, 35.5395, 978.9001, 286.8041
143430.1770, 6394370.4940, 36.0397, 166.5901, 298.1041
143430.1770, 6394370.4940, 36.0397, 166.5901, 298.1041
143432.7471, 6394377.9781, 36.1878, 291.2133, 317.4151
143433.4650, 6394379.9738, 36.1046, 315.2793, 326.6794
143432.5259, 6394367.4599, 35.1893, 370.4963, 347.7631
143437.6176, 6394390.9625, 34.3599, 412.5597, 404.6425
143437.3245, 6394362.3462, 33.0233, 908.7011, 526.8176
143435.0810, 6394367.0166, 32.6597, 577.1964, 535.9627
143462.4646, 6394395.6040, 47.9912, 1028.8240, 26.1207
143434.8905, 6394365.4658, 38.4510, 587.3281, 63.6846
143433.8708, 6394365.9557, 38.4289, 493.8235, 70.1412
143461.7749, 6394396.5080, 46.4753, 999.8416, 71.1394
143429.2163, 6394366.9984, 37.7597, 82.3469, 127.5079
143438.4793, 6394363.9328, 36.9351, 919.8480, 181.2015
143447.0505, 6394369.0577, 37.8770, 1197.6162, 182.9597
143429.8262, 6394369.0045, 36.4814, 140.5627, 256.1503
143430.6487, 6394371.9966, 36.4637, 194.6312, 277.1310
143432.4417, 6394366.4264, 38.5250, 367.3654, 64.3850
143437.1896, 6394364.4013, 38.3004, 801.6027, 66.9126
143431.5531, 6394374.4876, 36.3194, 242.8455, 298.1674
143428.7417, 6394366.5014, 35.2350, 47.2864, 344.9102
143431.2229, 6394364.5086, 34.8253, 294.3888, 373.1771
143435.8363, 6394365.4570, 38.4399, 661.8080, 68.6732
143437.7674, 6394361.9875, 37.7755, 957.5797, 69.4441
143459.7724, 6394390.5349, 45.0890, 1051.6479, 70.8079
143431.7751, 6394366.4373, 38.4026, 310.9023, 72.0740
143429.6469, 6394366.9627, 38.3964, 119.2036, 72.9879
143432.5992, 6394363.9819, 37.9008, 423.2881, 73.3994
143433.4571, 6394364.4102, 38.0350, 493.0026, 73.5585
143432.2512, 6394364.0243, 37.8726, 389.2770, 75.3141
143429.6645, 6394366.9729, 38.3492, 121.0086, 77.3708
143429.3195, 6394367.4620, 38.4223, 89.7755, 78.5372
143429.3195, 6394367.4620, 38.4223, 89.7755, 78.5372
143429.2689, 6394367.4849, 38.4069, 85.3260, 80.0484
143432.4379, 6394366.4897, 38.2969, 366.8953, 84.8529
143432.6121, 6394363.9956, 37.7732, 424.6758, 86.1725
143429.8427, 6394366.9896, 38.2521, 137.5695, 86.8699
143437.7192, 6394362.0411, 37.6098, 950.9168, 86.5692
143430.0699, 6394366.9902, 38.2612, 157.9700, 87.0279
143459.3792, 6394392.5095, 44.8520, 1007.9281, 89.4225
143437.6236, 6394362.0633, 37.5510, 941.8372, 92.3263
143437.6236, 6394362.0633, 37.5510, 941.8372, 92.3263
143432.4804, 6394365.9590, 38.0813, 378.6832, 94.1851
143437.7244, 6394363.9307, 37.8925, 861.9989, 96.0510
143437.6456, 6394362.5475, 37.6079, 919.0726, 96.3585
143437.6456, 6394362.5475, 37.6079, 919.0726, 96.3585
143435.2519, 6394364.9935, 37.9517, 630.3475, 99.6111
143429.0780, 6394366.9742, 38.0227, 68.3091, 103.5495
143459.0122, 6394393.5245, 44.5309, 982.7182, 103.9413
143430.3187, 6394366.4929, 37.9359, 183.2120, 107.6919
143428.7936, 6394365.9963, 37.7104, 38.6462, 113.6655
143428.7936, 6394365.9963, 37.7104, 38.6462, 113.6655
143437.9686, 6394362.5359, 37.4202, 946.0764, 115.2186
143450.3696, 6394374.4558, 40.0564, 1143.9552, 121.0759
143438.6202, 6394363.9104, 37.4015, 930.6958, 141.3589
143433.2485, 6394365.5220, 37.4201, 453.5775, 147.3978
143457.8213, 6394392.6379, 42.7151, 968.4749, 150.0233
143458.0513, 6394394.5364, 42.7172, 944.7456, 158.9846
143438.7193, 6394363.8511, 37.1599, 940.9456, 161.4850
143449.8766, 6394377.0927, 39.5241, 1049.5377, 165.0433
143457.0552, 6394382.1500, 43.7854, 1154.1843, 46.9479
143437.6661, 6394362.0862, 37.4534, 944.3171, 102.4974
143429.6462, 6394368.5051, 35.5277, 129.7735, 327.3790
143437.9816, 6394361.9492, 32.9338, 982.6944, 534.7229
143429.0006, 6394366.9981, 37.2205, 64.6601, 174.0172
143437.7803, 6394362.5974, 35.1757, 930.6042, 325.1525
143457.3598, 6394392.0675, 41.7937, 966.4966, 173.7943
143434.1345, 6394368.5191, 37.5032, 468.6829, 180.5068
143439.6891, 6394369.0796, 34.8629, 815.6327, 366.6404
143434.5034, 6394368.9869, 37.5393, 486.5149, 183.5135
143434.5034, 6394368.9869, 37.5393, 486.5149, 183.5135
143433.6404, 6394370.5316, 37.7255, 404.8330, 184.5712
143439.6891, 6394369.0796, 34.8629, 815.6327, 366.6404
143433.6768, 6394367.0174, 32.6965, 473.0699, 539.4603
143434.5258, 6394363.0823, 33.0298, 638.7460, 535.6355
143434.5258, 6394363.0823, 33.0298, 638.7460, 535.6355
143434.0468, 6394363.5892, 32.6815, 581.4533, 566.5900
143433.6219, 6394370.9848, 37.7855, 397.8852, 184.8914
143433.6219, 6394370.9848, 37.7855, 397.8852, 184.8914
143446.3043, 6394367.6550, 37.6047, 1221.9602, 186.0752
143446.8327, 6394368.6413, 37.7553, 1204.6989, 186.2981
143446.8327, 6394368.6413, 37.7553, 1204.6989, 186.2981
143446.8327, 6394368.6413, 37.7553, 1204.6989, 186.2981
143429.8095, 6394369.0090, 37.3811, 135.9630, 186.8008
143434.5777, 6394369.4983, 37.5427, 482.9754, 188.5686
143434.2480, 6394369.0332, 37.4593, 468.2765, 189.2506
143446.2959, 6394367.6738, 37.5366, 1220.7019, 190.5044
143446.2959, 6394367.6738, 37.5366, 1220.7019, 190.5044
143446.2023, 6394367.6325, 37.4025, 1217.9011, 198.4395
143446.2023, 6394367.6325, 37.4025, 1217.9011, 198.4395
143447.4169, 6394370.5444, 37.7912, 1156.1315, 200.1886
143446.3544, 6394368.1435, 37.4338, 1202.8950, 200.9633
143447.1720, 6394370.1447, 37.6988, 1160.1719, 202.0785
143440.0561, 6394368.3886, 37.2396, 855.4971, 207.1899
143433.3030, 6394364.4829, 37.6590, 478.7213, 109.2428
143448.6274, 6394375.0715, 38.2820, 1058.5532, 206.8798
143429.5519, 6394368.4957, 37.0293, 116.2573, 208.4799
143448.6553, 6394375.5412, 38.2366, 1046.3463, 211.8354
143456.7482, 6394388.1369, 42.1726, 1018.5717, 142.3329
143435.4179, 6394371.5437, 37.4639, 503.7018, 213.0265
143440.0061, 6394368.4109, 37.1413, 851.9559, 213.8855
143440.0061, 6394368.4109, 37.1413, 851.9559, 213.8855
143435.7251, 6394372.5025, 37.5264, 506.9065, 216.8701
143447.4776, 6394371.6183, 37.7731, 1120.1912, 208.8940
143445.4304, 6394366.4132, 36.9358, 1235.1945, 217.4981
143435.4002, 6394372.5583, 37.5107, 487.2073, 217.8917
143445.2931, 6394366.5386, 36.9352, 1221.9025, 218.4058
143447.4776, 6394371.6183, 37.7731, 1120.1912, 208.8940
143438.1708, 6394361.8642, 34.3652, 1001.2178, 398.6411
143435.4531, 6394373.0451, 37.5096, 483.3168, 221.5468
143446.1199, 6394368.1552, 37.0731, 1190.9114, 222.9682
143446.0630, 6394368.1334, 36.9962, 1189.0472, 227.4909
143445.1450, 6394366.6860, 36.8154, 1207.1003, 227.3808
143431.1828, 6394373.4888, 37.2942, 221.8919, 233.8223
143460.1840, 6394387.0333, 46.2282, 1129.8575, 10.7176
143446.7135, 6394369.5557, 37.0431, 1161.9502, 234.9199
143458.6660, 6394383.9918, 44.9570, 1156.2156, 24.4199
143453.8970, 6394387.5428, 39.0710, 952.4705, 237.4489
143438.1671, 6394378.4658, 37.8330, 546.3925, 239.3016
143438.1671, 6394378.4658, 37.8330, 546.3925, 239.3016
143437.1956, 6394364.4686, 37.4661, 800.8461, 139.7460
143436.9860, 6394379.5103, 37.8621, 480.2797, 242.5745
143448.3052, 6394376.6291, 37.6465, 1003.9181, 244.2721
143431.6565, 6394374.9924, 37.2785, 244.2415, 244.8824
143430.3422, 6394370.4873, 36.7230, 176.6315, 249.6167
143438.8152, 6394381.0205, 37.5572, 542.6160, 263.8626
143438.7039, 6394381.5398, 37.5824, 531.8114, 264.8285
143439.4675, 6394383.0299, 37.6411, 545.2646, 268.2635
143439.4675, 6394383.0299, 37.6411, 545.2646, 268.2635
143439.7365, 6394369.0399, 36.3670, 817.7740, 269.1513
143439.8283, 6394384.0583, 37.6249, 547.5969, 272.6794
143439.8283, 6394384.0583, 37.6249, 547.5969, 272.6794
143439.8585, 6394384.5192, 37.5817, 543.7074, 275.9680
143440.4787, 6394389.0057, 37.7899, 520.5794, 282.1535
143440.4787, 6394389.0057, 37.7899, 520.5794, 282.1535
143441.1237, 6394387.5421, 37.6290, 557.0091, 283.7222
143439.6439, 6394389.5013, 37.7649, 488.0284, 284.3725
143439.6439, 6394389.5013, 37.7649, 488.0284, 284.3725
143437.8106, 6394362.0115, 35.5544, 962.4919, 285.7632
143437.8106, 6394362.0115, 35.5544, 962.4919, 285.7632
143441.6429, 6394389.0149, 37.6364, 559.5355, 287.5970
143441.6429, 6394389.0149, 37.6364, 559.5355, 287.5970
143441.2042, 6394389.0169, 37.6163, 544.9754, 288.2910
143438.2812, 6394367.4811, 37.7749, 774.0107, 157.7899
143441.2042, 6394389.0169, 37.6163, 544.9754, 288.2910
143437.4800, 6394362.6342, 35.5525, 904.1074, 290.4826
143435.4539, 6394385.4668, 37.2515, 365.4064, 291.7505
143460.9310, 6394392.5196, 46.9101, 1044.4414, 32.7059
143449.4489, 6394370.5730, 40.9213, 1243.5924, 32.9112
143449.4298, 6394370.1904, 40.7698, 1258.1460, 36.1311
143460.7652, 6394392.4690, 46.7313, 1041.4052, 37.2037
143460.7652, 6394392.4690, 46.7313, 1041.4052, 37.2037
143449.6144, 6394370.4510, 40.8102, 1255.5306, 37.9293
143458.6330, 6394384.6507, 45.0564, 1140.2688, 26.4945
143460.9751, 6394393.5079, 46.8303, 1028.8683, 41.7339
143460.5336, 6394392.4611, 46.3632, 1036.1045, 47.3399
143460.4262, 6394392.5778, 46.2157, 1031.5946, 52.1748
143437.6458, 6394362.4958, 38.0770, 921.0308, 50.6127
143437.6458, 6394362.4958, 38.0770, 921.0308, 50.6127
143432.8184, 6394363.9597, 38.1064, 443.8258, 54.0307
143432.8704, 6394363.9682, 38.1132, 448.5294, 53.8400
143433.3879, 6394379.4895, 36.6045, 313.5798, 301.3645
143439.5657, 6394369.1274, 35.8446, 805.9342, 303.4769
143460.1933, 6394392.6123, 46.0799, 1025.4775, 55.9272
143460.2855, 6394393.0115, 45.9737, 1021.0368, 61.6693
143429.2336, 6394367.4773, 38.5941, 81.3456, 63.7621
143429.2336, 6394367.4773, 38.5941, 81.3456, 63.7621
143429.1468, 6394366.9956, 38.4646, 72.8601, 65.3692
143437.6516, 6394362.0511, 37.8140, 944.4984, 66.4376
143436.8541, 6394364.9336, 38.3995, 756.4702, 66.9181
143432.2443, 6394364.0178, 37.9458, 388.4608, 67.9604
143431.8508, 6394366.4447, 38.4501, 317.1783, 68.4672
143432.3580, 6394366.4549, 38.4673, 360.1279, 69.4425
143429.2290, 6394367.4708, 38.5259, 81.2046, 69.4500
143429.5687, 6394366.9568, 38.4261, 111.9286, 69.9374
143459.7985, 6394391.9987, 45.2791, 1026.5669, 74.5494
143433.9708, 6394365.9661, 38.3673, 501.8771, 75.9768
143429.6128, 6394366.9779, 38.3301, 116.3642, 78.9024
143429.2542, 6394367.4787, 38.3424, 84.2553, 85.3783
143437.6735, 6394362.0549, 37.6078, 946.3824, 86.8321
143429.4691, 6394367.0038, 38.2098, 103.7279, 89.2509
143429.5100, 6394366.9821, 38.2058, 107.4758, 89.3855
143431.7444, 6394365.9671, 38.0979, 314.4360, 89.8621
143431.7444, 6394365.9671, 38.0979, 314.4360, 89.8621
143454.2380, 6394377.0696, 43.3523, 1202.3931, 8.3891
143458.9905, 6394384.5046, 45.4033, 1153.3361, 14.1931
143459.3559, 6394391.4652, 44.6199, 1025.0913, 89.9184
143458.9905, 6394384.5046, 45.4033, 1153.3361, 14.1931
143459.3559, 6394391.4652, 44.6199, 1025.0913, 89.9184
143437.8458, 6394362.0124, 37.5704, 963.0236, 90.4301
143458.9905, 6394384.5046, 45.4033, 1153.3361, 14.1931
143429.5355, 6394366.9880, 38.1775, 109.9331, 92.0619
143437.8598, 6394362.0126, 37.5303, 964.2222, 94.4117
143434.9566, 6394364.9668, 37.9248, 607.2523, 100.3364
143437.8448, 6394362.0346, 37.4749, 961.8711, 100.1799
143428.6420, 6394365.5042, 37.7372, 20.4367, 101.4382
143428.9331, 6394366.4836, 37.9077, 53.4840, 104.6787
143460.0101, 6394390.5349, 45.4402, 1057.4414, 60.6875
143460.4396, 6394391.9023, 45.7502, 1043.6066, 61.2267
143457.7363, 6394389.1015, 43.5589, 1026.4193, 105.4983
143460.4396, 6394391.9023, 45.7502, 1043.6066, 61.2267
143445.5242, 6394400.5290, 37.8043, 569.6119, 307.2120
143445.5242, 6394400.5290, 37.8043, 569.6119, 307.2120
143438.4949, 6394365.6133, 35.5214, 854.3373, 310.4002
143457.7363, 6394389.1015, 43.5589, 1026.4193, 105.4983
143430.4612, 6394366.4910, 37.8922, 196.3178, 112.0377
143458.6913, 6394393.0923, 44.1475, 981.9915, 112.0882
143458.6913, 6394393.0923, 44.1475, 981.9915, 112.0882
143431.9539, 6394365.9903, 37.7798, 333.6580, 119.0158
143431.1148, 6394366.4875, 37.7882, 255.0580, 123.3638
143430.4464, 6394366.4862, 37.6867, 195.7984, 129.9364
143438.6598, 6394363.8883, 37.4715, 934.5288, 135.1502
143458.2084, 6394393.5126, 43.2484, 963.9609, 139.3712
143458.0546, 6394393.0509, 42.9264, 967.5692, 146.1567
143458.2306, 6394394.6484, 43.0475, 947.2313, 150.4572
143439.4613, 6394368.6133, 35.5762, 815.3618, 318.9789
143429.1777, 6394366.9935, 37.4268, 80.1886, 156.3832
143429.3347, 6394367.5105, 37.4201, 95.3325, 164.4670
143436.7349, 6394364.9547, 38.3649, 746.7520, 69.7003
143437.3567, 6394364.4844, 38.3004, 811.1508, 69.2243
143437.3567, 6394364.4844, 38.3004, 811.1508, 69.2243
143437.5023, 6394362.6071, 37.8991, 904.0464, 69.2121
143431.9058, 6394366.4468, 38.4089, 322.0128, 72.2824
143435.7044, 6394365.4660, 38.3912, 651.4649, 72.3429
143432.9081, 6394363.9967, 37.8464, 452.3352, 80.4899
143432.9081, 6394363.9967, 37.8464, 452.3352, 80.4899
143433.1590, 6394363.9701, 37.8631, 476.2622, 79.5370
143432.2654, 6394364.0381, 37.7982, 390.6667, 82.9544
143432.2654, 6394364.0381, 37.7982, 390.6667, 82.9544
143432.7206, 6394363.9879, 37.8189, 434.9606, 82.0827
143432.5462, 6394364.0006, 37.6755, 418.6487, 95.4716
143437.9591, 6394361.9664, 37.4444, 975.0361, 102.3410
143436.7317, 6394388.4628, 36.6823, 395.1483, 320.7972
143449.8809, 6394377.0325, 39.7805, 1051.2013, 153.3571
143457.6244, 6394393.5805, 42.3057, 949.0644, 165.9468
143456.1864, 6394387.5155, 41.2913, 1015.3279, 166.7620
143428.7631, 6394366.0124, 37.0403, 38.8568, 176.3288
143436.7317, 6394388.4628, 36.6823, 395.1483, 320.7972
143438.6513, 6394363.9013, 36.8993, 933.9629, 184.2480
143457.1637, 6394391.9923, 41.4126, 962.9396, 184.4818
143428.9674, 6394366.9938, 37.0395, 62.3456, 189.7093
143429.2364, 6394366.9957, 36.8960, 87.8795, 202.7572
143457.5386, 6394393.6453, 42.2418, 946.0071, 167.9776
143438.6771, 6394363.8967, 37.0546, 935.8904, 170.9872
143438.6771, 6394363.8967, 37.0546, 935.8904, 170.9872
143429.5708, 6394368.5030, 37.4380, 116.2935, 176.0372
143435.3788, 6394369.9730, 37.7826, 527.0083, 178.2394
143454.0229, 6394385.1202, 39.8484, 1001.1514, 201.5436
143433.9575, 6394369.5334, 37.6687, 439.9965, 179.0111
143447.1345, 6394369.5938, 37.6072, 1179.8939, 203.0906
143429.6501, 6394368.5082, 37.3950, 123.0992, 179.6946
143445.3573, 6394366.4764, 36.9631, 1228.2733, 216.1057
143445.5560, 6394366.3307, 36.6718, 1245.8538, 234.6193
143438.3352, 6394363.9910, 36.0812, 907.6646, 254.3782
143438.1952, 6394364.0762, 36.0448, 893.6785, 258.0754
143437.6781, 6394362.0431, 35.8393, 949.5366, 258.5292
143449.3994, 6394370.5842, 41.0349, 1241.0326, 26.6824
143435.1386, 6394384.4594, 36.3392, 360.5649, 326.1076
143426.0492, 6394409.4925, 48.6478, 4.7605, 39.2357
143426.0492, 6394409.4925, 48.6478, 4.7605, 39.2357
143428.7705, 6394366.0139, 35.4059, 47.2869, 327.3896
143428.6186, 6394365.5157, 35.3764, 29.7588, 327.8630
143460.8001, 6394393.6635, 46.7107, 1022.2362, 45.8346
143460.4611, 6394392.1083, 46.2733, 1040.4321, 47.4549
143459.1914, 6394384.5859, 45.6685, 1156.9438, 6.3088
143460.1090, 6394391.0180, 45.6367, 1051.1494, 58.2249
143458.8710, 6394384.0839, 45.2928, 1159.7175, 14.0697
143449.3770, 6394370.0410, 41.0563, 1261.9836, 17.9950
143436.7517, 6394364.9249, 38.4516, 748.9047, 61.8880
143435.6961, 6394365.4488, 38.4729, 651.1518, 65.1369
143437.4717, 6394364.4295, 38.3218, 821.9516, 66.8842
143437.5997, 6394362.5490, 37.9044, 914.8550, 67.9873
143435.8386, 6394365.4563, 38.4391, 662.0079, 68.7352
143435.0167, 6394365.4466, 38.3566, 598.1144, 71.9333
143433.4557, 6394364.4098, 38.0384, 492.8820, 73.2337
143437.7299, 6394362.0026, 37.7242, 953.7075, 74.6140
143432.1972, 6394364.0343, 37.8696, 383.9101, 75.5473
143432.5056, 6394366.4647, 38.3558, 372.7244, 79.7061
143430.7439, 6394366.9806, 38.3361, 217.2978, 83.2358
143432.1308, 6394366.4579, 38.2799, 341.4867, 84.4748
143430.1578, 6394366.9819, 38.2842, 165.7609, 85.2677
143429.8922, 6394366.9902, 38.2435, 142.0689, 87.8232
143432.3266, 6394365.9741, 38.1327, 365.0707, 89.3506
143428.7649, 6394365.9994, 37.9610, 34.6060, 90.1377
143431.3784, 6394366.4940, 38.1759, 276.7264, 90.9557
143460.1039, 6394394.6426, 45.2806, 990.7209, 90.6101
143429.4770, 6394366.9915, 38.1602, 104.6506, 93.3942
143428.8066, 6394365.9887, 37.9024, 39.0038, 95.6097
143428.8066, 6394365.9887, 37.9024, 39.0038, 95.6097
143432.0358, 6394365.9678, 38.0365, 340.2314, 96.4604
143437.6423, 6394362.5615, 37.5539, 918.1877, 101.7320
143437.6423, 6394362.5615, 37.5539, 918.1877, 101.7320
143430.1970, 6394366.4882, 37.9735, 171.9682, 103.8371
143430.1970, 6394366.4882, 37.9735, 171.9682, 103.8371
143429.8023, 6394366.9905, 38.0074, 134.9049, 107.9102
143428.8391, 6394366.0037, 37.7498, 43.0328, 110.2892
143437.5425, 6394362.6389, 37.4637, 906.3892, 111.2845
143429.6995, 6394366.9956, 37.9199, 125.9381, 115.1940
143437.9076, 6394362.5882, 37.3466, 938.6334, 122.8284
143428.7628, 6394365.5069, 37.4585, 34.3179, 128.8788
143458.3217, 6394393.4238, 43.3243, 968.0626, 136.8898
143454.6179, 6394384.0372, 40.7001, 1040.4299, 166.9048
143438.7590, 6394363.8424, 37.0638, 944.3630, 169.6917
143456.0332, 6394387.0478, 41.0189, 1020.0967, 173.1337
143457.2341, 6394391.5740, 41.6492, 971.4110, 175.7574
143433.7379, 6394370.5121, 37.7318, 411.5465, 184.1234
143449.4867, 6394370.5160, 40.9948, 1247.4733, 28.2607
143433.7379, 6394370.5121, 37.7318, 411.5465, 184.1234
143447.4802, 6394370.5847, 38.0448, 1157.4036, 186.5478
143446.3897, 6394367.5814, 37.5884, 1229.5353, 186.5706
143449.5866, 6394370.4500, 40.9033, 1254.3826, 32.7289
143437.3612, 6394364.4701, 38.3887, 811.9023, 61.4143
143437.7858, 6394361.9628, 37.8260, 960.3831, 64.0396
143432.3161, 6394366.4528, 38.5049, 356.5076, 66.0207
143436.5755, 6394364.9415, 38.3683, 735.0286, 68.4670
143436.8747, 6394364.9275, 38.3848, 758.2706, 68.1360
143459.8640, 6394392.5720, 45.5368, 1018.3958, 70.7708
143432.4854, 6394366.4666, 38.3632, 370.9832, 79.0311
143431.9650, 6394365.9390, 38.1683, 333.9563, 84.0795
143430.3707, 6394366.4473, 38.1830, 187.1520, 85.3055
143459.5447, 6394392.3888, 44.9368, 1013.9225, 86.4868
143459.5447, 6394392.3888, 44.9368, 1013.9225, 86.4868
143437.8384, 6394362.0145, 37.5819, 962.2822, 89.3095
143433.5122, 6394364.4353, 37.8655, 497.8462, 90.0697
