143437.1487, 6394362.9600, 32.9577, 873.5604, 530.0690
143437.1969, 6394362.9374, 32.9416, 878.7483, 531.5360
143438.0557, 6394364.0456, 32.7654, 896.4687, 535.0532
143431.3405, 6394368.0166, 32.7581, 253.1662, 538.4207
143433.5594, 6394367.5058, 32.6777, 439.8940, 538.5323
143433.3950, 6394367.0287, 32.7175, 434.9307, 539.3727
143433.8881, 6394366.5360, 32.6947, 484.4140, 542.5311
143434.3984, 6394366.5203, 32.6650, 525.9894, 542.7234
143434.3984, 6394366.5203, 32.6650, 525.9894, 542.7234
143433.0430, 6394366.5226, 32.6938, 414.5768, 546.7445
143436.4473, 6394365.0151, 32.5818, 732.0952, 551.4040
143432.3983, 6394366.0177, 32.6965, 366.7291, 553.8507
143432.3983, 6394366.0177, 32.6965, 366.7291, 553.8507
143434.2595, 6394365.0235, 32.6480, 550.7045, 556.8901
143434.2595, 6394365.0235, 32.6480, 550.7045, 556.8901
143431.2843, 6394365.0083, 32.6918, 275.0077, 569.9671
143433.1159, 6394364.4872, 32.3223, 461.3709, 599.3980
143436.1666, 6394363.4798, 32.1144, 767.7918, 610.7692
143449.8778, 6394377.0302, 39.8091, 1057.0942, 144.8137
143446.2860, 6394402.5644, 37.8008, 565.9865, 308.8181
143458.3200, 6394388.0779, 44.1555, 1063.5773, 76.0909
143460.9339, 6394393.5894, 46.9219, 1028.0151, 34.9504
143459.8904, 6394391.0547, 45.1339, 1047.3252, 68.4314
143454.8985, 6394385.6118, 40.5292, 1018.8695, 177.2634
143446.2860, 6394402.5644, 37.8008, 565.9865, 308.8181
143439.4850, 6394368.6036, 35.5774, 819.1450, 311.1655
143454.8985, 6394385.6118, 40.5292, 1018.8695, 177.2634
143438.5028, 6394363.9009, 36.7477, 934.0176, 179.4719
143461.5683, 6394397.1530, 46.0733, 986.0593, 81.4949
143450.7332, 6394379.0621, 39.3428, 1034.5317, 180.5383
143429.2917, 6394368.0011, 36.9982, 57.9305, 185.5728
143459.7654, 6394392.4836, 45.2682, 1018.9949, 73.4445
143432.4282, 6394366.4486, 38.4351, 346.0245, 45.6713
143457.8217, 6394387.0531, 43.7035, 1070.9014, 82.8754
143436.8771, 6394388.9659, 36.8130, 385.3445, 312.8857
143456.3944, 6394390.5290, 40.8130, 968.2272, 192.6086
143459.7654, 6394392.4836, 45.2682, 1018.9949, 73.4445
143430.2817, 6394366.4876, 37.9663, 147.4019, 77.8640
143428.8880, 6394366.5021, 37.6624, 8.8422, 100.0479
143428.8880, 6394366.5021, 37.6624, 8.8422, 100.0479
143457.8217, 6394387.0531, 43.7035, 1070.9014, 82.8754
143448.8579, 6394375.5501, 38.4691, 1060.3645, 194.7825
143438.3429, 6394363.9911, 36.1035, 917.9308, 238.1770
143430.4087, 6394370.4935, 36.6570, 154.2234, 240.1968
143438.2181, 6394364.0615, 36.0699, 904.9942, 241.6853
143447.6565, 6394406.5185, 37.8795, 569.1082, 313.1174
143460.2741, 6394391.6499, 45.9251, 1045.9503, 49.4658
143432.7975, 6394364.9677, 38.0500, 404.7601, 51.7882
143432.1143, 6394366.4471, 38.3356, 318.2037, 52.8577
143453.2011, 6394379.6015, 41.0881, 1104.7842, 115.7993
143433.8792, 6394365.9739, 38.3371, 481.5511, 52.6479
143458.0372, 6394387.9891, 43.7562, 1057.8651, 87.8929
143448.6401, 6394406.9911, 37.8133, 588.2355, 315.3912
143428.7617, 6394366.5049, 35.3656, 6.3377, 319.1340
143458.1118, 6394391.1355, 42.8588, 1001.5889, 134.8773
143460.0744, 6394391.0484, 45.6153, 1051.9351, 54.2378
143433.3109, 6394366.0492, 37.3912, 433.3191, 136.0011
143456.1346, 6394384.1672, 42.8629, 1085.3313, 88.0535
143431.9430, 6394365.9818, 37.8262, 309.7379, 89.3606
143449.7766, 6394377.1378, 39.6677, 1050.3763, 151.8340
143433.9175, 6394367.5589, 37.4462, 455.6727, 155.1345
143434.0787, 6394368.5365, 37.4922, 450.7964, 164.3584
143459.4860, 6394393.5522, 44.9260, 994.3605, 89.4529
143431.2633, 6394366.4890, 37.8166, 241.4626, 96.5207
143456.1433, 6394387.5606, 41.2068, 1015.3215, 165.8324
143430.3486, 6394366.4446, 38.1827, 153.1748, 57.0687
143432.8515, 6394364.9692, 37.9996, 410.0121, 57.0243
143432.4800, 6394365.9380, 38.1573, 358.7889, 60.6256
143455.8864, 6394384.1375, 42.4786, 1078.7848, 101.1058
143430.2685, 6394366.4889, 37.6498, 147.3526, 107.3913
143438.4265, 6394363.5021, 37.4089, 947.0865, 112.3719
143438.5509, 6394363.9458, 37.2689, 935.1165, 133.2079
143447.7812, 6394370.0361, 38.6637, 1205.8967, 137.4649
143438.6869, 6394363.8670, 37.1622, 949.5416, 142.1107
143438.5765, 6394363.9374, 37.1673, 937.5889, 142.3431
143456.6535, 6394390.1243, 41.4427, 981.8856, 171.5242
143447.4661, 6394369.6813, 38.5012, 1205.9871, 142.6628
143438.6292, 6394363.9093, 37.1393, 943.0383, 144.6257
143438.7450, 6394363.8371, 37.1196, 955.5261, 145.7099
143448.8164, 6394375.0411, 38.5092, 1073.8383, 189.3915
143438.3698, 6394363.9449, 36.5684, 921.7606, 195.8809
143447.4043, 6394368.9947, 38.3356, 1232.6467, 145.4345
143438.3698, 6394363.9449, 36.5684, 921.7606, 195.8809
143436.0371, 6394386.9569, 36.3636, 367.3264, 325.6355
143437.4642, 6394368.0671, 37.7133, 702.3762, 151.1501
143430.0339, 6394369.9884, 36.9233, 124.3416, 215.0474
143440.0903, 6394368.3593, 36.3506, 863.5089, 256.4984
143438.9858, 6394366.6463, 35.2559, 854.5455, 326.3276
143437.4642, 6394368.0671, 37.7133, 702.3762, 151.1501
143438.8724, 6394366.1150, 35.1310, 867.0474, 333.9601
143429.5250, 6394368.0105, 37.4016, 77.8828, 151.4093
143438.6061, 6394363.9184, 37.0064, 940.9297, 156.6827
143430.3932, 6394366.4753, 38.0441, 157.9640, 70.9266
143437.9881, 6394363.0112, 37.7141, 936.2810, 71.6627
143437.9881, 6394363.0112, 37.7141, 936.2810, 71.6627
143438.6061, 6394363.9184, 37.0064, 940.9297, 156.6827
143430.2096, 6394366.4836, 37.9878, 140.2916, 75.3977
143430.2096, 6394366.4836, 37.9878, 140.2916, 75.3977
143429.1395, 6394366.9721, 38.0228, 35.2831, 76.3458
143437.8508, 6394363.0292, 37.6076, 924.0352, 81.6631
143438.2688, 6394362.9850, 37.5246, 960.9722, 90.9711
143435.4319, 6394369.0471, 37.7221, 538.6448, 156.8246
143435.4319, 6394369.0471, 37.7221, 538.6448, 156.8246
143434.8267, 6394368.9905, 37.6745, 497.0675, 158.0456
143434.8267, 6394368.9905, 37.6745, 497.0675, 158.0456
143433.6568, 6394368.0681, 37.4784, 426.4138, 158.4313
143448.8288, 6394377.0054, 38.2230, 1018.5446, 215.0895
143433.7954, 6394368.5664, 37.5177, 428.9227, 161.9982
143433.7954, 6394368.5664, 37.5177, 428.9227, 161.9982
143448.8288, 6394377.0054, 38.2230, 1018.5446, 215.0895
143454.4660, 6394384.1554, 40.6492, 1036.6122, 164.6487
143430.8082, 6394371.9772, 36.8086, 179.6929, 241.3342
143438.3447, 6394365.0899, 35.8773, 869.7184, 267.4359
143438.3447, 6394365.0899, 35.8773, 869.7184, 267.4359
143461.3550, 6394397.0711, 45.7016, 982.5784, 90.6462
143457.5605, 6394391.9195, 41.8845, 974.4702, 167.4256
143457.5728, 6394387.1425, 43.4737, 1062.3418, 90.6448
143449.4333, 6394370.6994, 41.1093, 1252.9884, 10.8640
143456.3126, 6394384.6450, 42.7156, 1079.8997, 97.0403
143457.5605, 6394391.9195, 41.8845, 974.4702, 167.4256
143429.9266, 6394369.5038, 37.4162, 114.0840, 171.0861
143456.3126, 6394384.6450, 42.7156, 1079.8997, 97.0403
143457.0076, 6394391.0769, 41.5150, 974.6375, 174.1089
143438.7532, 6394381.0410, 37.5443, 531.4583, 258.1008
143430.0238, 6394369.9955, 36.2620, 125.7135, 265.8296
143430.3939, 6394370.9949, 36.2278, 153.3665, 275.2711
143429.5640, 6394368.9996, 35.2457, 90.8064, 340.3153
143458.9196, 6394393.0345, 44.3655, 989.2192, 101.8112
143437.7568, 6394363.1317, 37.4017, 911.2233, 103.2006
143438.1425, 6394364.0856, 37.3582, 896.6785, 125.8261
143431.8342, 6394374.9964, 36.5316, 236.0804, 278.4198
143457.0076, 6394391.0769, 41.5150, 974.6375, 174.1089
143430.0343, 6394369.5099, 37.3626, 123.2276, 175.6735
143432.0760, 6394371.0126, 37.6554, 273.5848, 175.5387
143449.7389, 6394375.1365, 39.6617, 1107.1566, 136.1871
143432.0760, 6394371.0126, 37.6554, 273.5848, 175.5387
143431.8917, 6394371.4964, 37.7004, 256.8922, 177.0611
143431.7561, 6394371.4951, 37.6832, 247.3086, 177.9494
143442.4536, 6394391.5273, 37.6594, 553.7976, 289.8167
143431.7561, 6394371.4951, 37.6832, 247.3086, 177.9494
143429.9847, 6394369.4864, 35.8602, 124.2414, 293.6558
143440.1386, 6394368.4280, 37.3965, 863.1883, 184.4272
143430.5117, 6394371.4925, 36.0268, 161.6947, 292.5517
143430.5117, 6394371.4925, 36.0268, 161.6947, 292.5517
143438.4879, 6394362.8711, 35.4180, 986.5956, 292.0583
143438.0887, 6394364.1070, 35.4231, 893.5057, 299.7520
143440.0155, 6394384.5250, 37.5771, 541.6864, 271.0487
143438.8221, 6394366.1425, 35.3502, 862.2866, 316.8759
143438.8006, 6394366.6278, 35.6748, 842.2710, 294.1582
143458.0666, 6394391.5721, 42.8590, 992.9071, 137.1257
143447.3958, 6394369.0938, 38.3636, 1227.8818, 144.7372
143438.6416, 6394363.8911, 37.0295, 944.9815, 154.3060
143431.8029, 6394374.9925, 35.6351, 236.2460, 331.8517
143455.1907, 6394386.5909, 40.3850, 1007.7079, 187.3870
143437.8934, 6394391.9544, 36.1725, 402.2902, 341.0480
143438.1028, 6394364.1049, 36.5612, 893.5187, 197.8479
143429.7891, 6394369.4935, 37.0565, 103.8357, 199.1541
143431.8029, 6394374.9925, 35.6351, 236.2460, 331.8517
143449.8137, 6394377.1248, 39.4917, 1052.1595, 159.7331
143448.5080, 6394374.1123, 38.1833, 1090.1600, 198.6668
143433.7500, 6394370.4992, 37.7897, 397.0467, 164.3784
143445.7918, 6394366.4642, 37.0535, 1271.8862, 200.1576
143432.3726, 6394376.4840, 35.5527, 262.3621, 340.4005
143433.7500, 6394370.4992, 37.7897, 397.0467, 164.3784
143438.4793, 6394363.9246, 36.8419, 930.9749, 171.2177
143438.1418, 6394364.6084, 36.8099, 873.9021, 182.2006
143438.8381, 6394366.1346, 35.0335, 864.0234, 341.6996
143438.1143, 6394364.6379, 34.8476, 872.6653, 352.6307
143445.7918, 6394366.4642, 37.0535, 1271.8862, 200.1576
143430.3762, 6394370.5005, 37.4126, 149.3105, 183.8793
143440.4924, 6394371.1216, 34.9442, 803.5229, 359.4631
143448.4681, 6394375.1481, 38.1780, 1056.7788, 205.6606
143431.8175, 6394375.4878, 35.0693, 236.0285, 366.2582
143438.2709, 6394364.5519, 35.1891, 887.8671, 322.7435
143437.8934, 6394391.9544, 36.1725, 402.2902, 341.0480
143434.3149, 6394364.0587, 34.9580, 576.9188, 343.7281
143433.5295, 6394370.9912, 34.8941, 382.1755, 368.3005
143430.9361, 6394372.4846, 37.3150, 185.7229, 211.0362
143454.0114, 6394384.6241, 40.0457, 1013.2023, 188.2490
143433.5295, 6394370.9912, 34.8941, 382.1755, 368.3005
143439.6774, 6394368.5978, 35.2479, 831.4507, 333.8128
143439.6774, 6394368.5978, 35.2479, 831.4507, 333.8128
143447.8568, 6394372.6484, 37.7303, 1111.0758, 211.2028
143439.6774, 6394368.5978, 35.2479, 831.4507, 333.8128
143431.3390, 6394373.9872, 37.3345, 207.3522, 222.4716
143432.3054, 6394376.4890, 35.6360, 258.3137, 335.7900
143431.8252, 6394365.4718, 35.1136, 313.8453, 336.5694
143439.4917, 6394396.4655, 34.9943, 425.6446, 382.7411
143430.3228, 6394370.9945, 35.2271, 151.0170, 347.5799
143454.0114, 6394384.6241, 40.0457, 1013.2023, 188.2490
143439.7283, 6394369.0680, 34.3512, 820.5094, 395.4940
143430.3667, 6394370.5108, 37.3422, 148.7680, 189.2273
143435.4436, 6394371.5063, 37.5563, 494.8837, 193.9765
143448.7376, 6394377.0387, 38.0268, 1014.2292, 224.1087
143440.8217, 6394372.1283, 35.1000, 794.0351, 351.9985
143433.0472, 6394368.9619, 35.0005, 372.7677, 356.8114
143438.3663, 6394392.9572, 36.0910, 411.6157, 345.0891
143434.6640, 6394363.9984, 34.8985, 610.8031, 348.9465
143440.0832, 6394368.3723, 37.2313, 861.8459, 195.2807
143434.6640, 6394363.9984, 34.8985, 610.8031, 348.9465
143434.6897, 6394363.9906, 34.8589, 613.4722, 352.7177
143434.6308, 6394364.0111, 34.8578, 607.4797, 352.9544
143432.7732, 6394368.4797, 34.9442, 358.0218, 360.1893
143440.0832, 6394368.3723, 37.2313, 861.8459, 195.2807
143432.9703, 6394368.9777, 34.9196, 366.9481, 363.0423
143438.4691, 6394363.9277, 36.5793, 930.2656, 194.9252
143439.9997, 6394368.4092, 37.0943, 855.6202, 205.0317
143439.9997, 6394368.4092, 37.0943, 855.6202, 205.0317
143438.0721, 6394364.1378, 36.4523, 889.7439, 207.9574
143448.5691, 6394376.6531, 37.9621, 1018.1403, 224.8111
143445.1473, 6394366.6823, 36.8622, 1225.8098, 214.2561
143435.8073, 6394375.5119, 37.4864, 458.8512, 229.3901
143435.6743, 6394375.5224, 37.4719, 451.5230, 230.1251
143448.7572, 6394377.5592, 38.0664, 1001.2975, 225.1281
143438.1126, 6394364.1254, 36.1807, 893.7467, 232.2342
143440.1721, 6394368.3948, 36.5022, 867.1453, 246.3084
143437.6899, 6394363.1042, 35.8425, 908.6726, 252.7780
143438.1751, 6394362.4864, 33.6050, 983.4525, 465.9398
143435.6743, 6394375.5224, 37.4719, 451.5230, 230.1251
143438.1037, 6394364.6347, 36.2533, 870.4752, 230.9576
143438.1445, 6394364.6167, 36.2180, 874.3917, 233.9128
143438.1445, 6394364.6167, 36.2180, 874.3917, 233.9128
143438.2494, 6394362.9627, 35.9918, 961.8557, 237.8781
143438.2494, 6394362.9627, 35.9918, 961.8557, 237.8781
143447.0139, 6394371.5864, 36.8052, 1111.2412, 253.7550
143440.0764, 6394368.4464, 36.5290, 859.5624, 244.7249
143447.0139, 6394371.5864, 36.8052, 1111.2412, 253.7550
143440.0764, 6394368.4464, 36.5290, 859.5624, 244.7249
143439.4580, 6394383.0375, 37.5981, 536.8019, 264.3821
143438.6897, 6394380.5444, 37.5992, 534.8152, 253.3589
143438.9025, 6394380.9943, 37.5776, 538.4072, 256.4843
143439.4580, 6394383.0375, 37.5981, 536.8019, 264.3821
143438.3946, 6394362.9124, 35.5946, 976.6731, 275.4915
143438.3946, 6394362.9124, 35.5946, 976.6731, 275.4915
143442.9722, 6394399.9527, 34.9817, 501.4909, 382.9787
143440.8616, 6394372.1085, 34.5424, 797.1531, 384.4307
143439.2667, 6394382.4748, 37.6459, 535.5963, 259.9930
143438.2152, 6394364.5766, 35.9174, 881.8160, 259.7666
143441.0672, 6394387.5563, 37.6740, 547.3017, 277.7841
143439.8639, 6394384.4965, 37.6337, 536.1080, 268.6084
143441.3156, 6394373.5443, 34.5138, 784.2172, 386.7519
143436.6009, 6394367.0130, 32.6133, 680.0892, 533.7823
143436.6009, 6394367.0130, 32.6133, 680.0892, 533.7823
143434.7292, 6394366.5344, 32.6600, 551.9284, 541.5026
143441.0672, 6394387.5563, 37.6740, 547.3017, 277.7841
143436.0386, 6394366.0462, 32.6246, 666.8037, 541.8954
143440.5755, 6394384.0305, 37.5861, 568.9923, 269.1117
143441.6452, 6394389.0075, 37.6772, 552.2391, 282.1812
143440.9741, 6394386.9770, 37.7176, 550.1016, 274.2859
143445.7800, 6394402.4289, 34.6227, 556.4948, 392.1414
143434.5119, 6394382.9786, 37.0810, 328.3127, 284.7165
143434.9721, 6394375.4973, 34.9232, 417.7202, 372.0161
143439.6638, 6394389.4924, 37.9255, 479.5590, 274.2625
143434.9721, 6394375.4973, 34.9232, 417.7202, 372.0161
143434.5119, 6394382.9786, 37.0810, 328.3127, 284.7165
143445.7800, 6394402.4289, 34.6227, 556.4948, 392.1414
143439.6638, 6394389.4924, 37.9255, 479.5590, 274.2625
143438.2868, 6394365.1297, 35.7953, 863.8962, 274.5808
143433.0551, 6394378.4893, 36.5863, 286.2234, 291.2782
143438.5228, 6394365.6017, 35.5203, 862.2256, 300.4795
143441.2425, 6394387.5023, 37.6884, 554.0312, 277.1303
143445.7800, 6394402.4289, 34.6227, 556.4948, 392.1414
143441.2425, 6394387.5023, 37.6884, 554.0312, 277.1303
143441.0213, 6394372.6131, 34.3619, 792.5928, 394.9898
143441.0213, 6394372.6131, 34.3619, 792.5928, 394.9898
143440.6644, 6394387.0214, 37.6234, 538.6279, 277.8698
143440.6644, 6394387.0214, 37.6234, 538.6279, 277.8698
143442.5178, 6394398.4917, 34.1960, 500.1891, 405.0945
143434.2907, 6394382.4779, 37.1217, 321.4113, 281.0130
143441.3848, 6394388.9943, 37.7037, 543.5121, 281.1399
143441.2291, 6394389.0046, 37.6936, 538.1200, 281.4917
143434.2355, 6394381.9658, 37.0042, 322.2685, 284.4433
143437.8627, 6394363.6015, 35.4605, 899.0588, 292.9642
143439.5917, 6394369.1149, 35.8536, 809.3620, 294.6988
143439.5917, 6394369.1149, 35.8536, 809.3620, 294.6988
143437.8663, 6394363.6019, 35.4219, 899.3677, 296.5384
143445.2716, 6394399.0470, 37.7531, 568.2401, 303.7856
143435.5800, 6394385.4654, 36.9133, 358.1233, 299.9831
143435.7066, 6394385.9638, 36.3663, 360.7296, 323.4377
143435.5800, 6394385.4654, 36.9133, 358.1233, 299.9831
143434.5918, 6394364.0200, 34.9829, 603.3784, 340.9467
143434.5918, 6394364.0200, 34.9829, 603.3784, 340.9467
143434.5605, 6394364.0110, 34.9352, 600.9120, 345.5442
143434.6681, 6394373.9464, 35.2279, 417.7876, 352.0572
143430.7589, 6394371.9928, 35.1124, 180.8837, 357.8242
143435.5800, 6394385.4654, 36.9133, 358.1233, 299.9831
143441.1545, 6394373.1239, 34.7246, 786.2512, 374.8260
143445.3825, 6394394.5377, 33.7678, 615.4173, 415.8694
143440.6879, 6394372.0810, 33.8193, 789.4316, 426.7493
143440.9640, 6394373.1217, 33.5129, 777.8131, 442.6768
143443.6453, 6394398.5075, 37.7291, 528.5260, 303.3601
143442.2018, 6394399.5350, 34.5569, 483.7498, 395.1685
143440.9640, 6394373.1217, 33.5129, 777.8131, 442.6768
143440.9640, 6394373.1217, 33.5129, 777.8131, 442.6768
143440.9640, 6394373.1217, 33.5129, 777.8131, 442.6768
143445.7460, 6394399.5004, 37.7552, 577.0060, 304.5986
143436.3009, 6394387.9751, 34.4814, 373.2268, 399.0067
143442.2018, 6394399.5350, 34.5569, 483.7498, 395.1685
143436.3604, 6394381.5323, 34.4118, 425.7133, 400.4086
143436.3604, 6394381.5323, 34.4118, 425.7133, 400.4086
143445.7461, 6394400.4949, 37.7860, 568.7423, 305.5792
143438.1653, 6394364.0967, 35.3478, 900.0018, 306.4071
143440.0084, 6394370.1162, 34.1778, 805.6214, 406.7093
143436.2472, 6394375.0027, 32.7792, 496.8994, 489.2584
143435.5126, 6394372.9405, 32.8739, 485.0965, 492.1164
143443.1293, 6394405.4647, 34.5412, 470.0108, 396.3222
143438.5586, 6394369.6161, 32.8329, 735.8524, 498.0946
143435.9569, 6394372.0245, 32.7335, 526.3293, 502.7646
143446.8011, 6394402.4790, 37.8212, 579.4633, 308.1410
143438.0804, 6394363.5929, 35.2859, 917.0603, 309.0388
143438.0338, 6394363.6220, 35.2569, 911.9799, 311.8668
143441.1681, 6394373.1323, 34.3145, 787.0947, 397.7067
143435.9569, 6394372.0245, 32.7335, 526.3293, 502.7646
143437.7490, 6394370.9881, 32.6712, 653.6766, 505.4935
143438.0915, 6394368.5073, 32.6014, 738.0035, 520.3413
143438.0915, 6394368.5073, 32.6014, 738.0035, 520.3413
143436.7389, 6394363.0939, 33.0463, 832.2349, 522.6431
143431.1990, 6394365.0114, 32.5621, 266.9740, 582.9342
143436.8092, 6394375.5103, 32.7768, 519.4515, 486.6205
143439.2659, 6394373.0493, 32.6776, 692.7417, 493.5255
143436.4623, 6394369.4725, 32.9692, 607.4604, 495.8673
143436.3490, 6394368.9680, 32.9599, 611.5026, 498.9393
143436.0705, 6394368.5289, 32.9891, 602.8174, 499.6463
143436.0705, 6394368.5289, 32.9891, 602.8174, 499.6463
143438.4610, 6394371.9818, 32.6600, 672.4562, 500.3284
143438.8315, 6394371.9829, 32.6420, 693.0609, 500.3802
143436.0286, 6394368.0226, 32.9700, 612.0393, 503.4652
143435.1363, 6394371.5179, 32.7571, 484.1504, 505.7352
143437.2700, 6394370.5108, 32.6794, 635.6003, 508.4118
143435.7420, 6394371.0192, 32.7106, 530.6816, 508.9756
143436.2527, 6394367.9368, 32.8935, 630.0092, 508.7639
143438.2133, 6394368.6185, 32.6808, 742.4780, 513.8363
143438.2133, 6394368.6185, 32.6808, 742.4780, 513.8363
143436.8182, 6394363.0693, 33.0813, 840.1052, 519.0721
143437.1058, 6394367.5172, 32.6191, 701.0441, 528.2071
143437.9787, 6394364.0911, 32.7793, 888.4553, 533.8727
143434.9351, 6394364.5068, 32.8982, 623.3395, 534.9493
143435.0024, 6394364.4823, 32.8961, 629.9258, 534.9996
143435.0900, 6394364.4492, 32.8919, 638.5354, 535.1938
143438.1507, 6394363.9865, 32.7376, 906.5386, 537.4818
143434.6452, 6394364.0036, 32.9088, 613.3907, 539.4384
143434.6452, 6394364.0036, 32.9088, 613.3907, 539.4384
143435.0881, 6394364.4456, 32.8468, 638.5770, 539.3625
143435.0881, 6394364.4456, 32.8468, 638.5770, 539.3625
143432.9265, 6394366.5159, 32.7145, 404.7748, 545.6107
143432.8097, 6394366.5101, 32.6980, 394.9794, 547.6218
143432.8097, 6394366.5101, 32.6980, 394.9794, 547.6218
143432.9748, 6394366.5033, 32.6795, 409.1736, 548.4417
143434.5047, 6394365.5126, 32.6291, 558.9828, 553.0931
143432.1627, 6394365.5240, 32.7233, 352.5392, 557.0037
143432.1627, 6394365.5240, 32.7233, 352.5392, 557.0037
143432.0895, 6394365.5196, 32.7085, 345.8684, 558.7944
143432.0895, 6394365.5196, 32.7085, 345.8684, 558.7944
143431.9120, 6394365.4643, 32.6893, 330.1278, 562.0631
143431.9120, 6394365.4643, 32.6893, 330.1278, 562.0631
143436.0500, 6394363.9904, 32.5598, 737.0381, 564.4475
143436.0963, 6394363.9675, 32.5442, 741.8472, 565.8394
143431.2949, 6394365.0217, 32.6515, 276.0631, 573.6373
143435.9980, 6394363.4974, 32.4172, 752.0154, 583.0747
143430.1470, 6394365.4761, 32.3475, 159.0859, 605.0101
143433.2250, 6394364.4703, 32.2573, 472.1455, 605.0400
143435.4295, 6394385.4747, 36.5622, 352.3843, 314.3681
143440.1617, 6394370.6118, 35.5758, 798.8034, 319.1721
143440.1617, 6394370.6118, 35.5758, 798.8034, 319.1721
143442.5897, 6394378.1081, 33.5036, 745.0794, 435.4293
143440.9875, 6394373.1123, 33.5547, 779.1887, 440.3194
143440.9875, 6394373.1123, 33.5547, 779.1887, 440.3194
143429.1363, 6394367.0016, 38.4523, 33.2350, 36.8966
143432.3604, 6394366.4505, 38.4712, 339.8393, 42.0891
143433.0507, 6394365.9752, 38.3735, 408.9947, 44.7774
143439.6518, 6394396.4670, 36.7217, 428.8332, 329.8329
143433.1474, 6394364.4644, 32.2232, 465.1077, 608.8834
143438.0303, 6394363.0187, 37.6983, 939.3950, 73.5910
143429.1993, 6394367.0243, 37.4639, 43.8330, 129.4341
143429.4651, 6394368.0045, 37.4357, 72.2269, 148.1750
143438.7934, 6394366.6251, 37.5508, 839.8857, 149.0668
143438.7934, 6394366.6251, 37.5508, 839.8857, 149.0668
143438.8792, 6394366.5802, 37.5475, 847.4108, 148.9924
143438.8921, 6394368.0124, 37.7810, 798.4097, 149.4775
143437.5183, 6394368.5379, 37.7874, 692.7698, 151.5858
143439.5369, 6394396.4577, 36.6643, 425.4785, 331.5980
143437.5183, 6394368.5379, 37.7874, 692.7698, 151.5858
143436.6264, 6394368.5578, 37.7337, 632.2549, 153.3164
143436.6264, 6394368.5578, 37.7337, 632.2549, 153.3164
143436.6696, 6394368.5420, 37.7331, 635.5989, 153.2896
143436.0395, 6394369.0060, 37.7615, 581.4868, 155.0727
143435.9539, 6394369.0348, 37.7566, 574.9926, 155.5432
143435.9539, 6394369.0348, 37.7566, 574.9926, 155.5432
143435.8930, 6394373.9429, 33.0657, 492.0179, 476.8726
143439.5787, 6394374.5407, 32.6997, 677.6988, 487.0919
143439.5787, 6394374.5407, 32.6997, 677.6988, 487.0919
143456.0987, 6394387.1078, 41.2967, 1022.8724, 160.4386
143435.7052, 6394372.5114, 32.7574, 503.2671, 500.1673
143433.4255, 6394370.0262, 37.7348, 380.3351, 162.1420
143435.0137, 6394371.4525, 32.8354, 477.3015, 501.3286
143433.4282, 6394370.5382, 37.7457, 374.1629, 167.1470
143439.5369, 6394396.4577, 36.6643, 425.4785, 331.5980
143435.4313, 6394372.5012, 32.7499, 487.0706, 501.4413
143439.4859, 6394368.1332, 35.2507, 834.8438, 332.1129
143429.2729, 6394368.0033, 35.2871, 62.9636, 333.1956
143435.9924, 6394372.4862, 32.7196, 520.7603, 501.7593
143433.8845, 6394368.4562, 33.0350, 447.8205, 504.0893
143436.0271, 6394368.0226, 32.9635, 611.9429, 503.9568
143433.4282, 6394370.5382, 37.7457, 374.1629, 167.1470
143433.0881, 6394370.5494, 37.7086, 350.1017, 169.0961
143437.5622, 6394371.0422, 32.6986, 641.3773, 504.0998
143435.4760, 6394368.5281, 32.6928, 562.1221, 523.2844
143436.8184, 6394363.0509, 33.0293, 841.0394, 524.1889
143432.7498, 6394370.9949, 37.7337, 321.5236, 171.3688
143433.6474, 6394366.5219, 32.7014, 464.9541, 543.2144
143433.6474, 6394366.5219, 32.7014, 464.9541, 543.2144
143433.6474, 6394366.5219, 32.7014, 464.9541, 543.2144
143437.9640, 6394363.0814, 32.7338, 935.4007, 545.9771
143432.7498, 6394370.9949, 37.7337, 321.5236, 171.3688
143436.6913, 6394365.4719, 32.5621, 735.2750, 548.2651
143434.2866, 6394365.0348, 32.6541, 552.7440, 556.1045
143432.2915, 6394365.5130, 32.6898, 364.6911, 559.4550
143431.7855, 6394365.0192, 32.6767, 324.0577, 568.2841
143431.4017, 6394365.0070, 32.6698, 286.7175, 571.3754
143431.4017, 6394365.0070, 32.6698, 286.7175, 571.3754
143431.2299, 6394365.0173, 32.6402, 269.7043, 575.1627
143431.2299, 6394365.0173, 32.6402, 269.7043, 575.1627
143436.0548, 6394363.4976, 32.3495, 757.0386, 589.1160
143430.3025, 6394365.4796, 32.3691, 174.7031, 601.8545
143436.3922, 6394363.4539, 32.1696, 788.1104, 604.3593
143432.9216, 6394364.4840, 32.2371, 443.3758, 608.8720
143432.3745, 6394370.9930, 37.6894, 295.0493, 173.6072
143431.5165, 6394371.5001, 37.6495, 230.2368, 179.8324
143430.5832, 6394371.4906, 37.5625, 162.4601, 183.8705
143438.0537, 6394364.1236, 36.6196, 888.7715, 192.7121
143429.7307, 6394369.4992, 37.0862, 98.8341, 196.7344
143438.3156, 6394364.0015, 36.3786, 915.0585, 213.5222
143439.1522, 6394394.9470, 36.5159, 423.4419, 333.9889
143434.6104, 6394364.0118, 35.0230, 605.2330, 337.0287
143434.4752, 6394380.5233, 37.8541, 341.9039, 238.3476
143441.0161, 6394372.6075, 35.3686, 791.5552, 337.5192
143434.4752, 6394380.5233, 37.8541, 341.9039, 238.3476
143441.0161, 6394372.6075, 35.3686, 791.5552, 337.5192
143439.0402, 6394366.6256, 35.1029, 859.1321, 337.9024
143434.5146, 6394364.0141, 34.9861, 596.5015, 340.6681
143434.5146, 6394364.0141, 34.9861, 596.5015, 340.6681
143434.4607, 6394364.0113, 34.9810, 591.6657, 341.1921
143429.7017, 6394369.4984, 35.2381, 102.8540, 342.5561
143438.8740, 6394382.0322, 37.5930, 524.6198, 260.2458
143430.0266, 6394369.9933, 36.1442, 126.3256, 274.8364
143433.8641, 6394380.9860, 37.0400, 310.8704, 278.9167
143441.2112, 6394388.0256, 37.6292, 547.4928, 280.9048
143438.1304, 6394392.4633, 36.1320, 406.9824, 343.0966
143434.6892, 6394363.9886, 34.9318, 613.3306, 345.6757
143434.6281, 6394364.0098, 34.9311, 607.1155, 345.8784
143444.1542, 6394398.4842, 37.7557, 542.6605, 302.5758
143442.6920, 6394404.4543, 36.3175, 463.7626, 350.4453
143435.9446, 6394386.4676, 36.9069, 366.1918, 303.0635
143441.1818, 6394373.1103, 35.1524, 787.5737, 350.8586
143441.1818, 6394373.1103, 35.1524, 787.5737, 350.8586
143435.9446, 6394386.4676, 36.9069, 366.1918, 303.0635
143439.7271, 6394369.0618, 35.0094, 819.9851, 351.3345
143439.6507, 6394369.0976, 34.9634, 814.3405, 354.5695
143439.6507, 6394369.0976, 34.9634, 814.3405, 354.5695
143439.7148, 6394369.0652, 34.9617, 819.1873, 354.5618
143447.2352, 6394403.5583, 37.7957, 581.5748, 310.5964
143434.6013, 6394364.0200, 34.8980, 604.4298, 349.1342
143434.6013, 6394364.0200, 34.8980, 604.4298, 349.1342
143438.8722, 6394366.1168, 34.9407, 867.1545, 348.8944
143435.6557, 6394376.9560, 35.2577, 437.2843, 355.7114
143435.7875, 6394377.4556, 35.3294, 438.3589, 352.8174
143435.0687, 6394364.4264, 34.8350, 633.4079, 356.0313
143435.0687, 6394364.4264, 34.8350, 633.4079, 356.0313
143434.7513, 6394363.9699, 34.8021, 619.8477, 358.0606
143435.9812, 6394377.9570, 35.2426, 442.6966, 358.0113
143439.6830, 6394388.4454, 35.3929, 492.0549, 363.3695
143435.0037, 6394364.4525, 34.7350, 627.1272, 365.4831
143437.7556, 6394382.9515, 35.1113, 470.9898, 369.6439
143439.4788, 6394368.1447, 34.7130, 834.5515, 369.9632
143440.4997, 6394371.1183, 34.7617, 804.1835, 370.5648
143440.4997, 6394371.1183, 34.7617, 804.1835, 370.5648
143438.4329, 6394384.9538, 35.0787, 478.6317, 372.5562
143458.2031, 6394382.6103, 44.3952, 1182.4564, 24.5223
143442.8013, 6394399.9962, 35.0811, 496.4809, 380.3080
143439.6576, 6394368.6312, 34.5959, 829.8004, 378.6206
143439.7709, 6394369.0464, 34.5629, 823.5239, 381.2390
143442.9329, 6394399.9627, 35.0137, 500.3306, 382.1086
143443.3947, 6394400.4776, 35.0174, 509.0500, 382.0225
143443.2687, 6394400.4779, 35.0570, 505.6570, 380.9927
143443.3947, 6394400.4776, 35.0174, 509.0500, 382.0225
143445.6424, 6394402.4523, 34.9694, 552.6313, 383.1270
143445.6424, 6394402.4523, 34.9694, 552.6313, 383.1270
143444.3353, 6394400.9892, 34.7011, 530.3546, 390.3932
143444.3353, 6394400.9892, 34.7011, 530.3546, 390.3932
143437.3998, 6394364.4235, 38.4708, 821.8626, 27.7883
143438.3416, 6394363.9119, 38.4012, 919.3860, 28.4621
143446.6938, 6394390.4618, 33.6945, 699.7680, 417.8682
143446.6938, 6394390.4618, 33.6945, 699.7680, 417.8682
143445.0512, 6394400.9519, 34.4255, 549.4360, 397.4487
143432.9395, 6394364.9519, 38.1049, 418.3565, 46.9542
143444.6414, 6394399.9584, 33.6594, 547.0211, 418.5905
143459.9559, 6394391.0928, 45.3728, 1048.2219, 61.6162
143430.1830, 6394366.4622, 38.0853, 137.3380, 65.6701
143429.0032, 6394366.5017, 37.8355, 19.9423, 83.9630
143455.8986, 6394383.6159, 42.5599, 1090.9227, 94.4544
143448.0913, 6394370.6052, 39.0778, 1196.9613, 120.2807
143438.6511, 6394363.9054, 37.3155, 944.7736, 128.7271
143446.5917, 6394404.4369, 33.4139, 562.0795, 422.6822
143433.7689, 6394367.0510, 37.4450, 453.0935, 147.8257
143446.5447, 6394367.6574, 37.8017, 1251.7819, 163.2471
143446.3140, 6394367.1243, 37.5458, 1265.9751, 174.1659
143446.3140, 6394367.1243, 37.5458, 1265.9751, 174.1659
143446.0209, 6394387.5724, 33.5680, 717.0870, 423.5690
143446.0985, 6394367.1486, 37.3494, 1253.4958, 187.0778
143444.3424, 6394383.9313, 33.6267, 713.2722, 424.5313
143449.2517, 6394378.0864, 38.4416, 1006.1140, 211.8407
143430.0305, 6394369.4895, 36.6816, 125.2467, 229.1707
143430.0305, 6394369.4895, 36.6816, 125.2467, 229.1707
143430.2242, 6394370.5066, 36.4957, 140.3118, 252.1001
143442.6906, 6394378.6181, 33.5460, 739.5910, 432.9387
143438.5040, 6394365.6017, 35.6635, 860.7283, 288.8059
143438.3539, 6394362.9510, 35.4485, 971.4221, 289.6710
143438.0068, 6394363.6409, 35.3566, 908.8296, 302.8329
143429.9524, 6394369.9992, 35.3278, 123.0331, 337.1902
143439.6656, 6394369.0899, 35.1762, 815.2615, 340.2373
143442.6906, 6394378.6181, 33.5460, 739.5910, 432.9387
143430.3620, 6394370.9942, 35.2776, 153.8391, 343.9186
143431.9966, 6394365.9778, 35.0065, 323.8568, 348.3367
143431.9966, 6394365.9778, 35.0065, 323.8568, 348.3367
143439.5149, 6394368.1254, 34.5606, 837.5977, 380.5920
143442.6370, 6394378.0867, 33.4966, 747.4960, 435.7037
143442.7193, 6394378.0491, 33.4827, 751.7110, 436.2644
143438.5535, 6394362.8244, 33.6576, 995.6866, 458.4419
143436.2027, 6394374.9474, 33.3284, 494.4128, 459.0915
143437.8157, 6394372.9723, 32.9864, 615.6976, 479.5323
143439.9510, 6394376.5149, 32.7229, 658.2725, 480.0045
143439.2403, 6394376.4932, 32.7273, 625.1027, 481.3089
143439.6703, 6394376.0390, 32.7245, 653.6003, 481.6587
143437.4708, 6394371.9616, 32.9719, 616.2546, 484.1787
143436.8058, 6394375.9895, 32.7726, 512.4789, 485.5358
143438.9693, 6394370.6023, 32.9606, 733.9362, 485.1982
143436.3953, 6394374.9996, 32.7610, 504.9218, 489.9172
143436.8058, 6394375.9895, 32.7726, 512.4789, 485.5358
143438.2679, 6394368.6183, 33.0085, 745.5465, 490.9234
143438.1559, 6394368.1148, 33.0341, 753.1514, 491.4080
143436.8058, 6394375.9895, 32.7726, 512.4789, 485.5358
143438.1559, 6394368.1148, 33.0341, 753.1514, 491.4080
143437.0425, 6394370.9995, 33.0171, 610.7100, 485.5203
143438.0495, 6394372.4970, 32.6708, 638.5229, 498.9577
143436.2215, 6394374.0051, 32.7548, 509.9959, 493.7773
143440.5126, 6394371.6034, 34.1606, 792.3253, 407.0959
143438.0495, 6394372.4970, 32.6708, 638.5229, 498.9577
143436.3759, 6394374.0049, 32.7444, 518.5900, 493.9748
143440.5126, 6394371.6034, 34.1606, 792.3253, 407.0959
143438.7243, 6394371.5555, 32.6640, 696.9156, 500.9189
143436.3856, 6394373.5029, 32.7488, 526.9654, 495.3473
143438.4416, 6394370.9895, 32.6303, 694.2081, 505.9955
143436.5612, 6394369.4966, 32.9629, 613.3651, 495.9005
143460.7695, 6394391.9995, 46.6338, 1051.6964, 31.8821
143437.4672, 6394370.0262, 32.6628, 658.8924, 510.9927
143438.5307, 6394372.9857, 32.6724, 654.8470, 495.9148
143437.4672, 6394370.0262, 32.6628, 658.8924, 510.9927
143435.5282, 6394366.9912, 32.9547, 601.4678, 511.6238
143435.5282, 6394366.9912, 32.9547, 601.4678, 511.6238
143438.9956, 6394372.5058, 32.6576, 690.2582, 497.1778
143433.8815, 6394368.4550, 32.9281, 447.8564, 512.1741
143437.1416, 6394368.5203, 32.6347, 675.7813, 521.3445
143439.0959, 6394372.4961, 32.6535, 695.8980, 497.1819
143434.5768, 6394369.9374, 32.9899, 472.5965, 498.4581
143436.0786, 6394372.9887, 32.7405, 517.6360, 498.4243
143435.9872, 6394373.0051, 32.7359, 512.0902, 498.8919
143438.1689, 6394372.4811, 32.6672, 645.4896, 498.9062
143439.7714, 6394373.4935, 32.6587, 709.3987, 491.9409
143438.1689, 6394372.4811, 32.6672, 645.4896, 498.9062
143433.8360, 6394368.4695, 33.0632, 443.9157, 502.0707
143439.7714, 6394373.4935, 32.6587, 709.3987, 491.9409
143436.0358, 6394372.0011, 32.7176, 531.4932, 503.6177
143438.3936, 6394369.9763, 32.6118, 716.6207, 511.5989
143437.6688, 6394368.9949, 32.6176, 697.4928, 518.2287
143435.8805, 6394372.0005, 32.7135, 522.1673, 504.3256
143438.0588, 6394364.0340, 32.6893, 897.3168, 541.8093
143433.6893, 6394366.0062, 32.6698, 478.9283, 549.6749
143438.0457, 6394371.0311, 32.6651, 670.1518, 504.8198
143438.0457, 6394371.0311, 32.6651, 670.1518, 504.8198
143437.6657, 6394370.5335, 32.6690, 659.0934, 507.7647
143433.8677, 6394368.4619, 32.9744, 446.6057, 508.6931
143435.6673, 6394367.4963, 32.9459, 599.1329, 509.1383
143437.9137, 6394367.6249, 32.8335, 752.3459, 508.8140
143438.0584, 6394370.0605, 32.6484, 694.2240, 509.9055
143438.0584, 6394370.0605, 32.6484, 694.2240, 509.9055
143435.5745, 6394366.9737, 32.9341, 605.4173, 513.1593
143435.3648, 6394366.5164, 32.9536, 601.2956, 514.9789
143436.7898, 6394363.6280, 33.0800, 812.9346, 515.5359
143429.0042, 6394366.9953, 38.5397, 19.6311, 27.7682
143432.8189, 6394365.9649, 38.3231, 388.5803, 47.8391
143435.4732, 6394365.4707, 38.3000, 628.5697, 54.3445
143458.7774, 6394387.5790, 44.6801, 1085.7024, 56.4032
143459.9552, 6394392.0089, 45.3753, 1031.8553, 67.5768
143436.6187, 6394364.8950, 38.4542, 740.7574, 34.9568
143436.9360, 6394364.9032, 38.4804, 765.8613, 34.6301
143458.1151, 6394393.5828, 42.9303, 960.9633, 145.2773
143434.2481, 6394368.5298, 37.4934, 463.5690, 164.6370
143434.9488, 6394370.5094, 37.5665, 479.1043, 182.7908
143434.9488, 6394370.5094, 37.5665, 479.1043, 182.7908
143445.2524, 6394366.5717, 36.9606, 1237.1223, 206.6356
143446.9301, 6394370.6027, 37.1479, 1143.8986, 228.4185
143433.8694, 6394365.9375, 38.4873, 481.1049, 38.3918
143448.4552, 6394377.5731, 37.6814, 989.6354, 242.1943
143432.0541, 6394375.4795, 35.8031, 248.6127, 323.3923
143460.4536, 6394392.1127, 46.2802, 1042.0581, 42.4867
143433.9945, 6394365.9441, 38.4226, 491.8653, 45.0326
143432.0541, 6394375.4795, 35.8031, 248.6127, 323.3923
143432.9394, 6394368.9739, 35.1957, 363.9532, 342.1291
143459.1225, 6394388.5445, 45.2147, 1075.3191, 47.0068
143429.9378, 6394366.9680, 38.3725, 111.9479, 48.2414
143429.9378, 6394366.9680, 38.3725, 111.9479, 48.2414
143429.5025, 6394366.9748, 38.3339, 69.8194, 49.4718
143432.3932, 6394366.4839, 38.3144, 342.7936, 57.0341
143432.9300, 6394364.9659, 38.0051, 417.4919, 56.8756
143433.7944, 6394365.4601, 38.1588, 485.8340, 57.7812
143433.0023, 6394364.9761, 37.9547, 424.2590, 62.3849
143433.0023, 6394364.9761, 37.9547, 424.2590, 62.3849
143432.8585, 6394364.9874, 37.9381, 410.5216, 63.4141
143459.8850, 6394392.5524, 45.5553, 1020.6806, 65.6805
143431.2612, 6394366.4882, 38.1240, 240.1936, 68.3580
143461.5941, 6394396.6676, 46.3300, 993.9509, 71.8973
143458.4041, 6394388.4603, 44.3345, 1058.2526, 73.1313
143434.2415, 6394365.4666, 38.0087, 525.2288, 74.0383
143434.1540, 6394372.4645, 35.0917, 404.6812, 357.6169
143458.1280, 6394387.0512, 43.9935, 1079.2037, 73.8420
143438.2908, 6394362.9285, 37.6781, 965.6520, 75.0748
143439.5277, 6394368.1193, 34.8863, 838.2806, 357.6905
143439.0583, 6394366.6158, 34.7909, 861.0161, 361.6280
143436.2256, 6394378.9849, 34.9740, 443.9301, 372.5954
143436.2256, 6394378.9849, 34.9740, 443.9301, 372.5954
143434.5467, 6394364.0145, 32.9091, 604.1638, 539.8414
143434.6179, 6394363.9948, 32.6819, 611.7057, 561.2067
143458.3137, 6394387.6573, 44.0909, 1071.8279, 75.2548
143459.7003, 6394391.9778, 45.0102, 1026.2024, 77.7403
143457.7611, 6394386.5845, 43.6433, 1078.9391, 81.5001
143457.7611, 6394386.5845, 43.6433, 1078.9391, 81.5001
143459.3657, 6394392.1115, 44.8452, 1015.6620, 82.9152
143458.0284, 6394388.6272, 43.9377, 1045.1530, 86.2850
143458.0284, 6394388.6272, 43.9377, 1045.1530, 86.2850
143457.7971, 6394388.0215, 43.4949, 1050.8517, 96.1570
143438.2183, 6394363.0342, 37.4517, 954.2946, 98.7140
143429.4021, 6394366.9949, 37.6357, 62.9554, 113.9121
143429.1333, 6394367.0012, 37.5810, 36.7030, 117.9377
143438.6172, 6394363.9201, 37.4381, 941.3343, 117.7482
143433.3912, 6394365.5457, 37.3971, 450.1785, 127.6277
143447.8111, 6394370.1440, 38.8018, 1202.8452, 130.6099
143438.6246, 6394363.9047, 37.1768, 942.8837, 141.1535
143457.8588, 6394391.5617, 42.6054, 987.8820, 144.4313
143438.0852, 6394364.1309, 37.1503, 890.3427, 145.1134
143449.6626, 6394377.1897, 39.7933, 1044.6650, 146.3683
143434.2482, 6394367.9964, 37.5283, 473.1210, 155.2544
143454.8998, 6394384.6274, 40.9777, 1039.3251, 156.1657
143437.4072, 6394364.4158, 38.4832, 822.7572, 26.5308
143454.6499, 6394384.0660, 40.7587, 1044.0266, 160.4323
143435.2417, 6394371.5172, 37.5403, 481.9367, 194.7650
143446.3570, 6394368.1558, 37.3653, 1218.8236, 195.7333
143435.4981, 6394371.5235, 37.4746, 498.1909, 199.5844
143435.2857, 6394372.0400, 37.5175, 476.6178, 200.9459
143435.2857, 6394372.0400, 37.5175, 476.6178, 200.9459
143438.3144, 6394363.9869, 36.5156, 915.5117, 201.0176
143447.9242, 6394372.5978, 37.7145, 1115.7200, 211.7806
143448.8173, 6394377.6207, 38.2049, 1001.9305, 219.3235
143438.0809, 6394364.6507, 36.2240, 868.0833, 233.6256
143446.9956, 6394371.5924, 37.1460, 1110.1509, 234.9599
143429.6207, 6394366.9817, 38.3103, 81.4897, 52.4708
143435.8766, 6394364.9816, 38.2361, 677.3830, 52.2537
143438.7136, 6394381.0147, 37.5637, 530.0533, 257.0911
143436.2949, 6394364.4500, 38.1477, 731.0174, 51.5311
143437.8645, 6394363.5818, 38.0500, 897.3962, 51.0062
143434.6085, 6394365.4677, 38.2267, 556.2783, 56.1854
143434.0341, 6394365.4372, 38.1537, 507.4918, 59.0891
143430.4027, 6394366.4710, 38.0612, 158.8366, 69.2927
143431.7129, 6394365.9890, 37.9433, 287.7196, 77.4493
143431.1379, 6394366.4882, 37.9443, 229.2910, 84.2068
143430.6657, 6394366.4849, 37.8632, 184.8774, 89.3256
143430.0919, 6394366.4972, 37.7655, 129.6336, 95.9053
143438.7136, 6394381.0147, 37.5637, 530.0533, 257.0911
143445.4371, 6394366.1213, 36.1426, 1270.3733, 260.4173
143439.1814, 6394383.0143, 37.6074, 525.8848, 263.7683
143445.4735, 6394366.1012, 35.9917, 1273.3916, 270.9128
143458.9394, 6394391.9990, 44.1637, 1007.1775, 101.7611
143429.4436, 6394367.0209, 37.4860, 67.7043, 128.3097
143445.4735, 6394366.1012, 35.9917, 1273.3916, 270.9128
143445.4735, 6394366.1012, 35.9917, 1273.3916, 270.9128
143456.2320, 6394388.1002, 41.4225, 1007.4169, 161.6675
143454.4720, 6394386.5891, 39.8471, 987.3528, 204.9338
143448.0053, 6394373.1654, 37.8129, 1099.9818, 210.5220
143432.7434, 6394377.9802, 36.2522, 273.1959, 306.8272
143433.6181, 6394380.4737, 36.1582, 303.6188, 319.2718
143438.2354, 6394364.5715, 34.8942, 884.6387, 348.3010
143437.8579, 6394391.9521, 34.4715, 402.9520, 398.9826
143432.6734, 6394377.4921, 36.6456, 271.3482, 283.9268
143432.9500, 6394378.4980, 36.6351, 280.5383, 288.7585
143433.2527, 6394378.9868, 36.5658, 293.5779, 294.2797
143430.3376, 6394370.4848, 35.8576, 151.1992, 299.4459
143439.3222, 6394368.0983, 35.5942, 825.3895, 307.7266
143438.0532, 6394364.0352, 32.6740, 896.8408, 543.1712
143436.4117, 6394363.4748, 32.3942, 788.5550, 582.9044
143449.2887, 6394370.1591, 40.9586, 1269.3239, 11.0078
143449.2887, 6394370.1591, 40.9586, 1269.3239, 11.0078
143446.4177, 6394402.0310, 37.7730, 573.5036, 308.6457
143449.2887, 6394370.1591, 40.9586, 1269.3239, 11.0078
143446.4177, 6394402.0310, 37.7730, 573.5036, 308.6457
143448.0531, 6394406.4799, 37.8321, 578.5873, 314.2035
143432.3001, 6394376.4871, 35.9816, 257.2935, 316.4602
143432.3001, 6394376.4871, 35.9816, 257.2935, 316.4602
143435.4475, 6394385.4698, 36.4235, 353.3480, 320.0254
143433.6503, 6394370.9569, 35.2677, 389.9733, 342.6291
143433.6503, 6394370.9569, 35.2677, 389.9733, 342.6291
143439.2279, 6394367.0988, 35.0325, 854.3424, 344.6320
143439.2279, 6394367.0988, 35.0325, 854.3424, 344.6320
143439.6861, 6394369.0803, 34.9450, 817.0145, 355.7357
143439.6861, 6394369.0803, 34.9450, 817.0145, 355.7357
143439.6861, 6394369.0803, 34.9450, 817.0145, 355.7357
143432.2803, 6394376.4928, 34.9703, 258.2624, 372.9417
143432.2803, 6394376.4928, 34.9703, 258.2624, 372.9417
143438.0448, 6394392.4585, 35.1673, 405.1889, 375.5811
143441.5442, 6394401.4401, 34.9513, 453.1568, 385.1645
143439.7931, 6394369.0346, 34.4824, 825.2969, 386.5928
143437.1223, 6394389.9863, 34.3667, 390.3900, 402.8851
143437.1223, 6394389.9863, 34.3667, 390.3900, 402.8851
143429.1664, 6394367.0176, 38.2355, 37.2392, 57.6201
143438.4052, 6394363.9480, 36.8094, 924.1323, 174.2589
143438.4052, 6394363.9480, 36.8094, 924.1323, 174.2589
143445.4101, 6394366.4784, 36.5812, 1250.3949, 232.3905
143436.7617, 6394380.5409, 34.0347, 453.8926, 417.1306
143436.7617, 6394380.5409, 34.0347, 453.8926, 417.1306
143436.9827, 6394376.5418, 37.5070, 507.0178, 235.7986
143441.1473, 6394374.1009, 33.5038, 763.7668, 441.6491
143437.1013, 6394371.5003, 33.0230, 603.9147, 483.4000
143430.6365, 6394371.5094, 36.4568, 169.5916, 262.3905
143438.1597, 6394368.0987, 32.9499, 753.9883, 497.4521
143438.7141, 6394371.0000, 32.6350, 709.6464, 504.8553
143435.2388, 6394368.0139, 32.6712, 556.5199, 528.7555
143438.1314, 6394364.0060, 32.8035, 904.0861, 531.6387
143437.2227, 6394362.9104, 32.9217, 882.2584, 533.5277
143438.1203, 6394363.6150, 32.7074, 921.6428, 543.1945
143429.3861, 6394366.4957, 32.8942, 80.0636, 547.8457
143434.4354, 6394366.0118, 32.6212, 540.8929, 550.0762
143429.0688, 6394365.9959, 32.9218, 46.4119, 551.3376
143429.1911, 6394365.9999, 32.9217, 59.0391, 550.6295
143432.7670, 6394366.0166, 32.6974, 399.3249, 551.8710
143432.6525, 6394366.0108, 32.6821, 389.3992, 553.8538
143431.5724, 6394374.4850, 36.3536, 222.5950, 286.5518
143431.4935, 6394374.4861, 35.3088, 220.1216, 350.3034
143432.7584, 6394377.9796, 35.1576, 276.1463, 364.4930
143435.3796, 6394385.4745, 34.8322, 352.7393, 384.9619
143435.8628, 6394363.5028, 32.5416, 739.8218, 572.0541
143431.6186, 6394364.9945, 32.6385, 308.2723, 573.1779
143433.1453, 6394364.4914, 32.3521, 463.9473, 596.3323
143433.1830, 6394364.4857, 32.2920, 467.7747, 601.8440
143429.9697, 6394365.4785, 32.3676, 140.9431, 604.2735
143429.9697, 6394365.4785, 32.3676, 140.9431, 604.2735
143459.4900, 6394388.4231, 45.8833, 1087.2279, 25.5473
143429.8516, 6394369.0066, 36.4906, 111.0447, 239.8230
143430.6348, 6394371.9969, 35.4376, 171.0746, 335.6581
143439.6536, 6394369.1060, 34.8066, 814.4133, 365.1068
143431.8534, 6394365.9477, 38.1374, 300.7320, 59.2284
143429.6474, 6394366.9938, 38.1262, 84.8675, 69.8393
143456.2277, 6394383.4797, 42.8838, 1103.7446, 82.3391
143429.8206, 6394366.9875, 37.9485, 102.3487, 86.9237
143449.4216, 6394370.5917, 40.9491, 1256.9178, 18.3056
143459.2035, 6394392.6630, 44.7148, 1002.2972, 89.8597
143428.9994, 6394366.5028, 37.6831, 20.2491, 98.6055
143428.9994, 6394366.5028, 37.6831, 20.2491, 98.6055
143428.9994, 6394366.5028, 37.6831, 20.2491, 98.6055
143434.5849, 6394367.0481, 32.6977, 528.8473, 535.5377
143455.8271, 6394382.9499, 42.2633, 1104.3008, 100.2706
143455.6842, 6394383.6110, 42.2429, 1084.7252, 105.5043
143458.4313, 6394391.9909, 43.3253, 994.8302, 125.8972
143458.3485, 6394391.0370, 43.0852, 1009.2744, 127.7974
143449.1287, 6394374.5929, 38.9021, 1100.0442, 167.5108
143434.6666, 6394369.5159, 37.5358, 476.5855, 173.8864
143434.3483, 6394369.5063, 37.4955, 454.3351, 175.9774
143449.2339, 6394376.4954, 38.7225, 1047.8577, 189.5949
143429.4495, 6394368.4934, 36.9828, 73.5733, 193.2266
143448.2701, 6394373.0039, 38.0762, 1116.5800, 196.1033
143429.6035, 6394368.9957, 36.9715, 87.9589, 200.2011
143435.6607, 6394373.0507, 37.4969, 484.2022, 211.1177
143438.0997, 6394363.0049, 35.2090, 948.1016, 312.7513
143434.0098, 6394367.5237, 32.7075, 474.6442, 534.1006
143436.0470, 6394367.0235, 32.6433, 639.5970, 533.7130
143436.0470, 6394367.0235, 32.6433, 639.5970, 533.7130
143448.4243, 6394375.5895, 38.0906, 1042.1575, 212.5335
143438.1031, 6394364.1296, 36.1219, 892.8792, 237.5258
143449.3735, 6394379.6083, 38.0193, 973.4200, 237.8184
143448.5623, 6394377.1079, 37.7376, 1005.7849, 237.4543
143460.7951, 6394391.6117, 46.8119, 1059.2671, 23.8664
143437.9591, 6394363.0973, 32.4782, 934.4366, 569.6328
143434.2742, 6394364.0343, 32.5766, 579.5662, 572.8688
143433.3897, 6394364.9833, 37.7789, 460.7362, 81.5115
143447.1943, 6394370.1941, 37.9127, 1172.1995, 181.4923
143447.1943, 6394370.1941, 37.9127, 1172.1995, 181.4923
143437.6753, 6394363.9734, 37.6100, 864.4568, 98.8799
143437.8035, 6394363.0562, 35.4299, 920.9144, 291.9772
143431.8673, 6394375.4880, 36.0674, 236.7689, 308.0194
143439.3591, 6394367.6104, 35.4234, 844.3937, 317.7970
143439.4864, 6394368.1307, 35.3654, 834.8493, 324.0225
143432.0813, 6394366.4774, 35.2636, 324.4683, 327.3184
143439.6941, 6394369.0844, 35.3780, 816.9328, 326.6289
143440.4730, 6394371.1304, 35.3805, 801.8177, 332.8886
143430.3570, 6394370.9947, 35.2689, 153.4782, 344.5438
143433.3509, 6394369.9610, 35.1307, 381.9599, 349.6051
143434.7940, 6394363.9526, 34.8720, 624.1097, 351.2213
143432.1395, 6394367.0033, 34.8431, 324.4803, 365.5573
143440.8516, 6394372.1137, 34.7021, 796.3459, 375.1474
143434.2861, 6394382.4864, 34.9571, 324.5659, 378.2697
143433.8647, 6394380.9917, 34.7752, 314.6636, 385.7881
143434.6850, 6394383.4777, 34.7149, 336.3912, 389.2930
143435.6967, 6394373.4354, 33.0458, 488.2486, 479.8759
143435.6117, 6394367.5529, 32.9839, 593.6310, 506.1509
143437.1773, 6394362.9803, 33.0467, 874.8910, 521.2593
143434.7279, 6394365.0653, 32.9172, 589.1309, 530.1208
143435.0431, 6394367.0290, 32.6714, 564.4855, 535.7629
143438.0918, 6394362.5071, 32.7621, 976.0623, 547.5657
143433.8997, 6394366.0060, 32.6477, 496.6583, 550.5175
143430.4060, 6394365.4780, 32.3524, 185.1759, 602.7630
143430.4060, 6394365.4780, 32.3524, 185.1759, 602.7630
143450.1286, 6394371.6488, 41.4895, 1244.5475, 6.0746
143454.0745, 6394376.5596, 43.0161, 1222.1608, 7.1812
143436.9682, 6394364.4771, 38.4233, 784.9974, 30.6906
143436.9682, 6394364.4771, 38.4233, 784.9974, 30.6906
143436.6793, 6394364.9439, 38.4880, 743.8030, 33.3345
143454.0745, 6394376.5596, 43.0161, 1222.1608, 7.1812
143460.6930, 6394392.5286, 46.6354, 1040.5042, 35.4249
143460.6930, 6394392.5286, 46.6354, 1040.5042, 35.4249
143449.5585, 6394370.6366, 40.6680, 1260.9733, 35.2751
143437.3600, 6394364.4466, 38.4634, 817.7345, 28.7294
143433.0831, 6394365.9528, 38.4341, 412.1051, 38.9616
143460.4305, 6394391.5371, 46.2085, 1051.7766, 40.5488
143459.4229, 6394388.4390, 45.3638, 1085.2229, 42.0774
143460.6311, 6394391.4210, 46.0953, 1058.8181, 43.4824
143433.2867, 6394364.9491, 38.1540, 450.8525, 44.2425
143460.3223, 6394391.5775, 46.0596, 1048.4138, 45.0588
143429.4153, 6394366.9642, 38.3694, 61.0705, 45.4430
143460.4193, 6394392.5748, 46.2465, 1033.1477, 46.5791
143429.4426, 6394366.9756, 38.3247, 63.9857, 49.9947
143430.7598, 6394366.9663, 38.3861, 189.6396, 51.5761
143449.4822, 6394370.4913, 41.0815, 1263.7976, 9.6207
143438.0829, 6394362.9431, 38.1109, 947.3326, 32.0312
143429.4821, 6394366.9982, 38.2302, 68.3146, 59.4476
143429.9136, 6394366.9875, 38.2547, 110.0831, 59.3243
143460.0225, 6394391.0294, 45.4274, 1051.0232, 59.6666
143432.3940, 6394365.0027, 37.9275, 365.8571, 62.1357
143432.5319, 6394364.9782, 37.9303, 379.5417, 62.1237
143429.7106, 6394366.9809, 38.1843, 90.7534, 64.5630
143436.0716, 6394364.5602, 38.0077, 708.5486, 65.5567
143434.4293, 6394365.0379, 37.9591, 552.6612, 71.0438
143434.1160, 6394365.4487, 38.0139, 514.7281, 72.5727
143459.2703, 6394389.0823, 45.7362, 1068.5454, 34.8203
143437.9318, 6394363.0058, 38.0848, 931.5151, 35.0927
143462.0648, 6394395.5792, 47.3684, 1021.4832, 37.8124
143434.7708, 6394365.4313, 38.4210, 570.6357, 38.7313
143437.7322, 6394363.0725, 38.0543, 911.4615, 38.3728
143431.7181, 6394366.4319, 38.4434, 281.9319, 40.5104
143449.5167, 6394370.5481, 40.7995, 1262.8694, 26.5066
143433.0563, 6394365.9708, 38.3862, 409.5412, 43.5584
143462.0379, 6394396.1611, 47.2845, 1011.6454, 43.7908
143460.7421, 6394393.6050, 46.5691, 1023.2589, 44.7821
143436.7773, 6394364.9079, 38.4532, 753.0449, 36.2468
143437.4131, 6394364.4415, 38.3836, 822.2892, 36.1778
143460.4511, 6394393.0067, 46.2152, 1026.4930, 50.4482
143429.4975, 6394366.9800, 38.3114, 69.4399, 51.6366
143460.2964, 6394393.0563, 46.0198, 1021.9591, 56.1535
143460.8032, 6394391.4412, 46.3630, 1062.6259, 35.9877
143459.7687, 6394390.5349, 45.0977, 1053.8141, 65.8654
143459.2476, 6394388.5837, 45.5867, 1077.7548, 35.7199
143459.7687, 6394390.5349, 45.0977, 1053.8141, 65.8654
143458.6978, 6394388.4120, 44.5567, 1066.8989, 66.2261
143438.0087, 6394363.0228, 37.7725, 937.3289, 66.3525
143438.0087, 6394363.0228, 37.7725, 937.3289, 66.3525
143430.5041, 6394366.4779, 38.0150, 168.7988, 74.2702
143430.2097, 6394366.4838, 37.9869, 140.3036, 75.4860
143458.1072, 6394388.0647, 43.9262, 1058.2119, 83.0268
143456.1980, 6394384.0985, 42.9444, 1088.7161, 84.7558
143438.3076, 6394362.9476, 37.5744, 966.0972, 85.6080
143459.3709, 6394392.5204, 44.8280, 1008.7926, 85.9402
143459.3709, 6394392.5204, 44.8280, 1008.7926, 85.9402
143459.3709, 6394392.5204, 44.8280, 1008.7926, 85.9402
143460.3861, 6394395.0688, 45.4163, 991.2461, 85.7908
143435.7343, 6394365.4278, 38.4789, 650.9342, 39.0091
143435.7343, 6394365.4278, 38.4789, 650.9342, 39.0091
143434.9113, 6394365.4663, 38.4080, 581.6231, 41.4645
143433.4119, 6394364.9247, 38.1311, 463.0812, 46.6556
143432.6201, 6394366.0035, 38.3138, 370.0647, 48.3834
143432.6201, 6394366.0035, 38.3138, 370.0647, 48.3834
143433.1363, 6394364.9560, 38.1121, 436.7822, 47.5278
143430.0508, 6394366.9739, 38.3271, 122.9739, 53.1648
143438.1876, 6394362.9249, 37.8461, 957.2016, 58.0994
143432.5101, 6394364.9839, 37.9231, 377.3732, 62.8213
143432.7241, 6394364.9868, 37.9470, 397.7366, 61.7834
143431.3825, 6394366.4820, 38.1330, 251.5048, 68.0525
143431.3825, 6394366.4820, 38.1330, 251.5048, 68.0525
143437.8317, 6394363.0276, 37.7013, 922.4267, 72.4033
143437.8317, 6394363.0276, 37.7013, 922.4267, 72.4033
143438.4043, 6394362.8739, 37.6089, 977.9659, 81.2755
143433.2059, 6394364.9854, 37.7284, 443.7929, 85.4449
143432.8496, 6394364.9954, 37.6699, 410.3356, 89.4626
143432.7272, 6394365.0165, 37.5434, 398.7336, 101.4927
143449.6501, 6394372.3433, 40.0938, 1197.8944, 87.4980
143449.7342, 6394375.0353, 39.6378, 1110.1107, 136.4698
143445.8725, 6394366.6420, 37.9636, 1267.2487, 139.4535
143460.2619, 6394395.0945, 45.2788, 987.9645, 89.5794
143459.1056, 6394393.0503, 44.6227, 993.4525, 94.6968
143438.2719, 6394362.9986, 37.4556, 960.5595, 97.9074
143430.8703, 6394366.4873, 37.7467, 204.7813, 101.0971
143438.6842, 6394363.8737, 37.4510, 948.7628, 116.0665
143429.2233, 6394367.0051, 37.5850, 45.6090, 118.0124
143458.5182, 6394392.5793, 43.5508, 987.0542, 122.5337
143438.7482, 6394363.8397, 37.3231, 955.4781, 127.3429
143449.7282, 6394375.1411, 39.6795, 1106.5928, 135.3503
143447.4684, 6394369.0118, 38.4361, 1234.9746, 139.6478
143434.8984, 6394368.9712, 37.6734, 502.5512, 158.0883
143434.8984, 6394368.9712, 37.6734, 502.5512, 158.0883
143433.9205, 6394368.0411, 37.4808, 447.2800, 158.6453
143456.7787, 6394389.5940, 41.7054, 994.5420, 160.8565
143455.1437, 6394385.6417, 40.9044, 1025.2772, 164.7195
143433.5476, 6394370.5275, 37.7745, 382.5977, 165.2781
143433.5476, 6394370.5275, 37.7745, 382.5977, 165.2781
143433.3255, 6394370.5346, 37.7335, 367.0068, 167.7270
143433.3255, 6394370.5346, 37.7335, 367.0068, 167.7270
143438.1295, 6394364.6275, 36.8827, 872.0620, 176.0533
143438.1295, 6394364.6275, 36.8827, 872.0620, 176.0533
143430.1336, 6394370.0079, 37.3874, 130.8523, 179.7645
143440.1580, 6394368.4084, 37.4497, 864.9905, 180.5645
143430.2015, 6394370.0117, 37.3479, 136.4538, 183.0042
143455.2313, 6394386.9408, 40.3738, 1002.0413, 189.4774
143438.4676, 6394363.9282, 36.5822, 930.1268, 194.6690
143438.2750, 6394364.0027, 36.5697, 911.6593, 196.2471
143446.0248, 6394367.6673, 37.2487, 1224.5798, 198.3801
143448.4009, 6394374.1275, 38.1056, 1085.2942, 202.5100
143446.0265, 6394367.5939, 37.1531, 1228.1279, 203.9977
143435.7151, 6394372.5091, 37.5136, 495.6857, 205.8307
143439.9586, 6394368.4419, 37.0177, 852.0806, 210.5911
143439.8944, 6394368.4635, 36.9220, 847.5171, 217.3396
143439.8944, 6394368.4635, 36.9220, 847.5171, 217.3396
143448.6342, 6394376.6332, 38.0357, 1021.1754, 221.3732
143449.0220, 6394378.1264, 38.1874, 996.6701, 223.0015
143448.2225, 6394375.0993, 37.7947, 1048.4413, 223.6452
143436.0443, 6394375.5053, 37.4998, 471.7266, 228.8589
143431.7734, 6394374.9854, 37.2638, 230.6967, 234.4643
143448.0564, 6394376.1332, 37.5631, 1012.4234, 240.1793
143440.1087, 6394368.4221, 36.5810, 862.2991, 240.9737
143440.1087, 6394368.4221, 36.5810, 862.2991, 240.9737
143432.2800, 6394376.4807, 37.2360, 253.5061, 246.0204
143438.3022, 6394379.4942, 37.5919, 531.0020, 248.4751
143438.3022, 6394379.4942, 37.5919, 531.0020, 248.4751
143438.3022, 6394379.4942, 37.5919, 531.0020, 248.4751
143447.9166, 6394376.0609, 37.3512, 1008.9393, 249.6878
143437.6923, 6394363.1027, 35.8436, 908.9485, 252.6598
143438.6020, 6394381.0055, 37.6398, 525.2639, 253.5584
143438.5128, 6394381.0382, 37.5618, 521.1127, 257.1655
143439.7659, 6394369.0229, 36.3815, 822.1743, 258.5472
143439.5817, 6394368.6352, 36.2792, 823.3708, 262.8677
143439.5817, 6394368.6352, 36.2792, 823.3708, 262.8677
143440.3526, 6394385.5325, 37.5992, 543.2062, 273.8070
143437.7537, 6394363.0713, 35.6150, 915.8408, 274.3512
143438.3275, 6394365.1099, 35.7707, 867.7365, 276.5336
143435.4580, 6394385.4691, 37.3604, 352.4850, 281.6622
143435.4580, 6394385.4691, 37.3604, 352.4850, 281.6622
143438.9529, 6394367.0970, 35.8762, 835.4109, 281.7096
143433.0521, 6394378.4803, 36.7082, 285.8854, 284.9273
143433.3648, 6394379.4869, 36.7001, 296.0372, 289.4383
143438.3027, 6394365.1364, 35.5420, 865.0640, 295.8914
143444.0322, 6394395.5110, 37.6971, 564.5386, 298.1746
143449.2600, 6394370.1768, 40.9893, 1267.2991, 9.3890
143459.4831, 6394388.4260, 45.8914, 1086.9884, 25.2975
143460.8571, 6394393.0763, 46.7968, 1034.9371, 34.8612
143432.6855, 6394365.9671, 38.4123, 376.2506, 38.9326
143459.3398, 6394388.1787, 45.4017, 1088.2781, 38.7309
143459.2644, 6394388.5429, 45.4247, 1079.0212, 40.5997
143433.8565, 6394365.9522, 38.4101, 479.8735, 45.5452
143458.4821, 6394386.5971, 44.4673, 1098.2236, 55.4988
143432.5131, 6394364.9707, 37.9752, 377.7169, 57.4627
143449.3831, 6394370.2095, 40.8691, 1271.3330, 17.2537
143460.9237, 6394392.1161, 46.9901, 1053.3051, 22.5485
143460.9237, 6394392.1161, 46.9901, 1053.3051, 22.5485
143437.5209, 6394364.3805, 38.3933, 833.4242, 34.5998
143460.9339, 6394393.5894, 46.9219, 1028.0151, 34.9504
143460.9339, 6394393.5894, 46.9219, 1028.0151, 34.9504
