143431.4720, 6394365.9969, 32.4888, 263.7621, 574.4348
143431.2562, 6394365.9924, 32.4561, 242.9054, 578.7057
143431.2562, 6394365.9924, 32.4561, 242.9054, 578.7057
143431.1831, 6394365.9900, 32.4435, 235.7923, 580.3171
143431.1831, 6394365.9900, 32.4435, 235.7923, 580.3171
143431.1157, 6394365.9874, 32.4313, 229.2293, 581.8702
143433.5704, 6394367.0234, 32.6910, 436.8368, 537.3657
143435.9403, 6394368.0631, 37.6983, 592.8313, 132.9292
143431.2403, 6394367.0250, 32.7884, 231.9488, 538.4958
143434.0858, 6394368.0342, 37.4848, 451.8250, 142.1969
143431.2403, 6394367.0250, 32.7884, 231.9488, 538.4958
143434.1956, 6394366.5166, 32.6795, 499.4915, 539.7900
143435.9403, 6394368.0631, 37.6983, 592.8313, 132.9292
143439.9633, 6394368.4424, 36.9888, 855.1284, 203.4258
143429.4919, 6394368.0202, 37.3521, 51.0820, 133.5696
143438.5400, 6394363.9514, 37.0462, 943.6140, 140.8680
143433.2269, 6394366.5322, 32.7077, 416.5746, 541.2598
143432.8457, 6394366.0164, 32.6833, 391.9169, 549.5533
143436.4839, 6394365.0341, 32.5783, 732.0823, 551.2872
143434.3519, 6394365.4917, 32.6153, 537.7367, 553.5727
143434.2038, 6394364.5436, 32.6587, 550.1365, 559.4508
143431.4939, 6394366.0001, 32.5326, 265.7330, 570.1862
143436.3922, 6394363.9533, 32.1470, 766.8943, 602.8719
143448.4314, 6394374.4652, 37.9650, 1079.6392, 207.0405
143438.5840, 6394363.9456, 36.3046, 947.3148, 210.1463
143438.5840, 6394363.9456, 36.3046, 947.3148, 210.1463
143437.0118, 6394374.5481, 37.5170, 531.1102, 211.3715
143456.2125, 6394387.0921, 41.4026, 1026.1307, 152.5975
143457.6569, 6394390.6231, 42.3640, 998.1185, 142.1883
143438.4668, 6394363.9107, 36.9846, 939.8382, 145.6792
143438.4668, 6394363.9107, 36.9846, 939.8382, 145.6792
143437.0118, 6394374.5481, 37.5170, 531.1102, 211.3715
143438.1731, 6394364.0885, 36.2820, 907.4509, 212.6100
143449.1696, 6394374.5606, 38.9086, 1107.1158, 161.8402
143429.2201, 6394367.0099, 36.8338, 22.0524, 165.5430
143438.6026, 6394363.9242, 36.7047, 949.9367, 172.6648
143449.4691, 6394374.6313, 39.2655, 1117.0527, 145.3055
143435.9004, 6394375.0294, 37.4788, 461.8071, 214.8556
143433.2192, 6394370.5181, 37.7804, 348.0898, 147.3963
143432.9684, 6394370.5316, 37.7500, 329.5703, 148.9131
143432.9684, 6394370.5316, 37.7500, 329.5703, 148.9131
143449.2852, 6394376.4964, 38.7630, 1052.4473, 182.7290
143432.9066, 6394370.5422, 37.7420, 324.9027, 149.4136
143430.3096, 6394370.5003, 36.6368, 126.5845, 224.8345
143438.2772, 6394364.0274, 36.1351, 918.7800, 225.9194
143438.2772, 6394364.0274, 36.1351, 918.7800, 225.9194
143448.6537, 6394376.5944, 37.9700, 1024.8894, 219.4745
143438.1880, 6394364.0839, 36.1130, 908.8744, 228.3178
143438.3660, 6394363.9772, 36.0975, 928.3622, 229.1402
143430.2921, 6394370.9960, 36.2006, 125.6675, 261.7384
143449.8819, 6394377.0851, 39.5616, 1058.6432, 150.9543
143429.8119, 6394369.0221, 37.3262, 82.6694, 151.5740
143431.7598, 6394375.0054, 36.5073, 215.9100, 266.4305
143432.6631, 6394370.9918, 37.7754, 302.3988, 151.3728
143432.3739, 6394376.4703, 37.2469, 244.8045, 231.6383
143438.7298, 6394363.8480, 36.0488, 963.8207, 233.3207
143438.7298, 6394363.8480, 36.0488, 963.8207, 233.3207
143438.1846, 6394364.5838, 36.0238, 885.0147, 241.2871
143432.6631, 6394370.9918, 37.7754, 302.3988, 151.3728
143438.4873, 6394363.9273, 36.9166, 940.6210, 152.4049
143432.2636, 6394370.9862, 37.7254, 273.1471, 153.5935
143432.2636, 6394370.9862, 37.7254, 273.1471, 153.5935
143431.9691, 6394371.0178, 37.6848, 251.0637, 155.9311
143447.6125, 6394375.5504, 36.7013, 1012.6868, 274.1146
143431.9691, 6394371.0178, 37.6848, 251.0637, 155.9311
143438.7842, 6394380.5185, 37.5883, 532.1771, 244.2505
143432.0199, 6394371.0126, 37.6877, 254.8914, 155.8269
143438.4702, 6394363.9247, 36.8688, 939.3825, 156.7729
143431.7718, 6394371.4934, 37.7264, 233.1540, 157.6214
143431.8350, 6394371.4911, 37.7332, 237.8033, 157.3140
143432.0343, 6394375.9832, 36.2293, 228.7464, 288.0112
143437.8859, 6394363.5935, 35.4180, 908.5271, 289.1311
143431.8350, 6394371.4911, 37.7332, 237.8033, 157.3140
143438.7842, 6394380.5185, 37.5883, 532.1771, 244.2505
143430.2555, 6394370.4939, 35.7750, 124.4722, 290.9936
143429.9603, 6394369.5178, 37.3279, 96.0027, 158.4596
143439.5985, 6394368.6334, 36.3647, 825.8562, 248.7540
143431.6416, 6394371.4935, 37.7093, 223.5734, 158.4294
143431.6416, 6394371.4935, 37.7093, 223.5734, 158.4294
143431.6909, 6394374.4911, 35.5634, 215.6762, 322.7452
143434.6638, 6394364.5228, 35.0716, 589.6684, 324.9597
143434.6638, 6394364.5228, 35.0716, 589.6684, 324.9597
143434.6638, 6394364.5228, 35.0716, 589.6684, 324.9597
143438.8853, 6394366.1098, 35.0653, 871.5230, 333.2572
143439.5844, 6394369.1347, 35.0360, 809.0162, 344.1717
143434.9822, 6394364.4582, 34.8480, 621.0690, 346.4760
143439.3131, 6394367.6455, 34.7984, 842.1458, 357.9666
143439.5491, 6394382.9972, 37.7431, 533.6059, 248.9909
143454.3967, 6394383.5996, 40.4874, 1047.3160, 162.8966
143431.7177, 6394374.9845, 34.9915, 216.1573, 359.1946
143430.9846, 6394371.5065, 37.6071, 174.5583, 163.8638
143430.9846, 6394371.5065, 37.6071, 174.5583, 163.8638
143439.5491, 6394382.9972, 37.7431, 533.6059, 248.9909
143430.1023, 6394370.0175, 37.3341, 108.0346, 164.6241
143439.6294, 6394368.6156, 36.3150, 828.4037, 252.2209
143430.2391, 6394370.5099, 37.3847, 118.8606, 166.9067
143438.4901, 6394363.9147, 36.7014, 941.4647, 172.4016
143438.1055, 6394364.6370, 36.7736, 876.2861, 173.9098
143439.6294, 6394368.6156, 36.3150, 828.4037, 252.2209
143440.1413, 6394368.4294, 37.3725, 866.6464, 176.3028
143434.6621, 6394383.4814, 34.6412, 322.9078, 383.6420
143435.1530, 6394370.5537, 37.4369, 484.7056, 178.7427
143429.6633, 6394368.9953, 36.9817, 70.3392, 179.8473
143440.3584, 6394370.6139, 34.4257, 809.6627, 386.4363
143440.1196, 6394368.3501, 37.2973, 868.1180, 180.8262
143447.0339, 6394370.3944, 36.5923, 1163.5098, 255.6418
143440.1196, 6394368.3501, 37.2973, 868.1180, 180.8262
143440.5982, 6394385.4921, 37.6620, 545.5852, 262.7436
143447.7477, 6394376.0411, 36.9554, 1004.2397, 263.9094
143437.8146, 6394363.6189, 35.6635, 901.3328, 265.6432
143440.5355, 6394386.5229, 37.6272, 531.7574, 267.5375
143438.8981, 6394370.6160, 32.7987, 725.5237, 492.9881
143436.6576, 6394366.9891, 32.6019, 680.3428, 533.0930
143436.6576, 6394366.9891, 32.6019, 680.3428, 533.0930
143437.1940, 6394366.4834, 32.5802, 736.1507, 536.4667
143437.1940, 6394366.4834, 32.5802, 736.1507, 536.4667
143436.0856, 6394366.0426, 32.6357, 665.8013, 539.5736
143437.1736, 6394364.3853, 31.8897, 814.2302, 616.3609
143440.5355, 6394386.5229, 37.6272, 531.7574, 267.5375
143453.9275, 6394384.0744, 39.9030, 1022.3487, 186.2003
143434.4075, 6394382.4615, 37.1178, 314.9826, 269.8661
143450.4272, 6394379.0436, 38.9810, 1025.6610, 190.4977
143430.7690, 6394371.9893, 37.2624, 157.6743, 193.0437
143432.8843, 6394377.9805, 36.6554, 266.3685, 273.2886
143430.7690, 6394371.9893, 37.2624, 157.6743, 193.0437
143438.6347, 6394363.9077, 36.4465, 953.2924, 196.6560
143438.6347, 6394363.9077, 36.4465, 953.2924, 196.6560
143431.0419, 6394372.9859, 37.2607, 174.4749, 202.7964
143433.0838, 6394378.4842, 36.6181, 274.3285, 277.6080
143437.9193, 6394363.5692, 35.4823, 912.5216, 282.8389
143431.2494, 6394373.4855, 37.2342, 187.2226, 209.2026
143438.5138, 6394365.6032, 35.6020, 865.4728, 286.2812
143439.6180, 6394369.1032, 35.8526, 811.8359, 287.5465
143435.7765, 6394375.5050, 37.5186, 448.5206, 215.5727
143435.6508, 6394375.5104, 37.5049, 441.4604, 216.1631
143435.6508, 6394375.5104, 37.5049, 441.4604, 216.1631
143430.2622, 6394370.4908, 36.7292, 122.5055, 217.5089
143431.5956, 6394374.4769, 37.2113, 206.3977, 219.0054
143431.7141, 6394374.9783, 37.2266, 211.7867, 221.8640
143459.5114, 6394387.1233, 45.6257, 1116.5338, 18.6144
143448.9236, 6394378.1210, 38.1004, 994.1358, 221.8773
143448.9236, 6394378.1210, 38.1004, 994.1358, 221.8773
143458.9774, 6394386.5975, 45.0335, 1113.4440, 32.8287
143431.6451, 6394366.0093, 37.8940, 265.9678, 58.4583
143439.8061, 6394368.4754, 36.6836, 844.1844, 225.2059
143439.8061, 6394368.4754, 36.6836, 844.1844, 225.2059
143434.2655, 6394380.5188, 37.8610, 320.3193, 225.4100
143438.0842, 6394364.6503, 36.1613, 874.1110, 229.2827
143458.1343, 6394387.5955, 43.9037, 1069.1880, 75.8366
143438.5376, 6394363.3877, 37.5857, 973.2534, 79.3890
143438.4452, 6394363.9303, 37.2129, 937.1328, 124.4285
143437.1219, 6394367.5635, 37.7160, 692.8233, 129.5945
143437.1219, 6394367.5635, 37.7160, 692.8233, 129.5945
143429.4482, 6394368.0163, 37.3712, 46.8030, 131.5867
143432.2191, 6394376.4960, 37.2790, 235.4446, 229.6969
143435.8522, 6394368.5365, 37.7659, 574.7756, 133.5973
143440.1541, 6394368.3936, 36.5879, 868.8288, 232.1119
143435.3704, 6394369.0112, 37.8008, 529.2328, 135.2055
143436.7331, 6394388.4567, 36.8663, 372.8093, 300.0744
143434.3791, 6394368.5020, 37.5637, 465.8565, 143.1982
143440.1541, 6394368.3936, 36.5879, 868.8288, 232.1119
143433.9533, 6394368.5433, 37.4568, 432.3594, 150.6101
143439.0592, 6394367.0899, 35.4913, 845.3676, 303.6917
143429.6230, 6394369.0010, 37.0004, 66.6551, 178.1895
143438.0113, 6394379.5384, 37.5287, 509.8137, 241.5045
143455.1780, 6394386.9753, 40.3861, 999.1202, 184.8852
143446.9880, 6394404.0433, 37.7671, 564.1744, 305.2364
143439.2955, 6394382.4619, 37.6925, 529.6407, 248.6860
143430.9714, 6394372.9841, 37.3042, 169.4007, 199.6540
143440.5865, 6394383.9708, 37.7113, 563.2755, 255.1949
143432.0433, 6394375.9882, 37.2227, 227.5246, 229.4681
143448.4226, 6394407.0393, 37.7946, 575.3110, 309.2844
143439.4476, 6394384.4846, 37.6565, 512.4070, 258.3814
143433.5985, 6394380.4747, 37.1145, 288.3978, 261.1603
143439.4476, 6394384.4846, 37.6565, 512.4070, 258.3814
143432.1607, 6394366.4845, 38.4445, 308.6072, 19.9082
143432.5707, 6394366.0215, 38.2698, 354.1151, 28.9665
143430.0489, 6394366.9848, 38.2491, 101.2685, 34.3167
143438.2107, 6394363.5032, 37.9998, 940.1990, 39.2290
143433.2244, 6394365.4979, 37.9443, 425.8877, 53.3917
143439.2637, 6394389.4871, 37.9232, 456.9927, 264.9799
143438.1050, 6394363.5038, 35.4625, 931.2112, 284.5464
143435.9727, 6394386.9702, 36.3287, 353.6513, 317.4149
143438.6091, 6394384.5210, 37.5790, 478.5971, 261.0026
143434.1395, 6394372.4594, 35.2968, 391.9249, 334.5918
143434.1395, 6394372.4594, 35.2968, 391.9249, 334.5918
143434.4166, 6394373.4692, 35.3021, 397.0978, 336.8924
143434.4166, 6394373.4692, 35.3021, 397.0978, 336.8924
143438.6091, 6394384.5210, 37.5790, 478.5971, 261.0026
143439.7511, 6394369.0499, 35.0206, 821.9738, 345.0381
143435.9481, 6394386.4710, 36.8313, 355.4918, 296.0543
143459.7699, 6394391.6719, 45.3638, 1033.3060, 60.4675
143435.6924, 6394376.9497, 35.2007, 429.0094, 349.8850
143438.9598, 6394384.5529, 37.5594, 492.3417, 262.2286
143435.6924, 6394376.9497, 35.2007, 429.0094, 349.8850
143435.9983, 6394377.9550, 35.1836, 433.4524, 352.3680
143436.0301, 6394386.4598, 36.7860, 358.9221, 297.8938
143438.9598, 6394384.5529, 37.5594, 492.3417, 262.2286
143435.9983, 6394377.9550, 35.1836, 433.4524, 352.3680
143459.7699, 6394391.6719, 45.3638, 1033.3060, 60.4675
143431.8435, 6394366.0114, 37.8538, 285.4953, 63.7318
143439.5574, 6394368.1051, 34.6863, 841.7285, 366.8730
143448.3150, 6394369.5877, 39.6093, 1260.4537, 71.6893
143438.8323, 6394385.0214, 37.5846, 482.4068, 262.7752
143439.8982, 6394368.4657, 36.1437, 850.4105, 263.8625
143438.6800, 6394385.9784, 35.0330, 469.0015, 367.5487
143436.0301, 6394386.4598, 36.7860, 358.9221, 297.8938
143440.7494, 6394387.5244, 37.6291, 528.8868, 270.8026
143439.0217, 6394367.0579, 35.9136, 843.9103, 270.8807
143438.7901, 6394366.6285, 35.7636, 844.2220, 279.6550
143445.5359, 6394400.0186, 37.7642, 559.5861, 298.1768
143443.4679, 6394393.4944, 37.7043, 559.0668, 285.7830
143438.3324, 6394365.1243, 35.5238, 872.3514, 289.8392
143464.7084, 6394402.0115, 47.2255, 981.7634, 77.9620
143438.5627, 6394363.9491, 37.2100, 945.5574, 125.5968
143438.2137, 6394364.0686, 36.7823, 911.6628, 165.8473
143444.9119, 6394401.4708, 34.8322, 532.8855, 380.3458
143448.8986, 6394375.5163, 38.4906, 1066.1255, 188.6068
143438.3897, 6394363.9527, 36.3930, 931.4951, 201.3725
143429.9206, 6394369.4946, 36.6553, 94.5047, 213.1935
143444.7712, 6394396.9930, 37.7978, 564.8175, 291.1119
143429.9206, 6394369.4946, 36.6553, 94.5047, 213.1935
143438.0771, 6394364.1516, 36.2278, 896.7099, 218.0530
143438.2752, 6394364.0270, 36.1473, 918.6388, 224.7763
143438.2752, 6394364.0270, 36.1473, 918.6388, 224.7763
143438.7259, 6394381.0078, 37.6025, 523.3231, 245.7661
143446.5746, 6394401.5051, 37.7891, 574.2341, 300.4205
143438.7259, 6394381.0078, 37.6025, 523.3231, 245.7661
143429.9109, 6394369.4959, 36.2134, 94.9459, 249.2888
143435.5595, 6394385.4731, 36.8559, 346.1822, 292.0910
143444.9119, 6394401.4708, 34.8322, 532.8855, 380.3458
143446.5746, 6394401.5051, 37.7891, 574.2341, 300.4205
143439.6351, 6394384.5271, 37.5700, 519.4030, 262.2611
143447.5872, 6394376.0803, 36.7975, 996.6296, 271.5091
143429.8796, 6394369.4930, 35.8215, 93.3782, 281.1628
143438.0121, 6394363.5184, 35.3962, 922.7914, 290.8843
143435.5595, 6394385.4731, 36.8559, 346.1822, 292.0910
143429.8441, 6394369.5005, 35.2681, 91.9147, 326.1508
143432.0108, 6394365.9783, 34.9546, 309.4596, 341.2624
143432.0108, 6394365.9783, 34.9546, 309.4596, 341.2624
143448.8983, 6394407.5054, 37.7836, 582.6941, 310.2947
143434.6245, 6394364.5109, 35.1315, 586.3383, 319.0453
143440.3060, 6394370.6394, 34.9289, 805.7767, 354.3792
143433.8136, 6394372.5104, 34.8748, 370.7428, 362.3044
143433.8136, 6394372.5104, 34.8748, 370.7428, 362.3044
143439.3203, 6394367.6413, 34.5824, 842.8206, 373.9790
143444.3072, 6394396.5078, 37.7076, 556.0257, 292.6326
143439.7866, 6394369.0386, 34.3475, 824.7010, 391.4177
143436.1668, 6394375.9694, 34.0225, 467.6828, 413.1171
143444.5762, 6394397.0160, 37.7127, 559.1516, 293.6130
143439.9316, 6394397.4556, 36.6753, 421.2999, 324.3303
143444.2540, 6394398.4768, 37.7742, 537.6316, 294.5731
143443.5771, 6394398.4912, 37.7273, 518.7148, 295.7238
143438.5142, 6394393.4532, 36.1334, 403.0237, 335.8077
143434.8785, 6394364.4940, 34.9110, 610.4077, 340.4923
143441.9748, 6394398.5263, 34.2898, 475.1176, 395.9394
143435.8342, 6394377.4473, 35.2683, 430.6681, 347.1268
143439.6881, 6394369.0795, 34.9733, 817.1710, 348.3724
143439.6881, 6394369.0795, 34.9733, 817.1710, 348.3724
143443.7198, 6394398.4944, 37.7410, 522.6677, 295.3790
143439.7425, 6394369.0515, 34.9690, 821.4157, 348.6077
143435.4347, 6394365.4120, 34.8347, 630.1622, 350.5370
143434.7586, 6394364.5173, 34.7885, 598.9023, 352.4308
143434.9362, 6394364.4767, 34.7789, 616.3762, 353.2145
143446.4826, 6394401.5021, 37.9024, 571.8619, 297.3253
143440.7316, 6394372.0731, 34.2138, 789.3072, 399.5106
143446.2132, 6394401.9758, 37.7931, 561.1608, 301.0032
143442.5890, 6394398.4725, 34.1042, 493.0008, 401.1089
143446.2132, 6394401.9758, 37.7931, 561.1608, 301.0032
143443.7226, 6394398.9861, 33.7786, 520.8087, 409.9303
143436.5037, 6394387.9706, 36.7864, 367.3808, 301.8760
143446.3013, 6394389.4758, 33.6925, 693.7109, 414.0213
143438.9390, 6394366.5720, 35.4783, 856.8403, 302.1263
143438.5936, 6394385.4486, 35.0946, 470.6882, 364.6714
143438.2622, 6394369.5367, 32.6437, 715.9581, 509.7581
143434.8272, 6394366.5292, 32.6625, 551.2502, 538.5716
143438.2059, 6394363.9442, 32.6795, 917.1296, 544.1088
143433.8258, 6394366.0016, 32.6549, 479.4890, 547.8222
143436.4417, 6394364.0135, 32.5123, 768.4335, 567.4155
143431.9556, 6394366.4795, 38.2910, 289.7379, 32.7524
143433.6924, 6394367.0194, 37.5144, 438.6026, 123.3598
143438.3035, 6394363.9953, 37.1904, 922.5010, 126.8991
143438.5936, 6394385.4486, 35.0946, 470.6882, 364.6714
143446.3013, 6394389.4758, 33.6925, 693.7109, 414.0213
143446.3734, 6394403.0041, 37.7745, 557.0641, 303.2400
143439.2745, 6394368.1273, 35.5508, 822.5636, 304.1306
143439.2745, 6394368.1273, 35.5508, 822.5636, 304.1306
143444.9323, 6394393.4636, 33.2143, 605.5425, 428.4643
143457.9607, 6394390.5430, 42.8160, 1007.4878, 128.2351
143431.9812, 6394366.4330, 38.4566, 292.2819, 16.2564
143433.0176, 6394365.9780, 38.3817, 396.4364, 20.6142
143433.8239, 6394365.9475, 38.4200, 470.5014, 22.2397
143433.8239, 6394365.9475, 38.4200, 470.5014, 22.2397
143434.6590, 6394369.5454, 37.4906, 467.7728, 162.5500
143434.6590, 6394369.5454, 37.4906, 467.7728, 162.5500
143444.9323, 6394393.4636, 33.2143, 605.5425, 428.4643
143441.3245, 6394373.5408, 34.7230, 782.0134, 370.4207
143450.6655, 6394379.0171, 39.2388, 1034.9127, 179.6558
143436.8787, 6394388.9678, 36.7805, 374.9269, 304.5822
143460.7766, 6394391.9861, 46.6603, 1052.6403, 25.9598
143448.6809, 6394376.1306, 38.2645, 1039.2444, 202.9437
143447.5627, 6394376.1009, 36.7574, 995.0537, 273.4961
143435.3108, 6394384.9607, 36.4788, 339.5016, 306.4408
143431.9179, 6394374.9791, 35.7550, 227.4222, 312.5608
143440.1986, 6394370.5955, 35.5686, 800.7305, 313.2321
143440.1986, 6394370.5955, 35.5686, 800.7305, 313.2321
143431.9179, 6394374.9791, 35.7550, 227.4222, 312.5608
143438.1542, 6394363.5516, 35.1792, 932.7628, 311.9919
143432.8622, 6394368.4590, 35.1219, 351.3273, 335.1895
143443.2976, 6394399.9605, 34.8396, 501.2358, 380.0438
143434.8273, 6394364.4998, 35.1490, 605.2488, 317.4189
143439.4755, 6394368.1410, 35.3188, 835.0875, 321.1779
143440.9361, 6394399.9477, 35.2927, 435.6076, 367.6236
143439.4755, 6394368.1410, 35.3188, 835.0875, 321.1779
143439.5275, 6394368.1124, 35.2738, 839.4209, 324.3586
143458.9896, 6394388.6896, 45.0575, 1070.0042, 47.8353
143440.9361, 6394399.9477, 35.2927, 435.6076, 367.6236
143443.3700, 6394397.9869, 34.6743, 518.4488, 384.1906
143459.9116, 6394391.0384, 45.1376, 1048.3965, 63.4751
143438.0266, 6394392.4650, 36.2377, 393.0954, 330.8354
143434.7861, 6394364.5222, 35.0114, 600.9606, 330.8526
143434.7102, 6394364.5110, 35.0007, 594.3924, 331.8155
143440.7555, 6394399.4827, 33.9815, 434.2057, 405.3129
143440.8351, 6394372.1225, 35.3550, 793.1564, 331.3386
143443.3700, 6394397.9869, 34.6743, 518.4488, 384.1906
143440.8351, 6394372.1225, 35.3550, 793.1564, 331.3386
143458.0377, 6394388.5909, 43.9204, 1046.5640, 81.7560
143440.6586, 6394371.6343, 35.3287, 796.9658, 331.6224
143434.6919, 6394364.5186, 34.9693, 592.5146, 334.8979
143434.6919, 6394364.5186, 34.9693, 592.5146, 334.8979
143456.4256, 6394384.6592, 42.9520, 1084.3778, 84.1637
143439.5433, 6394372.6174, 32.7185, 712.1166, 488.9833
143444.4393, 6394400.9773, 34.6100, 524.3611, 386.3996
143439.5433, 6394372.6174, 32.7185, 712.1166, 488.9833
143434.7852, 6394364.5291, 32.8584, 603.4819, 537.6864
143434.8687, 6394364.4920, 32.6264, 612.4875, 559.7034
143438.9179, 6394394.4515, 36.0964, 409.6456, 338.3500
143434.7571, 6394374.4640, 35.2843, 405.7835, 340.3433
143434.7571, 6394374.4640, 35.2843, 405.7835, 340.3433
143434.8088, 6394364.5183, 34.9130, 603.2842, 340.3725
143459.5355, 6394394.1119, 44.9933, 985.5643, 85.8792
143434.8107, 6394374.4539, 35.2567, 409.0981, 341.9740
143444.4393, 6394400.9773, 34.6100, 524.3611, 386.3996
143440.6789, 6394371.6223, 35.1573, 798.4585, 342.0727
143434.7860, 6394364.5273, 34.8772, 600.9660, 343.8779
143434.7995, 6394364.5236, 34.8444, 602.3617, 347.0336
143459.5355, 6394394.1119, 44.9933, 985.5643, 85.8792
143439.3216, 6394387.4505, 35.3711, 479.0592, 355.6772
143458.9543, 6394393.0163, 44.3431, 989.5323, 97.4906
143433.1289, 6394365.5629, 37.3699, 416.7713, 109.5920
143462.0835, 6394395.6650, 47.4259, 1020.2575, 31.8090
143431.5539, 6394365.9871, 38.0290, 256.8139, 44.1575
143429.6738, 6394367.0002, 38.0993, 63.9366, 46.3549
143430.9860, 6394366.4820, 38.0171, 196.7444, 52.1280
143430.5083, 6394366.4981, 37.9207, 149.2926, 58.5520
143429.8950, 6394366.9977, 37.8932, 87.0251, 67.5068
143450.1370, 6394374.0381, 39.8905, 1164.0729, 110.6254
143450.0976, 6394374.4201, 39.8469, 1149.4612, 116.1993
143438.6625, 6394365.5825, 37.4153, 877.0159, 132.9322
143440.0287, 6394389.4504, 35.3336, 486.0503, 358.9326
143455.3045, 6394386.4817, 40.5647, 1012.6082, 176.6032
143438.0371, 6394383.9675, 35.0648, 462.9497, 364.6933
143455.3045, 6394386.4817, 40.5647, 1012.6082, 176.6032
143456.9260, 6394389.0722, 41.9863, 1007.2692, 144.9632
143447.7093, 6394375.1279, 37.1388, 1029.1631, 250.8782
143430.0688, 6394370.4983, 36.0480, 108.5632, 269.7867
143430.0688, 6394370.4983, 36.0480, 108.5632, 269.7867
143438.0390, 6394364.0944, 35.4801, 896.4418, 286.8405
143449.3891, 6394374.5780, 39.2036, 1115.5468, 147.7676
143432.5648, 6394377.4808, 36.2008, 252.0445, 295.8790
143431.8067, 6394365.9821, 35.2670, 288.9958, 311.5800
143438.0685, 6394364.1534, 34.9358, 896.0308, 337.3976
143449.3891, 6394374.5780, 39.2036, 1115.5468, 147.7676
143434.1815, 6394372.4610, 35.0323, 395.0148, 351.8643
143439.3387, 6394387.9893, 35.0202, 474.9490, 369.3742
143434.1815, 6394372.4610, 35.0323, 395.0148, 351.8643
143437.8737, 6394391.9823, 34.3750, 392.4961, 394.4820
143434.6819, 6394365.0717, 32.9018, 577.8354, 529.5341
143435.1143, 6394364.9305, 38.0066, 613.7792, 48.1484
143438.4020, 6394363.9427, 36.8411, 933.0203, 159.3428
143456.1458, 6394387.0649, 41.3505, 1024.8025, 154.1023
143448.2233, 6394372.0674, 38.2287, 1153.5588, 176.0338
143448.5051, 6394372.6387, 38.5689, 1145.0153, 162.7973
143435.2973, 6394371.5075, 37.5133, 477.9635, 183.0890
143447.3920, 6394370.5637, 37.8104, 1174.2113, 185.9304
143448.7304, 6394377.0384, 38.0670, 1015.5806, 217.4595
143436.8405, 6394375.0018, 32.7662, 519.1429, 483.6864
143430.5192, 6394371.4926, 36.4248, 141.9676, 248.9035
143435.8434, 6394373.0205, 37.5416, 487.8375, 195.8591
143436.8405, 6394375.0018, 32.7662, 519.1429, 483.6864
143435.8434, 6394373.0205, 37.5416, 487.8375, 195.8591
143438.6762, 6394363.8982, 36.3704, 957.0433, 203.7701
143431.5049, 6394374.4938, 36.3158, 202.1488, 275.4424
143439.5800, 6394374.4821, 32.6747, 672.8951, 485.2009
143439.3385, 6394372.9853, 32.6499, 692.5610, 492.1242
143444.7539, 6394399.9290, 33.5771, 541.3650, 414.8777
143436.6923, 6394369.4487, 32.9515, 616.3936, 492.9859
143432.6843, 6394377.9899, 35.0898, 257.6628, 357.7839
143436.2096, 6394372.0147, 32.7205, 532.5007, 498.6191
143438.3784, 6394371.5362, 32.6712, 672.1177, 498.5635
143436.7781, 6394369.4073, 32.8242, 623.2152, 501.9312
143435.7530, 6394370.5183, 32.7222, 531.3680, 506.4218
143437.2705, 6394370.4804, 32.6599, 629.7819, 506.7466
143444.4301, 6394384.4611, 33.6569, 702.1768, 418.6872
143448.4727, 6394375.5521, 38.1101, 1047.8809, 206.5629
143435.3882, 6394385.4734, 34.7534, 341.2014, 379.4677
143442.9389, 6394399.9617, 34.9675, 491.3598, 376.5164
143431.0192, 6394372.4876, 36.7007, 175.7610, 237.2453
143437.2705, 6394370.4804, 32.6599, 629.7819, 506.7466
143441.1620, 6394373.1210, 34.5901, 784.3650, 377.6466
143438.4141, 6394369.0909, 32.6669, 738.1762, 509.9876
143436.8872, 6394363.5931, 33.0967, 824.7026, 513.4432
143437.0337, 6394363.5445, 33.0547, 839.5359, 517.2536
143437.0631, 6394368.0086, 32.6239, 679.4976, 523.2786
143435.0016, 6394364.4831, 32.9010, 624.3802, 533.0651
143444.4301, 6394384.4611, 33.6569, 702.1768, 418.6872
143435.0550, 6394364.4630, 32.9003, 629.8289, 533.0695
143436.0968, 6394367.0036, 32.6230, 638.0253, 533.3830
143438.0217, 6394364.0696, 32.7895, 896.4363, 533.8423
143434.8914, 6394364.5187, 32.8569, 613.3930, 537.4392
143434.8914, 6394364.5187, 32.8569, 613.3930, 537.4392
143435.9193, 6394366.5189, 32.6258, 638.3673, 537.3884
143431.5042, 6394373.9870, 36.6679, 203.5686, 250.2098
143435.9193, 6394366.5189, 32.6258, 638.3673, 537.3884
143434.0871, 6394366.5249, 32.6829, 490.2293, 539.8840
143433.7992, 6394366.5228, 32.6884, 465.9679, 540.6165
143433.7992, 6394366.5228, 32.6884, 465.9679, 540.6165
143434.5243, 6394366.5114, 32.6548, 526.9154, 540.5990
143434.5243, 6394366.5114, 32.6548, 526.9154, 540.5990
143438.1293, 6394363.0842, 32.7686, 955.0757, 543.8293
143432.9461, 6394366.0308, 32.6940, 400.7453, 547.9955
143432.6197, 6394366.0176, 32.6856, 371.2317, 550.3709
143432.6197, 6394366.0176, 32.6856, 371.2317, 550.3709
143432.2691, 6394365.5181, 32.6969, 346.1894, 555.7106
143432.2110, 6394365.5134, 32.6836, 340.6966, 557.3085
143432.2110, 6394365.5134, 32.6836, 340.6966, 557.3085
143436.0958, 6394364.0434, 32.5742, 737.2928, 563.0251
143431.8413, 6394365.5142, 32.6175, 304.9326, 565.4763
143431.8413, 6394365.5142, 32.6175, 304.9326, 565.4763
143431.8638, 6394365.5067, 32.5762, 307.3481, 569.3919
143431.3926, 6394365.9951, 32.4751, 256.1205, 576.1629
143431.3926, 6394365.9951, 32.4751, 256.1205, 576.1629
143431.3256, 6394365.9928, 32.4657, 249.6459, 577.4222
143431.3256, 6394365.9928, 32.4657, 249.6459, 577.4222
143431.3993, 6394365.9892, 32.4338, 256.9383, 580.0568
143436.2925, 6394363.9924, 32.3176, 756.5826, 586.8430
143444.5732, 6394384.4182, 33.6064, 707.9544, 420.5678
143440.6252, 6394372.1133, 33.8464, 782.6539, 421.5033
143439.8763, 6394384.0493, 37.5842, 534.4044, 260.1319
143440.8581, 6394372.5971, 33.7878, 782.3325, 424.2292
143443.0569, 6394399.9872, 34.9129, 494.4315, 378.0409
143439.8374, 6394369.0117, 34.5299, 828.6404, 378.8079
143442.7491, 6394378.5937, 33.5654, 737.4730, 428.0537
143441.1557, 6394373.1245, 34.5274, 783.9731, 381.2332
143441.1141, 6394387.5384, 37.7259, 541.7788, 267.4569
143437.8855, 6394363.5782, 35.6547, 909.2643, 266.2868
143442.7576, 6394378.5901, 33.5004, 737.9250, 431.0616
143442.7576, 6394378.5901, 33.5004, 737.9250, 431.0616
143432.2470, 6394376.4920, 36.4981, 238.4408, 274.7915
143442.8594, 6394377.9852, 33.4402, 754.2167, 434.4227
143432.2470, 6394376.4920, 36.4981, 238.4408, 274.7915
143432.1852, 6394375.9780, 35.9079, 238.4503, 306.9677
143442.8184, 6394378.0042, 33.3899, 752.0936, 436.8161
143432.1852, 6394375.9780, 35.9079, 238.4503, 306.9677
143441.1066, 6394373.5626, 33.4908, 770.8889, 439.6490
143437.8917, 6394372.9426, 32.9470, 613.4552, 477.6631
143436.8656, 6394364.4357, 38.0166, 783.7681, 48.5841
143439.1621, 6394375.9711, 32.7128, 623.1591, 479.4841
143438.6539, 6394369.5943, 33.0500, 738.5755, 480.8535
143439.6557, 6394368.6258, 35.4326, 829.9472, 314.9076
143439.9059, 6394375.4696, 32.6786, 669.3328, 481.4178
143439.7431, 6394369.0612, 35.4277, 821.0087, 316.9106
143431.9189, 6394365.9864, 35.0801, 300.2354, 329.4023
143439.9059, 6394375.4696, 32.6786, 669.3328, 481.4178
143430.1964, 6394370.5016, 35.1743, 121.2632, 337.0226
143433.6817, 6394370.9540, 35.2014, 380.2412, 336.8736
143457.5095, 6394391.6455, 42.0985, 976.3495, 155.1519
143429.7469, 6394369.0108, 36.4707, 79.4309, 223.4081
143433.6817, 6394370.9540, 35.2014, 380.2412, 336.8736
143439.9059, 6394375.4696, 32.6786, 669.3328, 481.4178
143430.5411, 6394371.4909, 36.4209, 143.6600, 249.2087
143436.6447, 6394363.9392, 32.1401, 789.1041, 602.1843
143439.5710, 6394375.0118, 32.7019, 661.7067, 482.1165
143430.4767, 6394371.4936, 35.3815, 141.2621, 324.8633
143440.8665, 6394372.1074, 35.1146, 795.3193, 345.6878
143431.9192, 6394365.9932, 34.8823, 300.6818, 348.1461
143431.9192, 6394365.9932, 34.8823, 300.6818, 348.1461
143433.1440, 6394369.4712, 34.9631, 360.5158, 350.4661
143432.8651, 6394368.9966, 34.9003, 345.0840, 354.2712
143432.3369, 6394367.5024, 34.8533, 320.1653, 354.7754
143436.8216, 6394374.5124, 32.7678, 525.7643, 485.2020
143440.6626, 6394372.1068, 34.1782, 784.7205, 401.6897
143439.2062, 6394374.0457, 32.6954, 662.5549, 486.1637
143431.3550, 6394373.9887, 35.2419, 196.4640, 341.6561
143439.2062, 6394374.0457, 32.6954, 662.5549, 486.1637
143441.0329, 6394372.6084, 34.9199, 790.8304, 358.0572
143438.5882, 6394369.6085, 32.9614, 734.1476, 486.9680
143435.1392, 6394375.4611, 34.9985, 416.3918, 358.8156
143438.1723, 6394368.1082, 33.0230, 751.8589, 489.9258
143436.1380, 6394373.0300, 32.7686, 510.6796, 491.7605
143434.1705, 6394368.9631, 33.0793, 448.6866, 492.5262
143432.2149, 6394376.4986, 34.9148, 239.1782, 365.6523
143438.8989, 6394372.0474, 32.6651, 689.9457, 495.6899
143438.9925, 6394372.0412, 32.6630, 695.3588, 495.6304
143438.9925, 6394372.0412, 32.6630, 695.3588, 495.6304
143442.8786, 6394398.4786, 33.9991, 501.1611, 404.0415
143436.3021, 6394387.9729, 35.0840, 361.1656, 367.5911
143436.0421, 6394372.5111, 32.7227, 513.6354, 496.8363
143438.7936, 6394371.5334, 32.6567, 696.2391, 498.5069
143434.1201, 6394368.9680, 32.9843, 444.9922, 499.8260
143436.0548, 6394371.5142, 32.7070, 532.0251, 502.0254
143434.1602, 6394368.9543, 32.8907, 448.3631, 506.8587
143438.2549, 6394368.5996, 32.7365, 742.4070, 508.0564
143437.3488, 6394369.5120, 32.6504, 658.2660, 511.9891
143436.3021, 6394387.9729, 35.0840, 361.1656, 367.5911
143446.9320, 6394391.4667, 33.7055, 687.5675, 412.5800
143440.1098, 6394370.6339, 33.9835, 795.0397, 414.8345
143435.4325, 6394366.4927, 32.9440, 600.5092, 512.8848
143437.8453, 6394369.4854, 32.6161, 690.9504, 513.0867
143433.3005, 6394366.5376, 32.7181, 422.8499, 539.9962
143433.3005, 6394366.5376, 32.7181, 422.8499, 539.9962
143438.2164, 6394363.5560, 32.7551, 937.3990, 540.4814
143433.4050, 6394366.5272, 32.6973, 432.1192, 541.4531
143430.5692, 6394365.9796, 32.3754, 174.9381, 590.3569
143442.6939, 6394378.6170, 33.5229, 734.7035, 430.0529
143443.2754, 6394405.9375, 34.7367, 461.0431, 384.4113
143443.2754, 6394405.9375, 34.7367, 461.0431, 384.4113
143441.0310, 6394372.6099, 34.4699, 790.8306, 384.3235
143437.0546, 6394389.4646, 34.2888, 380.2710, 397.8201
143438.7608, 6394393.9561, 34.0525, 409.3020, 404.8356
143429.5702, 6394368.5106, 35.4976, 65.6553, 302.2973
143435.8891, 6394376.5453, 34.0212, 445.5471, 413.1249
143439.6767, 6394369.0950, 34.7790, 816.0278, 361.8071
143439.6767, 6394369.0950, 34.7790, 816.0278, 361.8071
143437.1613, 6394377.0159, 32.7906, 506.5147, 475.9672
143435.5568, 6394372.9364, 33.0368, 477.0748, 476.8226
143436.6258, 6394369.4746, 32.9764, 611.3231, 491.2827
143436.6258, 6394369.4746, 32.9764, 611.3231, 491.2827
143439.1432, 6394372.0443, 32.6607, 703.7408, 495.4197
143438.7724, 6394370.9736, 32.6197, 708.9379, 503.2667
143438.1424, 6394368.5272, 32.6042, 737.2897, 518.2425
143438.1424, 6394368.5272, 32.6042, 737.2897, 518.2425
143438.1599, 6394363.9913, 32.8234, 911.1871, 530.8061
143438.0797, 6394363.6483, 32.8342, 921.6540, 532.9212
143437.1426, 6394366.0769, 32.6048, 746.2512, 537.6820
143438.1020, 6394363.6335, 32.7475, 924.2024, 541.0203
143436.2489, 6394363.9862, 32.2633, 753.1038, 592.3094
143434.1396, 6394367.5098, 32.6899, 473.8899, 531.6526
143438.3000, 6394378.5110, 32.7874, 541.0339, 470.6082
143439.6916, 6394374.5135, 32.6842, 677.9387, 484.3722
143436.4077, 6394372.9962, 32.7426, 527.1862, 492.8817
143438.4425, 6394372.5149, 32.6814, 653.6337, 493.9260
143437.9786, 6394371.9957, 32.6819, 638.4520, 496.9600
143437.9786, 6394371.9957, 32.6819, 638.4520, 496.9600
143437.7514, 6394371.9992, 32.6851, 625.1318, 497.2725
143436.0042, 6394368.0332, 32.9977, 603.2775, 498.1040
143438.1995, 6394371.0008, 32.6523, 674.3217, 502.4820
143434.5423, 6394364.5309, 32.6026, 581.7194, 563.2322
143438.1995, 6394371.0008, 32.6523, 674.3217, 502.4820
143435.2716, 6394371.0255, 32.7468, 490.4431, 503.6219
143438.3305, 6394370.5387, 32.6517, 693.6441, 504.2603
143435.6820, 6394367.0072, 32.9358, 606.0239, 509.5678
143436.9503, 6394364.1226, 33.0771, 806.5652, 511.2994
143431.6690, 6394365.5200, 33.0468, 286.7782, 525.0074
143437.9318, 6394364.1244, 32.8166, 886.6793, 531.3138
143438.0955, 6394364.0244, 32.7768, 904.4730, 535.0443
143433.6318, 6394367.0243, 32.6968, 441.9373, 536.6242
143433.5704, 6394367.0234, 32.6910, 436.8368, 537.3657
143432.2376, 6394365.9897, 37.9095, 323.7476, 60.5058
143433.7167, 6394365.4773, 37.7852, 472.5254, 71.5355
143438.5157, 6394363.4465, 35.2997, 967.7551, 300.2368
143438.3018, 6394363.4856, 32.3888, 947.8828, 574.9114
143449.4343, 6394370.6984, 41.1230, 1263.7521, 2.4703
143449.4343, 6394370.6984, 41.1230, 1263.7521, 2.4703
143449.3516, 6394370.6627, 40.9412, 1261.4728, 12.0311
143433.7988, 6394365.9358, 38.4859, 468.3924, 15.6287
143460.6913, 6394389.5357, 46.3905, 1097.2346, 15.9276
143460.9391, 6394392.1095, 46.9773, 1054.4127, 17.7854
143460.8904, 6394393.1372, 46.9317, 1034.9011, 26.3012
143459.6834, 6394387.8657, 45.5521, 1105.2522, 27.3317
143431.3450, 6394366.4778, 38.2721, 231.2262, 30.1241
143431.9388, 6394366.4644, 38.3022, 288.2850, 31.2405
143436.0306, 6394364.9121, 38.2485, 694.1515, 31.1371
143435.4905, 6394365.4593, 38.3139, 629.5044, 33.1969
143434.4270, 6394365.4647, 38.1901, 536.6340, 37.4596
143438.3527, 6394363.4116, 37.9982, 956.8334, 38.3507
143438.3527, 6394363.4116, 37.9982, 956.8334, 38.3507
143430.0692, 6394366.4736, 38.0344, 104.1612, 43.8684
143430.0692, 6394366.4736, 38.0344, 104.1612, 43.8684
143429.6396, 6394366.9939, 38.0678, 60.5585, 49.0128
143458.8049, 6394388.0510, 44.7233, 1077.9806, 53.6257
143438.4971, 6394363.4163, 37.5814, 968.3790, 80.1238
143438.5149, 6394363.4203, 37.5148, 969.6004, 86.7858
143464.5336, 6394402.1670, 46.9079, 976.0222, 86.2019
143457.5842, 6394387.1203, 43.4668, 1063.9388, 85.9774
143457.5830, 6394386.5889, 43.3697, 1075.0369, 85.6575
143457.7455, 6394387.6033, 43.5080, 1058.4149, 88.1532
143457.7455, 6394387.6033, 43.5080, 1058.4149, 88.1532
143438.0061, 6394363.5757, 37.4918, 919.4070, 88.9579
143459.0854, 6394393.5585, 44.5738, 983.7171, 94.0493
143437.9713, 6394363.6114, 37.4249, 914.6841, 95.9368
143438.4995, 6394363.9037, 37.3191, 942.8473, 114.2612
143438.6499, 6394363.9016, 37.3255, 954.9511, 114.4140
143434.6919, 6394368.5280, 37.7245, 488.9796, 132.0475
143434.2273, 6394368.0059, 37.5097, 463.5243, 140.3516
143434.2273, 6394368.0059, 37.5097, 463.5243, 140.3516
143433.8252, 6394369.5532, 37.7279, 405.9128, 141.7527
143434.3071, 6394368.5128, 37.5172, 460.1907, 146.7516
143434.0870, 6394368.5349, 37.4983, 442.8313, 147.7016
143438.1673, 6394364.5952, 36.9608, 883.0252, 156.6138
143438.1673, 6394364.5952, 36.9608, 883.0252, 156.6138
143438.1005, 6394364.6354, 36.9460, 875.9459, 158.2538
143449.1189, 6394374.1338, 38.9133, 1119.0765, 158.1977
143448.8817, 6394373.6459, 38.8038, 1125.6874, 159.4085
143438.3871, 6394363.9552, 36.7574, 931.1874, 167.2988
143438.1450, 6394364.6059, 36.8264, 880.8007, 168.8647
143448.4869, 6394373.0627, 38.4366, 1129.0659, 173.1417
143438.1660, 6394364.0607, 36.6187, 908.2240, 180.8457
143435.4459, 6394371.5092, 37.5367, 487.5917, 181.9204
143435.4459, 6394371.5092, 37.5367, 487.5917, 181.9204
143435.1227, 6394371.5179, 37.5056, 466.3697, 183.2405
143449.3851, 6394370.6072, 41.0132, 1265.4043, 7.2459
143448.3770, 6394373.6363, 38.2945, 1104.6364, 184.5886
143450.4939, 6394379.1025, 39.0992, 1026.5580, 185.8688
143460.8520, 6394390.0403, 46.7361, 1091.3568, 9.4428
143435.1888, 6394372.0128, 37.5031, 462.8436, 188.1281
143447.3189, 6394370.6328, 37.7722, 1167.9821, 188.5516
143438.1610, 6394364.0793, 36.5211, 906.9237, 190.1860
143448.7791, 6394375.0405, 38.3912, 1075.8810, 190.1154
143438.3277, 6394363.9807, 36.5013, 925.1471, 191.3881
143438.3277, 6394363.9807, 36.5013, 925.1471, 191.3881
143448.4858, 6394374.0658, 38.0919, 1094.8497, 198.1566
143438.2961, 6394364.0146, 36.3705, 920.9290, 203.8975
143438.1723, 6394364.0958, 36.3251, 907.0284, 208.6760
143440.1626, 6394368.3799, 36.6565, 869.8312, 227.1258
143448.1638, 6394375.5349, 37.6249, 1035.7979, 229.6140
143432.2076, 6394376.4906, 37.2091, 234.9109, 233.6864
143459.7607, 6394387.1622, 45.8452, 1122.3915, 12.3164
143448.4318, 6394377.1142, 37.6674, 1001.8700, 235.9398
143440.1692, 6394368.3937, 36.5131, 869.7737, 237.4806
143438.2541, 6394364.0479, 36.0144, 915.9219, 237.2887
143438.3123, 6394364.0122, 36.0149, 922.3260, 237.0392
143438.1589, 6394379.4921, 37.5741, 517.2231, 239.2617
143460.1946, 6394388.0170, 46.0295, 1115.5811, 14.3081
143430.7036, 6394366.9474, 38.4668, 165.3573, 17.5978
143438.4180, 6394379.5010, 37.5964, 529.0569, 238.5518
143460.0979, 6394388.0135, 45.8101, 1113.0701, 21.1407
143448.3950, 6394377.5328, 37.5771, 989.2789, 242.0216
143449.4358, 6394370.6649, 40.6763, 1264.8751, 27.6818
143431.1248, 6394366.4749, 38.2177, 209.8699, 33.6738
143439.4764, 6394383.0282, 37.6459, 530.3235, 253.2186
143439.4764, 6394383.0282, 37.6459, 530.3235, 253.2186
143439.2276, 6394385.0193, 37.5899, 498.0139, 262.8736
143460.4228, 6394392.1103, 46.3692, 1041.6807, 34.7065
143439.2276, 6394385.0193, 37.5899, 498.0139, 262.8736
143437.8139, 6394363.6193, 35.6631, 901.2537, 265.6898
143447.5650, 6394375.5957, 36.8630, 1009.4722, 266.3586
143441.2730, 6394387.4888, 37.7396, 547.9940, 266.8993
143441.2730, 6394387.4888, 37.7396, 547.9940, 266.8993
143441.3918, 6394388.0142, 37.6282, 546.5897, 272.7603
143460.4228, 6394392.1103, 46.3692, 1041.6807, 34.7065
143432.8821, 6394377.9807, 36.6566, 266.2399, 273.2213
143460.4228, 6394392.1103, 46.3692, 1041.6807, 34.7065
143441.3737, 6394388.9985, 37.6961, 535.6097, 273.1761
143459.4362, 6394388.4178, 45.3985, 1087.2887, 35.9075
143434.0199, 6394365.4286, 38.1407, 500.8611, 38.4977
143434.3961, 6394382.4637, 37.0113, 314.5692, 274.7694
143438.1087, 6394363.4949, 35.5462, 931.9854, 276.4525
143444.0976, 6394395.4881, 37.7351, 559.1706, 289.5682
143460.6658, 6394391.3922, 46.1014, 1060.7417, 38.2902
143446.3613, 6394401.5497, 37.7702, 568.4177, 300.9439
143446.3613, 6394401.5497, 37.7702, 568.4177, 300.9439
143460.6658, 6394391.3922, 46.1014, 1060.7417, 38.2902
143438.3809, 6394363.3993, 37.9754, 959.8157, 40.5089
143447.4701, 6394405.5384, 37.8384, 564.3147, 305.8148
143439.1143, 6394367.1531, 35.3352, 846.7750, 315.9929
143434.7403, 6394364.5200, 34.9165, 596.9799, 340.0367
143434.8496, 6394364.5053, 34.8790, 607.4578, 343.6264
143434.6820, 6394373.9457, 35.1717, 407.6942, 346.0244
143434.6820, 6394373.9457, 35.1717, 407.6942, 346.0244
143434.6632, 6394364.5230, 34.7840, 589.9995, 352.9073
143461.9405, 6394396.1372, 47.0557, 1009.3248, 44.6994
143440.3288, 6394370.6289, 34.7336, 807.4428, 366.8291
143440.3288, 6394370.6289, 34.7336, 807.4428, 366.8291
143440.3288, 6394370.6289, 34.7336, 807.4428, 366.8291
143440.6798, 6394371.6311, 34.5260, 798.4611, 380.5959
143461.9405, 6394396.1372, 47.0557, 1009.3248, 44.6994
143446.5489, 6394404.4372, 34.5347, 551.7338, 388.4325
143442.1914, 6394399.0067, 34.4461, 477.7303, 391.3658
143460.4818, 6394392.9847, 46.2145, 1027.6057, 45.3276
143442.1914, 6394399.0067, 34.4461, 477.7303, 391.3658
143441.2109, 6394373.1130, 34.2984, 787.1710, 394.2609
143459.1554, 6394389.1979, 45.2111, 1064.2782, 46.9575
143459.1421, 6394389.1891, 44.9459, 1064.0519, 55.2947
143459.1421, 6394389.1891, 44.9459, 1064.0519, 55.2947
143448.0550, 6394407.9222, 33.3325, 562.0317, 417.2415
143440.3337, 6394371.0994, 33.9247, 794.4185, 417.9401
143440.6721, 6394372.0900, 33.8278, 785.7963, 422.5820
143460.1160, 6394393.5497, 45.7906, 1009.0079, 60.5689
143440.6721, 6394372.0900, 33.8278, 785.7963, 422.5820
143444.9265, 6394393.4658, 33.2176, 605.3444, 428.3626
143442.6642, 6394378.0749, 33.4877, 744.0369, 432.2819
143458.4247, 6394388.4619, 44.2674, 1059.4774, 70.4737
143442.6642, 6394378.0749, 33.4877, 744.0369, 432.2819
143442.6642, 6394378.0749, 33.4877, 744.0369, 432.2819
143458.3011, 6394388.4349, 44.1661, 1056.7145, 73.3085
143457.8049, 6394386.5402, 43.6870, 1082.2782, 75.0587
143457.7471, 6394387.1185, 43.6686, 1068.4821, 79.5597
143457.7471, 6394387.1185, 43.6686, 1068.4821, 79.5597
143457.8069, 6394387.0152, 43.6414, 1072.2703, 79.8930
143457.8069, 6394387.0152, 43.6414, 1072.2703, 79.8930
143459.2054, 6394391.5870, 44.5535, 1020.6162, 83.2545
143457.8825, 6394388.1208, 43.6872, 1051.6971, 85.9361
143436.9039, 6394376.9312, 32.8161, 494.5996, 475.2904
143436.6255, 6394369.4706, 32.9163, 611.4524, 495.5458
143435.7488, 6394372.0172, 32.7452, 503.9812, 498.1409
143435.3428, 6394371.9999, 32.7448, 478.8563, 499.2243
143434.1723, 6394368.9567, 32.9561, 449.1209, 501.8641
143437.5355, 6394371.0165, 32.6866, 633.8647, 501.8481
143456.3076, 6394384.6479, 42.7254, 1081.1437, 91.9076
143437.6486, 6394371.0091, 32.6801, 640.9225, 502.0228
143437.4605, 6394369.0566, 32.6438, 677.4518, 514.5405
143437.0497, 6394363.5530, 33.0039, 840.5186, 522.0094
143437.1801, 6394363.5153, 32.9658, 853.4277, 525.4139
143438.2696, 6394363.5239, 32.6977, 943.3391, 545.8740
143436.7296, 6394365.4895, 32.5592, 735.2369, 547.9179
143432.6916, 6394365.5254, 32.7120, 386.2061, 552.1732
143429.0131, 6394366.4978, 32.7959, 13.0040, 552.6690
143434.5552, 6394365.4956, 32.6124, 555.3276, 552.8579
143434.5552, 6394365.4956, 32.6124, 555.3276, 552.8579
143434.3890, 6394364.9993, 32.6072, 554.2729, 558.8381
143432.2281, 6394365.5178, 32.6319, 342.4074, 562.0839
143431.5671, 6394365.5075, 32.5708, 278.1020, 571.4817
143431.5671, 6394365.5075, 32.5708, 278.1020, 571.4817
143456.3076, 6394384.6479, 42.7254, 1081.1437, 91.9076
143464.6317, 6394402.5567, 46.7415, 972.6973, 92.2599
143433.2553, 6394365.5104, 37.5018, 429.4333, 96.6293
143433.1283, 6394365.5270, 37.4876, 417.1828, 97.5702
143458.7762, 6394393.1219, 44.2183, 983.3559, 101.4470
143438.6040, 6394363.9261, 37.3518, 950.0419, 112.1243
143459.5625, 6394388.4278, 45.9090, 1090.5115, 19.8264
143432.2363, 6394366.4780, 38.4302, 315.8063, 21.6585
143431.9397, 6394366.4612, 38.3706, 288.2365, 24.7201
143431.7828, 6394366.4705, 38.3530, 273.2555, 25.4537
143458.4001, 6394392.0061, 43.3517, 992.8646, 120.4586
143438.7256, 6394367.0589, 37.7371, 823.0493, 127.6716
143438.7256, 6394367.0589, 37.7371, 823.0493, 127.6716
143437.2559, 6394367.5619, 37.7271, 702.5002, 129.2542
143437.2559, 6394367.5619, 37.7271, 702.5002, 129.2542
143435.8344, 6394368.4951, 37.7972, 574.4313, 130.5511
143435.3419, 6394368.5490, 37.7658, 537.1348, 131.7306
143435.4128, 6394368.5273, 37.7679, 542.8469, 131.5624
143460.3062, 6394393.5551, 46.0180, 1013.5250, 54.3945
143455.7135, 6394383.5830, 42.2701, 1087.9211, 99.6110
143447.5578, 6394368.6295, 38.8342, 1267.9989, 104.9726
143433.8651, 6394368.5532, 37.5151, 425.2236, 145.7443
143449.3613, 6394374.1214, 39.1647, 1129.5125, 145.9486
143438.1039, 6394364.1003, 36.6007, 901.3057, 182.8164
143438.2508, 6394364.5467, 36.4531, 891.8669, 202.3165
143448.4729, 6394376.1304, 38.0031, 1030.9504, 215.0793
143438.6040, 6394363.9288, 36.1086, 949.7225, 228.2476
143438.2992, 6394364.5187, 36.0111, 896.9883, 242.1029
143438.1395, 6394364.6259, 35.8735, 879.5881, 255.0853
143438.3019, 6394365.1340, 35.6213, 869.5994, 281.3981
143431.7471, 6394374.9797, 35.9982, 216.1750, 297.5648
143439.7403, 6394369.0635, 35.4128, 820.7665, 317.9542
143432.0224, 6394365.9666, 35.1739, 310.1762, 320.4827
143440.5020, 6394371.1190, 35.3520, 802.8122, 328.7484
143430.2482, 6394370.9999, 35.2390, 124.6576, 333.6703
143431.9155, 6394365.9938, 34.8789, 300.3281, 348.4685
143434.0502, 6394380.9660, 34.8774, 310.5005, 371.4878
143434.0502, 6394380.9660, 34.8774, 310.5005, 371.4878
143439.4992, 6394396.4646, 34.9442, 415.6640, 376.5529
143433.8471, 6394380.9891, 34.7055, 300.6809, 379.8215
143442.4501, 6394403.9422, 34.5629, 452.2423, 388.7493
143439.5748, 6394369.1394, 34.1726, 808.5493, 403.6262
143440.9937, 6394373.1138, 33.6542, 776.2177, 431.1881
143440.9937, 6394373.1138, 33.6542, 776.2177, 431.1881
143435.9185, 6394373.9362, 32.7812, 483.6783, 488.1886
143437.5175, 6394367.5222, 32.6119, 725.7094, 525.7184
143434.6218, 6394364.5558, 32.9514, 587.7234, 529.3137
143438.0743, 6394363.6441, 32.8442, 921.4307, 532.0523
143438.1889, 6394363.0394, 32.7898, 962.4522, 541.9218
143431.0860, 6394365.9764, 32.3349, 226.6663, 591.2612
143430.9200, 6394365.9729, 32.3016, 210.3567, 595.4167
143460.8407, 6394389.4757, 46.7002, 1102.2971, 6.1402
143449.4633, 6394370.5947, 40.8200, 1269.2356, 18.5664
143431.9847, 6394366.4541, 38.3759, 292.5642, 24.3886
143431.9847, 6394366.4541, 38.3759, 292.5642, 24.3886
143460.7820, 6394392.4470, 46.7571, 1044.4666, 26.3581
143459.3315, 6394387.1031, 45.3545, 1112.0900, 26.9845
143460.4760, 6394392.0909, 46.3027, 1043.3229, 36.6697
143459.1369, 6394388.5228, 45.2523, 1077.2692, 40.6901
143429.5441, 6394366.9856, 37.9754, 51.1014, 57.0828
143459.9178, 6394392.5395, 45.5758, 1021.5603, 60.0521
143459.9178, 6394392.5395, 45.5758, 1021.5603, 60.0521
143458.4262, 6394388.4405, 44.3435, 1059.9631, 67.8668
143458.4262, 6394388.4405, 44.3435, 1059.9631, 67.8668
143458.1313, 6394387.0451, 44.0079, 1080.5865, 68.5436
143458.3096, 6394387.6574, 44.1078, 1072.6842, 69.9106
143459.7560, 6394391.9460, 45.0320, 1027.9911, 72.1497
143457.7887, 6394386.5564, 43.6727, 1081.4807, 75.6227
143457.7887, 6394386.5564, 43.6727, 1081.4807, 75.6227
143460.4381, 6394395.0816, 45.5206, 991.3519, 78.1147
143459.4399, 6394392.0632, 44.8330, 1018.0431, 78.2158
143457.8009, 6394388.0228, 43.4781, 1051.4225, 91.9806
143429.1381, 6394367.0067, 37.5690, 10.8009, 94.1962
143433.3207, 6394365.5245, 37.4639, 435.3458, 100.9154
143458.8630, 6394391.5912, 43.9341, 1011.8560, 101.3769
143447.5980, 6394368.5633, 38.7317, 1273.0276, 110.8390
143438.1245, 6394364.1094, 37.2323, 902.4938, 123.9543
143449.6808, 6394377.1757, 39.8107, 1048.5527, 139.7456
143433.9076, 6394368.0454, 37.4801, 437.4372, 142.0137
143433.9076, 6394368.0454, 37.4801, 437.4372, 142.0137
143454.6434, 6394384.1537, 40.8956, 1042.4900, 151.4858
143430.2630, 6394370.5180, 37.3243, 120.9601, 171.7613
143447.4142, 6394370.6515, 38.0003, 1171.8109, 175.6033
143438.0605, 6394364.1317, 36.6607, 896.2959, 177.4645
143438.1813, 6394364.5879, 36.5205, 884.5099, 196.4731
143448.7211, 6394377.5470, 37.9464, 1001.4776, 225.6469
143438.4941, 6394381.0121, 37.6096, 513.0648, 245.2015
143439.0201, 6394382.5515, 37.5913, 517.1165, 253.2077
143431.6995, 6394374.4907, 36.6561, 214.1577, 254.2590
143437.7942, 6394363.6301, 35.7274, 899.0762, 259.5573
143437.8862, 6394363.5774, 35.6584, 909.3593, 265.9282
143438.1086, 6394363.4905, 35.6495, 932.2075, 266.4839
143432.7354, 6394377.4939, 36.5415, 261.0646, 277.2620
143433.0234, 6394378.4978, 36.5313, 271.1140, 282.2168
143438.8161, 6394366.6294, 35.6193, 846.0333, 291.1303
143438.5404, 6394365.5929, 35.5412, 867.8740, 291.3690
143433.7423, 6394380.9942, 36.5355, 293.1463, 291.6020
143448.1986, 6394406.4717, 37.8555, 574.3864, 306.9377
143439.0235, 6394366.6149, 35.4186, 861.0383, 307.1116
143434.5266, 6394382.9671, 36.2895, 318.1931, 309.3158
143438.2214, 6394364.5791, 35.1586, 888.2059, 319.0031
143432.1585, 6394375.9901, 35.5984, 237.3087, 325.1193
143434.7714, 6394364.5292, 34.9697, 599.4555, 334.9184
143439.7209, 6394369.0633, 34.9523, 819.7090, 349.7837
143439.7209, 6394369.0633, 34.9523, 819.7090, 349.7837
143433.7547, 6394371.4720, 34.9328, 379.1744, 356.7105
143441.8774, 6394402.4489, 34.8399, 446.1582, 381.1431
143440.5123, 6394398.9526, 34.7820, 430.0922, 382.0809
143440.5989, 6394372.1285, 33.9529, 780.8034, 415.1725
143460.2271, 6394388.1284, 46.1876, 1114.1238, 10.1695
143432.3603, 6394366.4384, 38.5096, 327.7159, 14.2327
143459.0212, 6394385.5648, 45.3185, 1137.8318, 14.8280
143460.8220, 6394391.4256, 46.3655, 1064.0184, 30.9209
143459.2634, 6394388.5615, 45.6242, 1079.8915, 29.2957
143431.2417, 6394366.4990, 38.2213, 221.1325, 34.7124
143432.1925, 6394366.4864, 38.2926, 311.9311, 34.4277
143438.2317, 6394363.4892, 38.0022, 942.6728, 38.8308
143430.2701, 6394366.4846, 38.0167, 124.8357, 47.2721
143465.7094, 6394402.0395, 48.4836, 1001.8499, 49.1280
143432.8498, 6394365.5078, 37.8742, 390.2421, 57.8705
143459.7463, 6394392.5997, 45.3825, 1016.2740, 65.8076
143432.7289, 6394365.5076, 37.7256, 378.9655, 71.6031
143437.9804, 6394367.6305, 32.9834, 754.0720, 495.5860
143438.6022, 6394369.5973, 32.8187, 735.4034, 496.6647
143435.9820, 6394371.5364, 32.7240, 527.0270, 501.0053
143435.9820, 6394371.5364, 32.7240, 527.0270, 501.0053
143437.8381, 6394370.9951, 32.6517, 652.7491, 503.4491
143459.1065, 6394391.4880, 44.2240, 1019.8617, 92.4406
143433.2237, 6394365.5331, 37.4213, 426.1690, 104.6305
143433.2237, 6394365.5331, 37.4213, 426.1690, 104.6305
143433.2237, 6394365.5331, 37.4213, 426.1690, 104.6305
143435.3055, 6394367.5830, 32.7664, 562.8314, 520.8565
143457.2239, 6394388.5855, 42.6036, 1024.6453, 122.8481
143432.3382, 6394365.5224, 32.6468, 352.8642, 560.0707
143432.0157, 6394365.5092, 32.5878, 322.0947, 567.4564
143430.5235, 6394365.9753, 32.3318, 170.4710, 594.8469
143430.5235, 6394365.9753, 32.3318, 170.4710, 594.8469
143436.3069, 6394363.9430, 32.1699, 759.9495, 601.3459
143449.8869, 6394377.0239, 39.8091, 1060.6469, 139.1310
143449.8869, 6394377.0239, 39.8091, 1060.6469, 139.1310
143433.4468, 6394365.9577, 38.4982, 436.0573, 12.3479
143431.8233, 6394366.4668, 38.3493, 277.1702, 26.0089
143429.3141, 6394367.4743, 38.3574, 28.1854, 29.6651
143459.2761, 6394389.0770, 45.7415, 1069.9146, 29.4682
143459.4251, 6394388.1030, 45.4407, 1093.4779, 32.1398
143462.0455, 6394395.6248, 47.2586, 1020.0236, 36.0950
143462.0455, 6394395.6248, 47.2586, 1020.0236, 36.0950
143430.3526, 6394366.4706, 38.0678, 133.1078, 42.5527
143460.5284, 6394391.4735, 45.8886, 1055.8071, 44.9561
143430.2179, 6394366.4820, 38.0319, 119.4505, 45.3598
143430.2179, 6394366.4820, 38.0319, 119.4505, 45.3598
143430.1629, 6394366.4778, 38.0136, 113.8737, 46.6738
143460.3121, 6394392.9866, 45.9920, 1023.4335, 51.4981
143459.9868, 6394391.4995, 45.4214, 1041.8367, 58.0531
143459.9868, 6394391.4995, 45.4214, 1041.8367, 58.0531
143456.5133, 6394382.9764, 43.2633, 1126.6233, 60.2416
143456.5133, 6394382.9764, 43.2633, 1126.6233, 60.2416
143459.7893, 6394390.5201, 45.0961, 1055.0122, 61.0723
143459.7893, 6394390.5201, 45.0961, 1055.0122, 61.0723
143458.7144, 6394388.3989, 44.5538, 1068.4808, 61.3997
143458.3342, 6394388.0593, 44.1884, 1065.1499, 70.0950
143458.2237, 6394388.6177, 44.2424, 1051.0443, 71.9083
143458.1295, 6394388.0447, 43.9408, 1059.9108, 77.6504
143458.1295, 6394388.0447, 43.9408, 1059.9108, 77.6504
143459.4512, 6394391.9720, 44.8017, 1019.9340, 78.6143
143456.5643, 6394384.5612, 43.0906, 1090.6666, 78.8187
143456.6460, 6394385.1376, 43.1059, 1080.0762, 82.6277
143459.3951, 6394393.5491, 44.8128, 991.4464, 87.5951
143429.0711, 6394367.0076, 37.5636, 3.8435, 94.3403
143433.1907, 6394365.5237, 37.5075, 423.0822, 95.9557
143457.7624, 6394389.0908, 43.5300, 1029.4622, 96.9735
143438.4515, 6394363.4859, 37.4129, 960.8466, 97.5448
143458.7152, 6394392.4932, 43.6408, 992.4145, 114.9579
143429.2239, 6394367.0016, 37.3319, 20.5579, 117.4946
143438.6457, 6394363.8902, 37.2303, 955.1887, 123.1347
143449.7872, 6394377.0638, 39.9749, 1055.7834, 131.5769
143434.6878, 6394368.5307, 37.7151, 488.6271, 132.8142
143438.4097, 6394363.9290, 37.1156, 934.3469, 133.3833
143434.2584, 6394367.9977, 37.5668, 466.0467, 135.6938
143434.8482, 6394368.9715, 37.7481, 491.9278, 136.6932
143434.8482, 6394368.9715, 37.7481, 491.9278, 136.6932
143433.4802, 6394367.5493, 37.4358, 411.3376, 137.0456
143433.7618, 6394367.5462, 37.4485, 434.6855, 137.1286
143434.0564, 6394367.5245, 37.4635, 459.1962, 136.8114
143429.6401, 6394368.5138, 37.3904, 66.1046, 138.2258
143438.6565, 6394363.9053, 37.0577, 955.2388, 139.6098
143449.4493, 6394374.0459, 39.1824, 1135.6495, 144.6440
143433.3732, 6394370.0360, 37.7406, 365.4589, 145.1008
143433.3732, 6394370.0360, 37.7406, 365.4589, 145.1008
143434.3117, 6394368.5111, 37.5209, 460.5676, 146.4577
143438.5246, 6394363.8987, 36.9385, 945.0641, 150.0918
143429.9458, 6394369.5091, 37.3858, 94.5715, 153.5464
143430.0254, 6394369.5141, 37.3477, 101.5816, 157.0366
143438.3823, 6394363.9658, 36.8541, 930.2779, 158.3775
143454.3215, 6394383.6423, 40.5525, 1044.0726, 160.6071
143430.1562, 6394370.0127, 37.3607, 112.4888, 162.6373
143430.7097, 6394371.5130, 37.5682, 153.7252, 165.8940
143438.0810, 6394364.6454, 36.8042, 873.9847, 171.1599
143438.0810, 6394364.6454, 36.8042, 873.9847, 171.1599
143440.1970, 6394368.3961, 37.3768, 871.2977, 175.8180
143440.1970, 6394368.3961, 37.3768, 871.2977, 175.8180
143438.0877, 6394364.1127, 36.6798, 899.3978, 175.5284
143438.1251, 6394364.0930, 36.6680, 903.3665, 176.5131
143438.1251, 6394364.0930, 36.6680, 903.3665, 176.5131
143448.5755, 6394373.5328, 38.4341, 1116.5569, 177.0025
143440.0749, 6394368.3841, 37.1730, 864.1343, 189.9696
143438.3781, 6394363.9633, 36.5087, 930.0498, 190.6553
143450.3637, 6394379.0942, 38.9469, 1022.0826, 192.1504
143440.0185, 6394368.3961, 37.0988, 860.1927, 195.2554
143436.1128, 6394373.9836, 37.5794, 488.8771, 201.7480
143439.9633, 6394368.4424, 36.9888, 855.1284, 203.4258
