143435.0755, 6394367.0760, 37.7075, 517.4678, 61.8153
143435.7341, 6394367.0266, 37.7372, 577.3285, 61.9895
143435.8947, 6394366.4861, 32.6140, 623.0299, 538.3737
143435.7341, 6394367.0266, 37.7372, 577.3285, 61.9895
143436.0636, 6394366.4799, 32.6018, 638.0286, 538.6470
143435.5298, 6394366.4899, 32.5963, 590.6749, 542.0109
143435.0174, 6394367.5223, 37.7647, 500.1502, 66.0458
143435.0174, 6394367.5223, 37.7647, 500.1502, 66.0458
143435.0768, 6394367.5219, 37.7713, 505.3804, 65.7770
143440.3359, 6394371.1029, 33.8250, 787.8218, 418.2042
143436.3919, 6394376.4567, 33.9860, 437.0541, 418.2012
143440.7119, 6394372.0758, 33.7654, 779.9890, 422.1205
143437.9802, 6394377.5158, 32.7946, 510.2993, 481.7118
143438.5254, 6394373.4841, 32.6916, 617.3497, 494.4298
143438.5254, 6394373.4841, 32.6916, 617.3497, 494.4298
143438.5663, 6394369.6123, 32.7878, 724.2271, 498.2373
143439.0433, 6394366.6350, 32.5708, 872.5845, 525.6224
143459.1676, 6394388.5280, 45.1503, 1058.9449, 37.6933
143459.8883, 6394393.4847, 45.4330, 982.0363, 68.3694
143435.0699, 6394367.5321, 37.7384, 504.6010, 69.0036
143433.4254, 6394367.5153, 37.6152, 354.6822, 70.3343
143433.5986, 6394367.4946, 38.2159, 369.4505, 13.1557
143433.5986, 6394367.4946, 38.2159, 369.4505, 13.1557
143459.1676, 6394388.5280, 45.1503, 1058.9449, 37.6933
143433.0312, 6394367.4887, 32.4558, 335.7259, 562.5365
143433.0312, 6394367.4887, 32.4558, 335.7259, 562.5365
143432.8411, 6394367.4913, 32.4233, 317.5635, 566.7584
143432.8411, 6394367.4913, 32.4233, 317.5635, 566.7584
143434.9187, 6394366.4953, 32.3681, 535.8450, 567.3002
143436.9841, 6394365.9671, 32.2734, 737.6379, 567.8395
143432.6773, 6394367.4894, 32.3959, 301.8319, 570.4037
143432.6773, 6394367.4894, 32.3959, 301.8319, 570.4037
143437.1089, 6394365.9318, 32.1226, 750.0715, 581.5421
143459.4869, 6394392.1323, 45.0024, 996.4697, 71.0463
143459.1173, 6394388.5996, 45.0476, 1056.1440, 41.5736
143445.3114, 6394410.9329, 36.6184, 444.1296, 358.5457
143465.6225, 6394403.1582, 48.8996, 957.6955, 48.2691
143436.8258, 6394366.4949, 37.7476, 689.9267, 55.8214
143437.6829, 6394366.5014, 37.7873, 761.1863, 57.6356
143437.6829, 6394366.5014, 37.7873, 761.1863, 57.6356
143438.5482, 6394365.5952, 37.6263, 873.4612, 57.6460
143435.9591, 6394366.9933, 37.7845, 597.8508, 58.2132
143458.2191, 6394387.9703, 43.9540, 1045.6830, 70.9686
143456.9423, 6394384.0080, 43.6972, 1100.1503, 43.0649
143444.8766, 6394409.9449, 36.5273, 439.7796, 359.6927
143456.4952, 6394382.5102, 43.1054, 1125.2443, 50.2361
143459.5176, 6394392.6596, 45.0916, 987.6287, 72.1275
143465.1507, 6394403.0091, 48.3643, 950.3973, 59.6491
143436.4763, 6394367.0130, 37.7751, 641.5177, 62.7088
143435.5285, 6394367.1000, 37.7306, 557.0707, 62.9924
143435.5285, 6394367.1000, 37.7306, 557.0707, 62.9924
143436.2364, 6394367.0170, 37.7596, 621.0215, 62.7754
143432.9562, 6394368.5562, 37.6737, 294.1552, 84.4952
143431.4846, 6394369.5508, 37.6912, 148.5721, 94.9838
143430.5262, 6394370.5444, 37.7142, 57.3740, 106.9353
143439.9578, 6394389.4612, 35.4853, 448.0630, 363.3891
143458.5962, 6394387.8588, 44.4598, 1058.1061, 53.8596
143457.8882, 6394387.6137, 43.7283, 1044.2876, 75.1099
143440.5337, 6394390.9625, 35.4707, 454.9003, 366.1994
143458.5962, 6394387.8588, 44.4598, 1058.1061, 53.8596
143439.2135, 6394365.3765, 37.5754, 938.6546, 61.7045
143440.8091, 6394372.1408, 34.6044, 782.3297, 367.8426
143458.4699, 6394393.1288, 43.7827, 953.6668, 113.0369
143430.5503, 6394371.5085, 37.4765, 60.6299, 143.1000
143457.8882, 6394387.6137, 43.7283, 1044.2876, 75.1099
143440.2425, 6394370.5996, 37.4641, 792.5230, 162.8616
143439.4665, 6394372.5763, 37.7362, 686.3395, 165.6421
143442.0471, 6394394.9478, 35.4376, 470.1223, 372.4798
143438.0929, 6394373.5013, 37.7911, 581.6075, 168.9481
143459.5748, 6394390.6768, 44.8780, 1026.2550, 64.4493
143432.6904, 6394376.0322, 37.5929, 206.4724, 195.8851
143432.6904, 6394376.0322, 37.5929, 206.4724, 195.8851
143458.0314, 6394388.5962, 43.9209, 1027.4971, 76.5335
143437.6034, 6394377.4476, 37.7057, 482.5449, 210.4187
143439.8272, 6394368.5030, 36.3032, 843.0873, 223.9360
143459.6806, 6394391.0570, 44.9294, 1021.6012, 65.8796
143433.1744, 6394378.9991, 37.4840, 219.4389, 228.5895
143438.4121, 6394379.5225, 37.5425, 494.0052, 235.3970
143457.5653, 6394386.6286, 43.4336, 1056.8959, 76.7621
143459.6806, 6394391.0570, 44.9294, 1021.6012, 65.8796
143433.9531, 6394380.9787, 37.4480, 250.8370, 245.0729
143442.7152, 6394396.4294, 35.3698, 478.3385, 376.2194
143457.5653, 6394386.6286, 43.4336, 1056.8959, 76.7621
143432.9803, 6394368.5380, 37.7385, 296.3955, 78.3204
143432.9803, 6394368.5380, 37.7385, 296.3955, 78.3204
143436.7803, 6394384.0217, 37.8594, 365.1439, 245.7174
143457.9764, 6394387.0502, 43.8347, 1058.9087, 67.1547
143434.7896, 6394367.5533, 37.7417, 479.2293, 67.4907
143434.7896, 6394367.5533, 37.7417, 479.2293, 67.4907
143436.4186, 6394384.0279, 37.8363, 348.6796, 246.5011
143457.6928, 6394387.0450, 43.4407, 1051.3040, 80.0913
143436.4186, 6394384.0279, 37.8363, 348.6796, 246.5011
143459.6174, 6394391.0032, 44.6905, 1021.1393, 72.8308
143456.5126, 6394385.1185, 42.9191, 1061.1527, 80.5019
143443.4330, 6394398.4336, 35.3722, 483.0498, 378.1232
143434.4583, 6394382.4871, 37.5361, 267.0802, 250.2767
143459.6174, 6394391.0032, 44.6905, 1021.1393, 72.8308
143433.8018, 6394380.9933, 37.0419, 243.5413, 266.1352
143456.7227, 6394385.6290, 43.0219, 1055.4695, 81.4374
143438.2629, 6394368.6232, 32.9578, 735.6829, 489.1186
143455.9452, 6394383.5104, 42.4898, 1083.0691, 81.6201
143432.8724, 6394368.5547, 37.6897, 286.3914, 82.5346
143432.8724, 6394368.5547, 37.6897, 286.3914, 82.5346
143432.4972, 6394369.0323, 37.7659, 245.9402, 83.3365
143437.0049, 6394373.9907, 32.7504, 515.7327, 493.8891
143458.2033, 6394389.0311, 44.0051, 1023.2280, 77.4022
143433.7998, 6394367.5259, 37.5578, 390.0520, 78.3217
143436.4147, 6394372.4949, 32.7153, 507.1024, 502.0070
143435.9110, 6394372.0338, 32.7432, 482.2956, 503.1467
143436.0547, 6394372.0153, 32.7334, 492.4397, 503.4108
143440.0800, 6394393.5089, 37.9413, 414.5364, 285.0639
143435.4820, 6394371.9960, 32.7318, 453.5545, 505.5449
143437.7675, 6394370.9747, 32.6476, 631.2693, 506.9210
143437.8944, 6394370.9674, 32.6421, 639.8658, 506.8921
143438.0583, 6394368.1194, 32.6201, 739.2354, 518.8400
143437.3902, 6394368.4897, 32.6222, 677.1363, 519.8685
143437.5877, 6394368.0277, 32.6129, 707.4155, 521.8818
143435.9755, 6394366.4848, 32.6114, 630.1539, 538.1930
143434.8577, 6394366.5358, 32.6090, 528.3137, 544.2513
143434.3549, 6394367.0005, 32.5992, 469.5424, 544.8642
143434.3549, 6394367.0005, 32.5992, 469.5424, 544.8642
143436.9597, 6394365.9669, 32.4406, 735.1650, 552.2408
143432.2872, 6394367.4875, 32.3317, 263.8214, 579.0690
143432.2872, 6394367.4875, 32.3317, 263.8214, 579.0690
143459.1345, 6394392.0460, 44.5247, 989.3593, 84.4388
143459.4439, 6394393.0138, 44.8310, 979.6055, 82.3191
143432.4056, 6394369.0442, 37.7622, 237.4197, 83.4126
143432.6456, 6394369.0406, 37.7563, 259.4279, 85.1689
143435.9093, 6394386.4695, 36.9475, 309.0002, 296.9604
143432.6456, 6394369.0406, 37.7563, 259.4279, 85.1689
143445.4554, 6394399.5333, 37.7505, 529.0448, 309.0246
143459.1345, 6394392.0460, 44.5247, 989.3593, 84.4388
143459.0416, 6394392.1429, 44.4114, 985.2905, 88.4155
143455.7315, 6394383.1420, 42.2577, 1085.8586, 86.8404
143445.4554, 6394399.5333, 37.7505, 529.0448, 309.0246
143432.4078, 6394369.0531, 37.7206, 237.6801, 87.3504
143432.4078, 6394369.0531, 37.7206, 237.6801, 87.3504
143458.9806, 6394392.0189, 44.2060, 986.1026, 93.7855
143445.2214, 6394401.9391, 35.1437, 504.8925, 387.3151
143441.0592, 6394372.6162, 34.3101, 782.8453, 387.5081
143440.4943, 6394371.1377, 34.2592, 795.5428, 388.5629
143455.7993, 6394383.5076, 42.2945, 1078.7808, 88.6994
143432.2903, 6394369.5295, 37.7983, 222.1726, 89.2335
143445.5602, 6394399.5247, 37.7505, 532.0348, 309.0122
143440.7564, 6394372.0586, 34.2364, 782.3387, 391.5300
143457.4743, 6394387.5997, 43.1087, 1033.4229, 95.2850
143445.5602, 6394399.5247, 37.7505, 532.0348, 309.0122
143457.7324, 6394387.9749, 43.3864, 1032.5060, 89.1587
143457.4743, 6394387.5997, 43.1087, 1033.4229, 95.2850
143457.7324, 6394387.9749, 43.3864, 1032.5060, 89.1587
143431.7602, 6394369.5546, 37.7085, 174.0334, 94.9278
143431.7602, 6394369.5546, 37.7085, 174.0334, 94.9278
143431.5842, 6394369.5565, 37.6771, 157.8660, 96.8631
143431.5842, 6394369.5565, 37.6771, 157.8660, 96.8631
143431.1766, 6394370.0549, 37.7046, 117.9731, 101.8708
143431.1766, 6394370.0549, 37.7046, 117.9731, 101.8708
143447.8436, 6394370.6119, 38.7095, 1206.2717, 104.5036
143430.9266, 6394370.5464, 37.7539, 93.7968, 105.4412
143430.9266, 6394370.5464, 37.7539, 93.7968, 105.4412
143430.5704, 6394370.5497, 37.6861, 61.5459, 109.6656
143429.9973, 6394369.5069, 37.4282, 5.9081, 110.5496
143430.2865, 6394370.4903, 37.6136, 35.4785, 113.5622
143440.1506, 6394397.9549, 37.5207, 385.4898, 311.8182
143435.6358, 6394366.4391, 34.8650, 595.4308, 325.5348
143435.5812, 6394366.4624, 34.8225, 589.8786, 329.7761
143464.4332, 6394403.6397, 46.9398, 927.7680, 96.7517
143431.0013, 6394370.0561, 37.6699, 101.9181, 104.0839
143431.0013, 6394370.0561, 37.6699, 101.9181, 104.0839
143447.5441, 6394370.1173, 38.4034, 1214.8617, 116.2954
143442.5421, 6394403.9386, 37.3007, 416.5676, 331.0810
143464.0699, 6394404.0558, 46.2569, 915.1209, 114.9098
143440.1126, 6394381.0130, 34.4071, 556.9880, 395.9771
143458.4142, 6394393.0707, 43.5771, 953.3751, 118.8091
143440.1126, 6394381.0130, 34.4071, 556.9880, 395.9771
143458.5301, 6394393.5636, 43.8327, 947.7093, 114.3249
143442.5421, 6394403.9386, 37.3007, 416.5676, 331.0810
143463.9165, 6394404.1208, 45.9519, 911.2729, 122.3943
143449.1805, 6394373.6166, 39.0500, 1142.1943, 124.6868
143459.4225, 6394388.4467, 45.5923, 1067.2595, 22.9848
143443.3987, 6394397.9797, 34.4860, 486.6787, 404.6060
143449.7736, 6394377.1580, 39.6314, 1046.1626, 132.0711
143456.7471, 6394383.1053, 43.6926, 1117.1033, 34.0551
143446.0607, 6394395.5457, 34.2474, 588.1392, 408.6974
143440.2793, 6394371.1320, 33.9563, 783.2720, 409.4081
143458.1596, 6394392.6277, 43.1193, 954.8493, 129.6573
143439.9540, 6394370.1334, 33.9068, 795.9496, 412.3130
143443.0793, 6394405.4547, 37.3191, 421.3926, 333.2561
143449.9824, 6394376.9945, 39.6343, 1059.3593, 130.8793
143440.3544, 6394370.6204, 34.9955, 802.7761, 336.4171
143435.9624, 6394367.4505, 34.7743, 591.8961, 340.0016
143456.5450, 6394383.1160, 43.3472, 1110.8690, 46.8225
143436.5271, 6394369.4897, 34.7930, 578.5959, 348.1825
143436.5271, 6394369.4897, 34.7930, 578.5959, 348.1825
143446.0749, 6394387.0438, 33.8224, 698.0624, 419.2406
143458.1462, 6394393.0360, 43.0550, 947.4593, 134.0148
143444.2283, 6394382.6100, 33.6646, 704.2524, 426.1771
143458.0417, 6394393.1201, 42.9948, 943.3920, 136.1786
143444.4158, 6394382.5247, 33.6354, 713.1760, 427.1883
143459.3238, 6394392.5550, 44.8726, 984.7487, 77.6796
143435.0268, 6394370.5244, 37.4956, 435.4549, 142.9881
143441.1559, 6394374.1009, 33.5061, 748.1105, 437.7657
143441.1559, 6394374.1009, 33.5061, 748.1105, 437.7657
143436.9997, 6394370.4406, 34.8390, 588.0532, 348.4506
143439.1405, 6394367.1550, 34.6267, 853.0134, 349.4454
143448.8021, 6394375.1223, 38.5361, 1072.7371, 166.0531
143442.5497, 6394377.1281, 33.4474, 743.4955, 438.2937
143439.9195, 6394371.5054, 33.5080, 750.7961, 440.5244
143439.9195, 6394371.5054, 33.5080, 750.7961, 440.5244
143457.8714, 6394392.4708, 42.6008, 950.4868, 144.2099
143448.6485, 6394374.5677, 38.3307, 1085.3986, 171.5519
143438.1686, 6394378.9819, 32.7922, 497.6755, 479.1233
143448.3505, 6394373.5833, 38.0301, 1108.0476, 178.3103
143448.0192, 6394371.6487, 38.2599, 1169.3582, 144.9609
143430.7051, 6394372.0071, 37.4891, 73.7728, 150.0709
143440.6276, 6394376.5429, 32.7116, 664.3179, 481.6947
143448.3505, 6394373.5833, 38.0301, 1108.0476, 178.3103
143440.7192, 6394376.5307, 32.7152, 669.1617, 481.3054
143449.4893, 6394376.6308, 39.1586, 1051.5028, 149.6057
143438.4487, 6394369.1131, 32.9729, 732.1258, 486.0046
143450.4260, 6394379.0446, 38.9670, 1016.8624, 180.0608
143435.5314, 6394371.5105, 37.5532, 454.1431, 154.0874
143437.5730, 6394375.4777, 32.7492, 522.1926, 489.0703
143439.7884, 6394374.4685, 32.6757, 666.4672, 489.6765
143430.8662, 6394372.5031, 37.4863, 86.7561, 157.8352
143453.8206, 6394384.1623, 39.8516, 1003.2250, 182.9056
143430.7166, 6394371.9925, 36.9438, 76.6951, 193.1645
143438.8588, 6394365.4191, 35.7124, 911.3431, 238.0096
143438.8766, 6394366.6181, 35.4960, 855.2684, 270.5631
143439.9634, 6394374.0357, 32.6807, 686.3898, 489.8288
143439.9634, 6394374.0357, 32.6807, 686.3898, 489.8288
143457.5002, 6394392.0903, 42.0054, 947.8960, 159.9556
143438.0125, 6394372.4782, 32.6842, 609.5658, 499.0477
143438.0408, 6394371.4848, 32.6756, 635.8070, 502.4038
143430.9732, 6394372.5091, 37.4328, 95.6860, 162.3737
143437.6450, 6394371.5062, 32.6874, 609.5890, 502.8404
143438.4102, 6394371.0266, 32.6512, 671.9345, 504.2779
143433.8853, 6394380.9869, 36.6832, 248.7673, 284.7747
143438.1355, 6394370.4897, 32.6350, 669.0192, 508.1515
143438.1960, 6394370.4636, 32.6351, 673.7950, 508.0231
143437.9557, 6394367.6082, 32.7340, 750.0508, 512.0610
143435.6275, 6394366.4638, 32.8778, 599.4522, 514.9988
143435.6275, 6394366.4638, 32.8778, 599.4522, 514.9988
143457.3517, 6394392.5517, 42.0036, 935.9992, 162.3298
143438.0448, 6394368.1307, 32.6677, 737.7354, 514.9660
143435.4744, 6394366.5118, 32.6187, 584.9603, 540.0439
143438.6770, 6394365.0496, 32.4968, 922.0280, 543.5193
143433.9336, 6394367.0149, 32.6339, 429.9356, 543.8286
143433.9336, 6394367.0149, 32.6339, 429.9356, 543.8286
143438.7525, 6394365.0420, 32.4767, 928.6505, 545.0663
143433.7447, 6394367.0096, 32.6089, 412.3158, 547.3245
143433.7447, 6394367.0096, 32.6089, 412.3158, 547.3245
143433.6457, 6394367.0126, 32.5948, 402.8883, 549.2218
143436.9113, 6394365.9851, 32.4649, 730.2316, 550.0947
143433.7723, 6394367.0147, 32.5736, 414.9309, 550.5120
143444.5764, 6394408.9400, 36.6482, 438.4676, 355.5435
143431.1649, 6394373.0102, 37.4166, 110.1523, 170.7263
143433.8853, 6394380.9869, 36.6832, 248.7673, 284.7747
143431.5637, 6394373.9857, 35.7490, 143.0028, 301.4046
143450.5883, 6394379.0838, 39.1778, 1021.6277, 171.1283
143435.4485, 6394374.0540, 37.6527, 406.3773, 177.6065
143431.5637, 6394373.9857, 35.7490, 143.0028, 301.4046
143432.2979, 6394368.0039, 35.1268, 248.0762, 311.8129
143439.3257, 6394367.6496, 35.0933, 844.6702, 313.2102
143439.3257, 6394367.6496, 35.0933, 844.6702, 313.2102
143431.0597, 6394373.0022, 37.4876, 101.5982, 165.0023
143435.4485, 6394374.0540, 37.6527, 406.3773, 177.6065
143439.2060, 6394367.1163, 34.9409, 858.9319, 322.5786
143432.2933, 6394368.0218, 34.8693, 248.3954, 336.3007
143431.3754, 6394373.9991, 37.4932, 123.5923, 177.7921
143435.4701, 6394374.5329, 37.7240, 400.7424, 178.1692
143435.4701, 6394374.5329, 37.7240, 400.7424, 178.1692
143433.6786, 6394367.0172, 32.5647, 406.0218, 551.8941
143436.9296, 6394365.9782, 32.4084, 732.2090, 555.3705
143433.3839, 6394367.4933, 32.5044, 368.8762, 555.8445
143457.6769, 6394394.0417, 42.1192, 919.2126, 167.0492
143431.1144, 6394373.0071, 37.4475, 106.0582, 168.2313
143431.2817, 6394373.5055, 37.4578, 117.9153, 174.1799
143455.0558, 6394387.0891, 40.2345, 976.7549, 187.6197
143435.5474, 6394373.0519, 37.5070, 428.6294, 176.4741
143440.1319, 6394368.3719, 36.7470, 868.2660, 188.2839
143440.1319, 6394368.3719, 36.7470, 868.2660, 188.2839
143435.5474, 6394373.0519, 37.5070, 428.6294, 176.4741
143448.9399, 6394377.0872, 38.4177, 1016.1898, 188.6095
143433.3542, 6394367.4897, 32.4663, 366.2774, 559.6100
143432.9694, 6394367.4960, 32.4476, 329.7180, 563.6350
143432.9694, 6394367.4960, 32.4476, 329.7180, 563.6350
143440.3869, 6394370.6043, 34.7429, 805.7195, 353.9332
143437.0422, 6394365.5441, 32.2479, 760.6740, 573.4551
143440.0702, 6394368.4106, 36.7431, 862.5272, 188.9156
143433.8196, 6394380.9976, 35.0326, 248.6232, 370.2427
143457.1826, 6394392.9994, 41.5992, 924.2281, 176.8508
143456.6752, 6394392.5184, 40.9485, 919.5707, 193.9131
143436.9557, 6394389.4572, 35.1662, 334.3724, 377.1993
143435.3690, 6394374.5561, 37.7184, 393.9960, 178.5450
143435.3690, 6394374.5561, 37.7184, 393.9960, 178.5450
143456.7887, 6394394.0416, 41.1234, 897.2342, 195.8556
143454.0022, 6394384.0096, 39.9530, 1012.3895, 178.3414
143431.4525, 6394374.0012, 37.4568, 129.4640, 180.6030
143447.9134, 6394407.9484, 34.4667, 526.8990, 407.4319
143440.6669, 6394372.0998, 33.9135, 776.4433, 412.6285
143448.6962, 6394376.1067, 38.3532, 1036.3907, 183.6302
143456.7887, 6394394.0416, 41.1234, 897.2342, 195.8556
143441.1043, 6394373.0595, 33.5801, 773.6446, 433.4141
143437.4474, 6394367.9987, 32.6064, 697.8099, 523.1780
143437.1038, 6394366.5519, 32.6112, 723.4269, 531.9183
143436.3696, 6394366.0436, 32.6209, 680.6431, 537.9409
143436.3696, 6394366.0436, 32.6209, 680.6431, 537.9409
143435.1358, 6394366.5355, 32.6201, 553.7161, 541.6309
143435.1358, 6394366.5355, 32.6201, 553.7161, 541.6309
143436.1864, 6394366.0225, 32.5531, 665.4834, 545.5783
143434.4750, 6394366.9996, 32.5240, 480.8237, 551.2767
143431.5672, 6394374.5009, 37.4872, 136.2509, 184.4416
143431.9383, 6394375.5019, 37.4788, 158.8461, 196.4668
143431.6274, 6394374.5027, 37.4547, 140.7218, 186.8537
143437.1890, 6394375.0201, 37.4747, 498.8320, 202.3347
143431.7754, 6394374.9912, 37.5318, 149.3308, 187.2494
143437.1890, 6394375.0201, 37.4747, 498.8320, 202.3347
143448.3119, 6394375.5517, 37.8448, 1038.5070, 204.5110
143456.8073, 6394394.1011, 41.2742, 896.6636, 191.6368
143438.1778, 6394378.0140, 37.8434, 504.0089, 208.2534
143439.9700, 6394368.4244, 36.4787, 855.6152, 209.5972
143448.1115, 6394375.6299, 37.7429, 1027.6301, 210.0472
143456.8073, 6394394.1011, 41.2742, 896.6636, 191.6368
143437.8969, 6394378.4900, 37.7334, 482.5399, 217.4513
143433.0397, 6394376.0179, 37.6343, 229.2947, 193.8215
143438.3005, 6394378.4400, 37.7245, 504.0206, 218.1137
143433.0397, 6394376.0179, 37.6343, 229.2947, 193.8215
143432.7438, 6394376.0251, 37.6063, 209.9872, 195.0651
143448.1789, 6394376.0401, 37.6168, 1017.6346, 219.5491
143432.0466, 6394375.4930, 37.4843, 166.3138, 196.2338
143448.0147, 6394376.1035, 37.5261, 1008.8817, 224.3818
143432.5932, 6394376.5054, 37.6539, 197.3057, 196.4228
143432.5932, 6394376.5054, 37.6539, 197.3057, 196.4228
143448.0147, 6394376.1035, 37.5261, 1008.8817, 224.3818
143439.8462, 6394368.4982, 36.2612, 844.6384, 227.2088
143439.8462, 6394368.4982, 36.2612, 844.6384, 227.2088
143448.4051, 6394376.1198, 37.9440, 1024.2878, 203.8929
143448.7623, 6394378.6102, 37.7813, 966.4904, 229.1499
143439.3169, 6394379.0403, 37.5289, 545.7303, 233.8999
143439.3169, 6394379.0403, 37.5289, 545.7303, 233.8999
143437.6458, 6394379.9992, 37.5670, 449.6227, 236.4345
143456.4869, 6394392.4923, 40.6014, 915.2867, 204.3359
143438.2535, 6394380.0158, 37.5693, 479.3113, 237.0756
143437.7406, 6394377.9549, 37.6746, 482.3242, 216.3482
143438.2535, 6394380.0158, 37.5693, 479.3113, 237.0756
143448.6340, 6394377.0886, 37.7942, 1004.3688, 218.5536
143438.3795, 6394379.9978, 37.5720, 485.6965, 236.9584
143448.6340, 6394377.0886, 37.7942, 1004.3688, 218.5536
143439.8841, 6394368.4735, 36.3421, 848.0579, 220.6767
143438.3795, 6394379.9978, 37.5720, 485.6965, 236.9584
143438.1121, 6394380.0143, 37.5474, 472.4550, 238.0280
143448.3187, 6394376.6263, 37.6393, 1005.4562, 222.6423
143439.8445, 6394382.0467, 37.8376, 524.9819, 238.1902
143433.0440, 6394378.4941, 37.4533, 214.7224, 226.3286
143448.5841, 6394409.4617, 34.9333, 531.0262, 396.5019
143433.0440, 6394378.4941, 37.4533, 214.7224, 226.3286
143438.6914, 6394379.4957, 37.6694, 507.9157, 229.0200
143447.9117, 6394376.1247, 37.4228, 1004.0014, 229.6395
143448.5841, 6394409.4617, 34.9333, 531.0262, 396.5019
143447.9117, 6394376.1247, 37.4228, 1004.0014, 229.6395
143448.3912, 6394377.5297, 37.6022, 981.9582, 230.4729
143437.6668, 6394379.5408, 37.5254, 456.6755, 235.5741
143437.9138, 6394383.0245, 37.8482, 426.3253, 241.5875
143433.8345, 6394380.9858, 37.5089, 244.3581, 241.8326
143436.7650, 6394383.5335, 37.8117, 368.9168, 245.1609
143434.7162, 6394382.9676, 37.5725, 276.6346, 251.4971
143440.1882, 6394380.9907, 34.1418, 561.1158, 408.4767
143444.3831, 6394383.0957, 33.7218, 701.6088, 423.6819
143434.7162, 6394382.9676, 37.5725, 276.6346, 251.4971
143439.3512, 6394368.0694, 35.8784, 828.0065, 252.5791
143438.8176, 6394365.4581, 35.5519, 906.3050, 253.5822
143439.0154, 6394367.1165, 35.5894, 843.6277, 267.2336
143444.3831, 6394383.0957, 33.7218, 701.6088, 423.6819
143442.7421, 6394378.0411, 33.5077, 731.8785, 434.8582
143442.7421, 6394378.0411, 33.5077, 731.8785, 434.8582
143435.7327, 6394385.9640, 37.5199, 303.7841, 270.0128
143439.4145, 6394380.0110, 32.8005, 542.5800, 474.7017
143439.5636, 6394376.5457, 32.7353, 610.0592, 482.8801
143442.4753, 6394388.4809, 37.8555, 547.3781, 270.6227
143440.2618, 6394376.0388, 32.7109, 656.4891, 483.4476
143437.5547, 6394376.5311, 32.7867, 503.2791, 484.8839
143437.4730, 6394375.4849, 32.7528, 516.3765, 489.1035
143437.4046, 6394374.5065, 32.7525, 530.0584, 491.4224
143439.0517, 6394372.9775, 32.6717, 660.3926, 495.3965
143437.8961, 6394372.0234, 32.6950, 613.0850, 499.9628
143436.5584, 6394372.4946, 32.7242, 516.4974, 500.9417
143435.8465, 6394386.5130, 37.4705, 305.1351, 274.6942
143433.6001, 6394379.9940, 37.4447, 237.7969, 238.3852
143436.8356, 6394372.4995, 32.7071, 534.4542, 501.1904
143438.9913, 6394371.5395, 32.6504, 694.4912, 500.8530
143436.3809, 6394371.4815, 32.6991, 525.6633, 506.4241
143435.2171, 6394371.0140, 32.7282, 452.8240, 510.1272
143437.7528, 6394369.9941, 32.6397, 657.2462, 510.9695
143433.6001, 6394379.9940, 37.4447, 237.7969, 238.3852
143437.7882, 6394369.9786, 32.6300, 660.1528, 511.6205
143435.5985, 6394366.4762, 32.9036, 596.3860, 512.6370
143442.2137, 6394388.4810, 37.7455, 538.0651, 274.6982
143438.0366, 6394369.4712, 32.6177, 692.6038, 513.5212
143437.4749, 6394369.4862, 32.6270, 652.5779, 514.9455
143437.3206, 6394368.9798, 32.6306, 656.5988, 517.3583
143437.0526, 6394367.5371, 32.6328, 683.0793, 524.9880
143437.0526, 6394367.5371, 32.6328, 683.0793, 524.9880
143437.1904, 6394367.5386, 32.6230, 693.8847, 525.1830
143437.1904, 6394367.5386, 32.6230, 693.8847, 525.1830
143434.1098, 6394367.0115, 32.6567, 446.4151, 540.7067
143434.1098, 6394367.0115, 32.6567, 446.4151, 540.7067
143434.0495, 6394367.0105, 32.6464, 440.8418, 542.0184
143437.7348, 6394380.0386, 37.5265, 453.5980, 238.8516
143434.0495, 6394367.0105, 32.6464, 440.8418, 542.0184
143433.8143, 6394367.0229, 32.6172, 418.5793, 546.0457
143433.8143, 6394367.0229, 32.6172, 418.5793, 546.0457
143442.3325, 6394388.4906, 37.7299, 542.2656, 275.3811
143437.7348, 6394380.0386, 37.5265, 453.5980, 238.8516
143443.0784, 6394388.0752, 37.6616, 574.2425, 276.6700
143439.7473, 6394382.5176, 37.8823, 514.2050, 238.7841
143438.5972, 6394365.5483, 35.7133, 883.5753, 238.9659
143440.2169, 6394383.0248, 37.8820, 527.7741, 242.1231
143443.0784, 6394388.0752, 37.6616, 574.2425, 276.6700
143440.2169, 6394383.0248, 37.8820, 527.7741, 242.1231
143447.8848, 6394376.6351, 37.2092, 987.6559, 243.6256
143439.1403, 6394367.6156, 35.8021, 831.4172, 254.1897
143439.1403, 6394367.6156, 35.8021, 831.4172, 254.1897
143436.2171, 6394387.5045, 37.4848, 314.2276, 278.5330
143459.6004, 6394387.9041, 45.6183, 1083.7063, 17.7819
143433.7716, 6394367.5555, 37.4548, 387.1766, 88.6034
143433.3553, 6394379.4631, 36.9881, 228.2559, 259.5907
143450.2457, 6394376.8360, 39.7428, 1074.5228, 124.7421
143447.6549, 6394377.0917, 36.9060, 965.1064, 261.1164
143436.2171, 6394387.5045, 37.4848, 314.2276, 278.5330
143450.2457, 6394376.8360, 39.7428, 1074.5228, 124.7421
143447.6688, 6394376.5454, 36.7665, 981.7196, 265.0474
143441.9546, 6394388.4900, 37.6487, 528.6777, 278.3214
143449.1189, 6394374.6045, 38.8971, 1103.6423, 142.9698
143450.9912, 6394379.1665, 39.4622, 1033.9346, 159.7273
143435.7385, 6394385.9629, 37.5214, 304.0430, 269.9448
143441.3490, 6394389.0122, 37.6574, 500.8476, 279.7565
143439.2897, 6394368.1190, 35.6619, 822.0936, 270.4225
143439.2897, 6394368.1190, 35.6619, 822.0936, 270.4225
143439.0003, 6394366.6429, 35.3911, 863.7662, 280.1353
143450.9912, 6394379.1665, 39.4622, 1033.9346, 159.7273
143441.3490, 6394389.0122, 37.6574, 500.8476, 279.7565
143444.0947, 6394392.4881, 37.9947, 556.8539, 281.0474
143438.8564, 6394365.5357, 35.2623, 906.0034, 281.7108
143438.6100, 6394365.0881, 35.2169, 909.2723, 281.6051
143436.3925, 6394388.0057, 37.4823, 318.1355, 280.7806
143457.3032, 6394391.5225, 41.6765, 953.0215, 166.8793
143436.3925, 6394388.0057, 37.4823, 318.1355, 280.7806
143454.9121, 6394387.1400, 40.5472, 971.3083, 176.7560
143436.5884, 6394388.4968, 37.4822, 322.8256, 282.8305
143438.7254, 6394365.6259, 35.2450, 890.9624, 284.0588
143448.3600, 6394374.0423, 37.9191, 1091.8419, 188.4510
143444.3331, 6394392.9764, 37.9415, 559.2553, 284.5508
143438.1890, 6394378.4634, 37.7977, 497.8356, 214.2208
143431.6495, 6394374.4904, 36.7145, 144.5635, 237.9290
143444.3331, 6394392.9764, 37.9415, 559.2553, 284.5508
143438.7848, 6394366.6442, 35.7166, 846.6471, 251.2275
143430.0691, 6394369.9872, 35.8587, 21.0217, 260.3780
143436.7658, 6394388.9614, 37.4771, 326.8270, 284.9103
143431.9045, 6394375.4804, 36.4563, 159.4650, 263.5201
143431.9045, 6394375.4804, 36.4563, 159.4650, 263.5201
143431.6103, 6394374.4831, 36.2240, 143.2005, 271.6525
143438.6857, 6394365.0653, 35.1572, 916.8583, 287.2417
143438.8168, 6394365.5637, 34.9417, 902.0068, 311.9953
143431.5799, 6394374.9967, 35.2110, 142.1940, 343.4356
143433.9788, 6394372.5085, 34.9096, 333.9100, 353.3915
143439.9129, 6394393.5262, 37.9341, 408.7332, 285.3225
143433.9788, 6394372.5085, 34.9096, 333.9100, 353.3915
143437.2331, 6394389.9833, 37.5465, 338.1202, 286.2028
143438.8541, 6394365.5429, 35.2024, 905.5598, 287.3988
143439.7282, 6394368.6025, 34.5001, 835.5748, 365.0936
143434.6832, 6394383.4795, 35.0333, 276.3926, 374.5665
143446.2268, 6394397.4594, 38.0486, 569.8317, 294.9704
143439.2071, 6394367.1188, 35.1156, 858.5931, 307.7590
143436.9631, 6394389.4578, 37.4652, 331.3008, 287.3261
143439.7349, 6394369.0573, 35.1692, 817.6711, 315.8888
143432.3414, 6394368.0037, 35.0651, 252.5267, 317.6546
143435.5171, 6394366.4815, 34.8964, 583.2814, 322.8261
143440.5218, 6394371.1150, 35.1940, 796.4424, 325.0022
143440.5218, 6394371.1150, 35.1940, 796.4424, 325.0022
143436.9631, 6394389.4578, 37.4652, 331.3008, 287.3261
143443.7899, 6394393.0051, 37.8135, 541.7298, 288.8182
143438.9398, 6394394.4657, 36.7264, 370.3522, 329.3953
143437.1346, 6394389.9657, 37.4743, 334.5332, 288.8966
143438.9398, 6394394.4657, 36.7264, 370.3522, 329.3953
143435.5248, 6394366.4836, 34.8169, 584.1360, 330.4689
143443.7852, 6394367.9037, 33.1493, 1125.3530, 458.8207
143438.1443, 6394369.0149, 32.6182, 714.7434, 514.8536
143435.6356, 6394366.4471, 32.5588, 601.6182, 545.2551
143434.8627, 6394366.5119, 32.3596, 530.2336, 568.3284
143437.1346, 6394389.9657, 37.4743, 334.5332, 288.8966
143439.2953, 6394395.4664, 36.7325, 375.4927, 331.4289
143435.8569, 6394366.9346, 34.8192, 598.9388, 332.9761
143435.7851, 6394366.9621, 34.8179, 591.8525, 333.2916
143436.0029, 6394367.4334, 34.8073, 595.7345, 336.9382
143436.0029, 6394367.4334, 34.8073, 595.7345, 336.9382
143440.3511, 6394370.6230, 34.9057, 802.6351, 342.6834
143435.3873, 6394384.9607, 36.9572, 296.0663, 290.3519
143435.3995, 6394366.4764, 35.1397, 572.1194, 299.3617
143435.3995, 6394366.4764, 35.1397, 572.1194, 299.3617
143439.6190, 6394369.1304, 35.3709, 806.8968, 301.0038
143435.4232, 6394366.4980, 35.1045, 573.6783, 302.9378
143439.2275, 6394367.1031, 35.1611, 860.6938, 303.7906
143435.3808, 6394366.4886, 35.0816, 570.2033, 305.0533
143460.6587, 6394392.0525, 46.5706, 1026.5563, 24.9824
143441.3118, 6394400.9548, 36.6969, 401.7375, 343.0278
143443.7900, 6394403.5267, 37.9038, 452.2609, 313.6283
143438.6096, 6394365.0892, 34.8352, 909.9215, 318.6289
143435.4851, 6394366.4955, 34.8597, 580.0604, 326.4492
143435.4851, 6394366.4955, 34.8597, 580.0604, 326.4492
143435.4336, 6394366.5146, 34.8464, 574.8387, 327.8703
143435.3838, 6394366.5114, 34.8143, 570.5345, 330.9394
143459.8713, 6394390.5905, 45.1945, 1035.4110, 54.4367
143439.5951, 6394369.1372, 34.8797, 805.9102, 338.3059
143439.7135, 6394368.5997, 34.8417, 834.1000, 338.6042
143448.9132, 6394373.1369, 39.0265, 1148.9576, 119.9339
143441.9333, 6394402.4425, 36.6381, 409.9508, 347.0913
143457.0052, 6394389.0482, 42.1782, 991.2953, 135.7540
143430.1654, 6394370.0019, 36.6922, 26.8731, 186.4187
143441.9333, 6394402.4425, 36.6381, 409.9508, 347.0913
143440.6791, 6394371.6292, 34.9680, 789.8663, 342.3932
143448.0946, 6394374.6022, 37.6497, 1060.9396, 207.0667
143433.6127, 6394370.9818, 34.9456, 325.9897, 344.5724
143446.9988, 6394371.6002, 37.0965, 1124.0101, 211.9947
143431.5457, 6394374.4858, 35.0901, 141.8743, 349.6834
143440.4983, 6394371.1284, 34.7850, 795.2479, 352.8676
143440.8657, 6394372.1105, 34.7877, 786.2139, 355.8568
143447.8824, 6394377.0116, 37.0477, 976.6595, 253.8669
143440.8657, 6394372.1105, 34.7877, 786.2139, 355.8568
143439.5629, 6394368.1096, 34.4080, 843.8327, 370.8180
143447.8824, 6394377.0116, 37.0477, 976.6595, 253.8669
143447.8824, 6394377.0116, 37.0477, 976.6595, 253.8669
143432.4117, 6394368.0020, 34.9633, 259.7288, 327.2542
143432.4117, 6394368.0020, 34.9633, 259.7288, 327.2542
143439.6689, 6394388.4582, 35.0989, 447.3267, 376.7499
143439.6689, 6394388.4582, 35.0989, 447.3267, 376.7499
143439.5057, 6394368.1407, 34.3508, 838.7073, 375.5445
143439.6689, 6394388.4582, 35.0989, 447.3267, 376.7499
143439.4098, 6394368.0655, 34.1774, 835.3242, 389.3027
143434.3937, 6394382.4745, 34.9146, 268.9801, 378.6492
143437.1888, 6394378.9702, 34.0841, 445.9194, 413.3887
143443.7609, 6394367.9238, 33.1288, 1122.9222, 460.3728
143439.2096, 6394367.1199, 32.6623, 863.1659, 514.8059
143435.7192, 6394366.4769, 32.3345, 608.6513, 565.7119
143439.5008, 6394368.5924, 34.1659, 821.0721, 391.2825
143443.6481, 6394400.4713, 34.8514, 473.5315, 395.2892
143440.1391, 6394370.6328, 34.0996, 790.5594, 399.0840
143440.1391, 6394370.6328, 34.0996, 790.5594, 399.0840
143456.7791, 6394384.1204, 43.5737, 1092.5785, 48.2882
143443.4271, 6394397.9692, 34.6276, 487.4617, 400.2747
143440.2999, 6394371.1211, 34.0563, 784.7018, 402.5678
143459.8706, 6394392.0462, 45.4599, 1007.5026, 57.1706
143447.7377, 6394373.0990, 37.3293, 1099.3058, 212.1359
143447.5981, 6394376.1133, 36.4884, 991.9662, 276.7263
143431.8802, 6394375.4897, 36.0031, 159.0280, 293.3300
143445.0760, 6394400.9486, 34.2485, 509.7802, 411.9373
143433.6448, 6394380.4775, 36.4373, 239.4823, 295.0669
143432.6750, 6394367.9620, 35.1090, 284.9908, 313.2311
143433.3105, 6394369.9698, 35.1258, 314.5186, 324.9676
143439.1844, 6394367.1317, 34.3582, 857.7393, 372.0393
143441.6867, 6394401.9556, 34.6503, 408.1213, 403.2480
143445.0760, 6394400.9486, 34.2485, 509.7802, 411.9373
143440.0058, 6394370.1064, 33.8944, 800.1618, 413.0834
143435.4048, 6394366.5042, 32.6559, 578.8638, 536.9484
143435.4048, 6394366.5042, 32.6559, 578.8638, 536.9484
143436.0835, 6394366.0386, 32.6304, 655.5613, 538.6403
143439.4538, 6394369.9724, 33.4665, 770.0667, 445.0027
143439.4538, 6394369.9724, 33.4665, 770.0667, 445.0027
143456.9749, 6394382.3752, 43.7443, 1143.2225, 25.4218
143438.9902, 6394365.4606, 37.5156, 916.4001, 67.9142
143448.9033, 6394372.0904, 39.3137, 1190.5098, 91.0254
143434.3974, 6394368.5013, 37.5765, 423.9011, 99.7123
143448.7459, 6394373.5535, 38.6769, 1126.0009, 143.3192
143448.7459, 6394373.5535, 38.6769, 1126.0009, 143.3192
143457.1929, 6394393.0487, 41.7653, 923.5641, 172.0502
143457.1929, 6394393.0487, 41.7653, 923.5641, 172.0502
143447.4657, 6394371.6630, 37.6307, 1143.2443, 181.3479
143432.3849, 6394376.4777, 36.4302, 187.1114, 272.4717
143435.6999, 6394385.9692, 35.1090, 306.3102, 374.8589
143438.5940, 6394365.1081, 32.7097, 911.7153, 523.2429
143434.9867, 6394366.5236, 32.6572, 540.3702, 538.9858
143439.2940, 6394372.5078, 32.6644, 686.7026, 496.3396
143438.6997, 6394372.4747, 32.6572, 651.8889, 498.7046
143435.8309, 6394371.4896, 32.7155, 487.4379, 507.1598
143438.2859, 6394370.0202, 32.6295, 692.8632, 509.6554
143436.1888, 6394370.5189, 32.7008, 533.5190, 510.3402
143437.3320, 6394369.9883, 32.6486, 628.1232, 511.9087
143437.5419, 6394369.4848, 32.6339, 657.3679, 514.1560
143437.5419, 6394369.4848, 32.6339, 657.3679, 514.1560
143454.6475, 6394382.0925, 41.1499, 1079.2327, 119.1035
143436.3561, 6394373.9989, 37.5926, 465.3064, 183.0766
143430.2623, 6394370.5105, 36.5452, 37.5232, 206.4514
143431.3968, 6394374.0080, 36.5071, 128.2118, 247.9079
143431.2721, 6394373.9952, 35.4260, 122.2592, 324.2114
143432.4092, 6394376.4812, 35.3022, 191.6012, 342.8898
143458.6942, 6394385.0887, 45.0935, 1123.8569, 7.1536
143436.5431, 6394373.5459, 37.7615, 484.6589, 167.4563
143430.2686, 6394370.5174, 35.4697, 42.3851, 299.2372
143438.9418, 6394364.9746, 34.9091, 943.2941, 310.6434
143459.2536, 6394388.5218, 45.8088, 1061.0455, 16.0430
143433.4903, 6394367.5112, 38.1706, 359.0024, 17.1372
143439.7070, 6394369.0848, 34.5156, 815.9219, 365.5941
143434.4488, 6394367.0415, 32.7000, 476.8125, 534.5950
143435.4393, 6394366.4872, 32.3030, 583.5076, 570.3221
143459.2269, 6394389.1593, 45.9084, 1046.9878, 18.3026
143459.6070, 6394388.3860, 45.6641, 1073.4401, 20.5376
143458.2186, 6394384.5374, 44.4883, 1124.0651, 22.3507
143459.3513, 6394389.0531, 45.6364, 1052.6167, 26.5908
143459.3513, 6394389.0531, 45.6364, 1052.6167, 26.5908
143459.4364, 6394387.8840, 45.2775, 1079.9053, 28.6005
143459.4307, 6394388.4195, 45.3937, 1068.1560, 29.3484
143459.4307, 6394388.4195, 45.3937, 1068.1560, 29.3484
143459.3662, 6394387.9075, 45.1419, 1077.5719, 33.1715
143458.8957, 6394387.1371, 44.9033, 1081.8625, 33.3826
143458.8500, 6394387.9938, 44.7894, 1061.9412, 44.4842
143460.2797, 6394393.0844, 46.1260, 998.4359, 45.5622
143460.1168, 6394391.0499, 45.4993, 1032.5773, 48.9411
143456.2578, 6394382.1174, 42.8921, 1128.4672, 54.1783
143460.0739, 6394393.0081, 45.7431, 994.9101, 56.0612
143435.9947, 6394366.5929, 37.6991, 614.3790, 57.3736
143436.0764, 6394366.6002, 37.7057, 621.3143, 57.4327
143437.4443, 6394366.4922, 37.7689, 741.9615, 57.6555
143437.4443, 6394366.4922, 37.7689, 741.9615, 57.6555
143438.0101, 6394366.0924, 37.7131, 805.7528, 57.3826
143438.3683, 6394366.0446, 37.7232, 837.0988, 57.6075
143438.5205, 6394366.0091, 37.7258, 851.0271, 57.5197
143438.5205, 6394366.0091, 37.7258, 851.0271, 57.5197
143437.2754, 6394366.5316, 37.7647, 726.3659, 57.8798
143437.2754, 6394366.5316, 37.7647, 726.3659, 57.8798
143439.1602, 6394365.4031, 37.6111, 932.9080, 58.5775
143439.1602, 6394365.4031, 37.6111, 932.9080, 58.5775
143435.4820, 6394367.0473, 37.7479, 554.4817, 59.8860
143435.5310, 6394367.0576, 37.7523, 558.4930, 60.0152
143436.4875, 6394367.0008, 37.8043, 642.8097, 59.8124
143436.4875, 6394367.0008, 37.8043, 642.8097, 59.8124
143436.0967, 6394366.9878, 37.7655, 609.9758, 60.7165
143436.2031, 6394367.0128, 37.7823, 618.2594, 60.3708
143435.1060, 6394367.0658, 37.7102, 520.4876, 61.5128
143435.1944, 6394367.0793, 37.7212, 528.0190, 61.3293
143459.1362, 6394388.6262, 45.7735, 1055.7217, 17.8359
143460.7146, 6394391.4597, 46.5481, 1039.2460, 21.0102
143456.9218, 6394382.9274, 43.7785, 1126.9719, 29.5012
143456.2494, 6394381.5567, 43.0128, 1143.3937, 43.8855
143465.4882, 6394402.8715, 48.5890, 959.1076, 53.9003
143456.3137, 6394383.1777, 43.1361, 1102.3478, 54.8756
143456.3137, 6394383.1777, 43.1361, 1102.3478, 54.8756
143447.6383, 6394374.5494, 36.7772, 1043.6012, 252.7473
143458.4449, 6394387.9883, 44.4279, 1051.2258, 55.6500
143433.6744, 6394367.4867, 37.7339, 378.4438, 59.8299
143456.6361, 6394384.6087, 43.2777, 1076.6470, 63.3011
143452.8978, 6394378.0620, 41.2519, 1134.3734, 73.4067
143457.9572, 6394387.5741, 43.6794, 1047.0747, 76.6084
143433.2310, 6394368.5432, 37.7582, 319.2007, 78.0459
143433.2310, 6394368.5432, 37.7582, 319.2007, 78.0459
143459.2879, 6394391.5121, 44.6071, 1003.0955, 78.4434
143456.5847, 6394385.6143, 42.8621, 1051.8710, 86.7666
143457.3039, 6394388.0103, 42.7658, 1020.2462, 109.6020
143447.8623, 6394371.1785, 38.6555, 1181.9075, 115.1639
143434.7964, 6394369.0388, 37.4918, 446.6615, 118.7068
143457.3080, 6394388.5244, 42.6032, 1009.8821, 118.6436
143434.6037, 6394369.0755, 37.4675, 430.0285, 120.5719
143454.7168, 6394383.5917, 40.9062, 1044.0552, 140.2233
143456.8108, 6394391.9750, 41.0310, 932.4351, 188.8531
143456.2282, 6394392.6120, 40.5170, 906.5193, 207.2573
143456.2282, 6394392.6120, 40.5170, 906.5193, 207.2573
143456.3179, 6394394.0701, 40.4186, 885.1342, 216.6965
143431.6430, 6394374.4670, 36.9151, 143.5824, 223.8481
143438.6187, 6394365.5328, 35.7845, 885.9528, 232.0742
143447.8689, 6394376.1638, 37.3681, 1001.0544, 232.6233
143440.0456, 6394383.0335, 37.8617, 520.3251, 242.9368
143440.0456, 6394383.0335, 37.8617, 520.3251, 242.9368
143432.3526, 6394376.4732, 36.8744, 183.8701, 244.5932
143432.7642, 6394377.4702, 36.8278, 204.9606, 255.1720
143444.1259, 6394392.9833, 37.9236, 552.6001, 285.1180
143432.0869, 6394375.9856, 36.1690, 170.4729, 285.6854
143444.3110, 6394392.9850, 37.7072, 558.7024, 292.4679
143432.0369, 6394375.4832, 35.7888, 170.3864, 307.3783
143435.3950, 6394366.4889, 35.0226, 571.6493, 310.7448
143434.1370, 6394372.4567, 35.2850, 344.9691, 326.1218
143432.6511, 6394369.0172, 34.8667, 270.2952, 341.9865
143440.4681, 6394371.1405, 34.7752, 793.0611, 353.5976
143438.1070, 6394383.9523, 35.0856, 429.3160, 370.8188
143439.5735, 6394396.4481, 35.3815, 379.6089, 377.3982
143439.5735, 6394396.4481, 35.3815, 379.6089, 377.3982
143440.3510, 6394371.1006, 34.2065, 788.1940, 392.2511
143436.4511, 6394381.5114, 34.3652, 379.3418, 402.2663
143443.5533, 6394397.9354, 34.4521, 491.6254, 405.5047
143440.8420, 6394399.9696, 34.5189, 396.6286, 406.5098
143443.9708, 6394367.8378, 33.1247, 1139.6552, 460.2027
143443.9708, 6394367.8378, 33.1247, 1139.6552, 460.2027
143438.1199, 6394377.9964, 32.7815, 510.0538, 481.3137
143436.9127, 6394374.4951, 32.7530, 501.0244, 492.7938
143436.5766, 6394374.0074, 32.7628, 489.1672, 494.3047
143438.2425, 6394368.6136, 32.7971, 734.8791, 501.9434
143435.5640, 6394366.4902, 32.9256, 592.7901, 510.6515
143435.2527, 6394366.4976, 32.6331, 565.4330, 539.9927
143435.9723, 6394366.0425, 32.5198, 645.8032, 549.8699
143459.2139, 6394389.1784, 45.5786, 1046.4197, 29.2133
143458.8235, 6394386.9922, 44.7638, 1083.1860, 36.7094
143458.8235, 6394386.9922, 44.7638, 1083.1860, 36.7094
143458.9428, 6394387.5888, 44.8067, 1073.2280, 40.6951
143458.4300, 6394386.5618, 44.3917, 1082.1687, 44.8409
143460.0675, 6394391.4270, 45.4546, 1024.1079, 53.1070
143460.0675, 6394391.4270, 45.4546, 1024.1079, 53.1070
143459.8021, 6394391.1213, 45.1345, 1023.3683, 60.2009
143459.8021, 6394391.1213, 45.1345, 1023.3683, 60.2009
143456.4353, 6394384.0401, 43.1762, 1084.4714, 61.5402
143459.8364, 6394392.9967, 45.3982, 989.3964, 65.8730
143458.4319, 6394389.0509, 44.3617, 1028.7899, 66.2897
143447.9533, 6394369.6193, 39.0943, 1258.6141, 66.3451
143434.4068, 6394367.5441, 37.7129, 445.0965, 67.6716
143434.4068, 6394367.5441, 37.7129, 445.0965, 67.6716
143433.3181, 6394367.5383, 37.5604, 344.2173, 75.4817
143433.3181, 6394367.5383, 37.5604, 344.2173, 75.4817
143433.0469, 6394368.5297, 37.7268, 302.6802, 79.5920
143459.1359, 6394391.9649, 44.2906, 991.0010, 91.0920
143430.1103, 6394369.9871, 37.5264, 18.0490, 111.2453
143458.4395, 6394393.0048, 43.3474, 955.2856, 125.4015
143450.0099, 6394376.9728, 39.7080, 1061.0563, 127.1738
143435.0806, 6394370.0652, 37.4902, 448.4708, 136.7143
143449.8623, 6394376.9939, 39.4694, 1054.7913, 138.5721
143449.6769, 6394376.5950, 39.2974, 1059.9943, 142.8701
143449.4218, 6394376.5632, 38.9630, 1051.0609, 158.4853
143448.7005, 6394374.6231, 38.4203, 1085.6191, 167.4085
143457.2134, 6394392.5537, 41.5246, 932.6585, 176.9059
143457.0605, 6394394.0241, 41.6255, 904.1531, 181.0179
143438.5874, 6394379.0602, 37.8206, 508.9830, 218.0045
143433.4268, 6394367.4963, 38.1175, 353.4019, 21.4111
143438.5874, 6394379.0602, 37.8206, 508.9830, 218.0045
143446.7883, 6394370.0689, 36.7771, 1180.7350, 218.0383
143446.7883, 6394370.0689, 36.7771, 1180.7350, 218.0383
143458.7595, 6394386.5316, 44.7393, 1091.8455, 33.3281
143434.0687, 6394367.4877, 37.8018, 415.0623, 55.8981
143438.6548, 6394379.4849, 37.7622, 506.1275, 224.1348
143438.6548, 6394379.4849, 37.7622, 506.1275, 224.1348
143457.8608, 6394386.5699, 43.7643, 1066.3661, 65.4056
143449.3413, 6394379.6336, 38.0148, 961.3536, 225.3598
143438.8348, 6394365.4430, 35.5838, 908.4144, 250.4235
143438.7185, 6394365.6249, 34.9999, 890.9263, 306.9919
143435.5635, 6394366.4673, 34.8506, 588.0510, 327.1140
143435.5635, 6394366.4673, 34.8506, 588.0510, 327.1140
143439.0337, 6394366.6391, 34.7562, 867.6483, 335.7197
143439.6854, 6394368.6161, 34.8284, 831.5818, 339.7280
143439.6854, 6394368.6161, 34.8284, 831.5818, 339.7280
143456.5055, 6394385.1317, 42.8915, 1060.6500, 81.6030
143450.2874, 6394375.0154, 40.1228, 1136.6112, 86.7341
143449.6047, 6394374.1354, 39.4135, 1140.6404, 111.9395
143449.8412, 6394375.4724, 39.6532, 1102.9891, 114.4726
143434.6506, 6394369.5605, 37.4678, 424.3170, 128.8759
143434.9590, 6394369.5325, 37.4994, 449.6058, 127.0551
143439.3898, 6394367.6092, 34.6887, 851.6605, 346.2485
143435.2477, 6394370.5351, 37.4598, 452.0990, 146.7141
143435.2477, 6394370.5351, 37.4598, 452.0990, 146.7141
143437.5828, 6394382.4385, 35.3011, 421.6747, 358.0657
143439.6965, 6394369.0907, 34.5758, 814.8995, 361.0659
143439.6965, 6394369.0907, 34.5758, 814.8995, 361.0659
143439.6965, 6394369.0907, 34.5758, 814.8995, 361.0659
143435.5456, 6394376.9921, 34.9736, 379.5385, 362.5769
143456.8426, 6394392.6202, 41.1732, 922.0799, 187.6499
143437.3888, 6394390.4702, 35.5136, 343.6259, 365.2272
143440.8952, 6394372.0970, 34.5929, 788.6109, 368.3946
143456.8426, 6394392.6202, 41.1732, 922.0799, 187.6499
143433.3246, 6394379.4758, 34.9678, 230.9363, 370.6682
143439.6004, 6394369.1417, 34.4466, 806.8557, 371.1042
143438.4415, 6394386.0252, 35.0046, 422.5862, 377.6413
143456.8427, 6394391.9544, 41.0275, 933.6381, 188.8937
143440.8404, 6394372.1244, 34.4011, 784.9320, 380.9095
143448.7708, 6394376.5677, 38.2807, 1025.1819, 191.0459
143448.2298, 6394374.6242, 37.9413, 1065.7899, 191.9402
143444.6225, 6394408.9328, 35.2552, 440.8187, 390.1791
143448.2298, 6394374.6242, 37.9413, 1065.7899, 191.9402
143430.9179, 6394372.4944, 36.9188, 92.9484, 201.5986
143442.7620, 6394400.0084, 34.9200, 451.8207, 393.4427
143454.1179, 6394386.6390, 39.4386, 958.7887, 212.3664
143440.8004, 6394372.0705, 33.7252, 785.3038, 424.5614
143440.8004, 6394372.0705, 33.7252, 785.3038, 424.5614
143440.4017, 6394371.0757, 33.7273, 792.8155, 424.7044
143438.0751, 6394378.4951, 37.6155, 491.8412, 224.0464
143437.9802, 6394367.6017, 32.8669, 751.8652, 500.8266
143437.9802, 6394367.6017, 32.8669, 751.8652, 500.8266
143436.4510, 6394371.5191, 32.7147, 529.6067, 504.9420
143436.4510, 6394371.5191, 32.7147, 529.6067, 504.9420
143438.4152, 6394370.5318, 32.6421, 686.3207, 506.5062
143438.7861, 6394379.5071, 37.5812, 512.5223, 233.7222
143437.8797, 6394370.4738, 32.6420, 652.3165, 508.6229
143438.5151, 6394370.0158, 32.6287, 708.3982, 508.8900
143435.1266, 6394366.5439, 32.8258, 552.0194, 522.0116
143435.2583, 6394366.5135, 32.7863, 565.0023, 525.2728
143435.2583, 6394366.5135, 32.7863, 565.0023, 525.2728
143432.0983, 6394375.4789, 36.6688, 172.1774, 249.7606
143435.3425, 6394366.4976, 35.1268, 566.3049, 300.7560
143435.3425, 6394366.4976, 35.1268, 566.3049, 300.7560
143439.1934, 6394367.1243, 35.2124, 857.1589, 299.5748
143439.1934, 6394367.1243, 35.2124, 857.1589, 299.5748
143438.6462, 6394365.0695, 35.0162, 913.6460, 300.9360
143439.6924, 6394368.5949, 35.2815, 832.0938, 304.3863
143432.5775, 6394367.9919, 34.8883, 276.0753, 334.2127
143433.5705, 6394370.9858, 35.0120, 322.4374, 339.4426
143440.5487, 6394371.1003, 34.9763, 798.8750, 339.7388
143433.1671, 6394370.0069, 34.9022, 302.7599, 343.7070
143433.1671, 6394370.0069, 34.9022, 302.7599, 343.7070
143439.5280, 6394368.1293, 34.7116, 840.0761, 346.7224
143439.5280, 6394368.1293, 34.7116, 840.0761, 346.7224
143434.1328, 6394372.4766, 34.9857, 345.1973, 347.7101
143437.1025, 6394365.9716, 32.5101, 746.9503, 544.8590
143439.2154, 6394367.1117, 34.6378, 860.3779, 348.2510
143432.0512, 6394375.9869, 35.1214, 170.9083, 352.7046
143432.0512, 6394375.9869, 35.1214, 170.9083, 352.7046
143436.5397, 6394388.4620, 35.5447, 324.0284, 360.7519
143440.7236, 6394371.6138, 34.3974, 793.8400, 380.0970
143443.6802, 6394406.9411, 35.3558, 429.5070, 386.5402
143436.4995, 6394388.4702, 34.8640, 323.3748, 388.1351
143436.4995, 6394388.4702, 34.8640, 323.3748, 388.1351
143437.4140, 6394390.4654, 34.7693, 345.6607, 393.3788
143439.4492, 6394368.6227, 34.0513, 816.5936, 400.3293
143440.3359, 6394371.1029, 33.8250, 787.8218, 418.2042
143437.0386, 6394365.9276, 32.1246, 744.2704, 581.8405
143459.3314, 6394387.1020, 45.3601, 1094.3401, 18.5817
143459.1352, 6394387.1216, 45.1934, 1088.6239, 23.9374
143459.1352, 6394387.1216, 45.1934, 1088.6239, 23.9374
143459.0472, 6394387.1682, 45.0552, 1085.2451, 28.8487
143458.1326, 6394386.6472, 44.1358, 1072.0662, 53.7493
143433.4506, 6394367.5194, 37.5769, 357.1483, 74.2697
143433.4506, 6394367.5194, 37.5769, 357.1483, 74.2697
143456.0967, 6394383.5347, 42.7045, 1086.9678, 74.0276
143456.0967, 6394383.5347, 42.7045, 1086.9678, 74.0276
143456.6357, 6394385.0203, 42.9209, 1067.0743, 79.8998
143459.2168, 6394392.9416, 44.7338, 975.2445, 84.3476
143458.7115, 6394392.6273, 44.0509, 968.4111, 102.0978
143458.7115, 6394392.6273, 44.0509, 968.4111, 102.0978
143447.5990, 6394369.5675, 38.4980, 1244.0347, 102.9878
143450.0913, 6394376.9024, 39.8908, 1066.2980, 117.8410
143449.4664, 6394374.0218, 39.2098, 1139.1385, 121.2094
143449.4761, 6394376.0402, 39.2292, 1069.6764, 140.6241
143447.7386, 6394371.1602, 38.2442, 1177.1265, 139.6171
143456.8517, 6394390.6046, 41.4114, 957.8656, 169.7485
143449.1072, 6394377.1591, 38.6292, 1020.5588, 179.1847
143454.8034, 6394387.6063, 39.9922, 959.0401, 198.6039
143440.0633, 6394368.4391, 36.6083, 861.1305, 199.8156
143432.0898, 6394375.9992, 37.4953, 167.0155, 200.6168
143453.5491, 6394384.6443, 39.4030, 984.1044, 202.3769
143438.1771, 6394378.0131, 37.8508, 503.9747, 207.8382
143448.1824, 6394375.5851, 37.6929, 1032.1021, 212.3903
143437.9058, 6394378.4909, 37.7093, 483.0298, 218.7630
143438.0612, 6394378.4883, 37.6930, 491.0901, 219.8298
143439.8083, 6394368.5119, 36.3169, 841.4228, 222.9233
143447.7683, 6394375.6440, 37.1946, 1013.0997, 237.9678
143439.7747, 6394382.9555, 37.8449, 509.6686, 243.0255
143439.7747, 6394382.9555, 37.8449, 509.6686, 243.0255
143438.6017, 6394366.1541, 35.7085, 854.7231, 246.3899
143439.8802, 6394382.9375, 37.7257, 514.6505, 248.4265
143440.4533, 6394383.9703, 37.8767, 525.2316, 247.7018
143448.0813, 6394377.0762, 37.1371, 982.8602, 250.0154
143461.0022, 6394391.4362, 46.8620, 1046.7452, 11.8263
143433.2217, 6394379.4875, 37.0659, 220.3523, 255.3386
143438.7685, 6394365.5005, 35.4564, 900.3527, 262.9968
143438.6985, 6394366.1265, 35.4726, 864.1109, 267.7508
143439.2061, 6394367.1017, 35.4249, 858.6950, 281.3293
143443.8515, 6394392.9747, 37.9169, 543.9163, 285.2382
143443.8515, 6394392.9747, 37.9169, 543.9163, 285.2382
143438.6161, 6394365.0842, 35.1377, 910.1413, 289.2614
143434.4734, 6394382.4820, 36.7356, 269.4102, 289.5576
143460.7282, 6394391.6055, 46.6801, 1036.7206, 18.1700
143434.4734, 6394382.4820, 36.7356, 269.4102, 289.5576
143459.0405, 6394387.1708, 45.0639, 1084.9991, 28.5565
143443.9639, 6394392.9727, 37.7505, 547.7128, 290.8878
143438.7213, 6394365.6224, 35.0815, 891.1194, 299.3319
143459.2247, 6394388.0015, 45.2070, 1071.6913, 31.4546
143435.9549, 6394386.4722, 36.8039, 311.1856, 303.1317
143435.2781, 6394366.5023, 35.0768, 560.4529, 305.5972
143459.1806, 6394388.6314, 45.3532, 1057.0133, 31.8891
143459.1806, 6394388.6314, 45.3532, 1057.0133, 31.8891
143437.6242, 6394390.9724, 36.7783, 347.2841, 318.6748
143432.4392, 6394367.4898, 34.9744, 268.7644, 322.6993
143439.7036, 6394368.6061, 34.9059, 833.0714, 333.6519
143436.2674, 6394378.9601, 35.3824, 395.5539, 345.1727
143460.5132, 6394392.6282, 46.4571, 1012.3131, 32.6349
143459.3699, 6394387.9110, 45.1217, 1077.6063, 33.8872
143460.5277, 6394391.4173, 46.0726, 1035.6006, 34.9173
143460.4056, 6394391.5231, 46.0343, 1030.5189, 36.6609
143439.5073, 6394368.1399, 34.3459, 838.8613, 375.9262
143440.8474, 6394372.1293, 34.4573, 785.1024, 377.2808
143440.3442, 6394370.6258, 34.4142, 802.9094, 376.9095
143440.3442, 6394370.6258, 34.4142, 802.9094, 376.9095
143442.9549, 6394399.9542, 35.0606, 457.6103, 389.1542
143442.9549, 6394399.9542, 35.0606, 457.6103, 389.1542
143444.4626, 6394400.9784, 34.8528, 492.1982, 395.1548
143443.4152, 6394397.9723, 34.6446, 487.0684, 399.7651
143443.1045, 6394398.0604, 34.5745, 477.2649, 402.1618
143445.0803, 6394400.9410, 34.4222, 509.8037, 407.0026
143436.3919, 6394376.4567, 33.9860, 437.0541, 418.2012
