143434.4448, 6394367.5392, 37.8962, 434.1558, 34.9543
143438.1041, 6394368.0996, 32.6372, 739.7170, 521.2040
143437.4738, 6394368.5158, 32.6246, 676.8278, 522.8639
143435.8529, 6394366.9428, 32.6083, 595.1543, 541.2383
143435.8011, 6394366.9639, 32.5652, 589.9340, 545.4613
143436.3612, 6394366.5417, 32.5665, 654.6865, 545.3166
143436.3612, 6394366.5417, 32.5665, 654.6865, 545.3166
143434.6693, 6394367.5016, 32.5653, 471.5796, 547.7271
143434.6693, 6394367.5016, 32.5653, 471.5796, 547.7271
143434.6693, 6394367.5016, 32.5653, 471.5796, 547.7271
143434.6693, 6394367.5016, 32.5653, 471.5796, 547.7271
143433.9677, 6394367.5143, 32.5124, 405.7619, 556.5925
143440.3669, 6394371.0865, 33.7984, 788.4106, 420.0587
143459.1623, 6394386.5865, 45.1994, 1104.8002, 13.2204
143459.1042, 6394388.6383, 44.9572, 1057.3911, 39.4983
143434.1915, 6394367.9859, 37.9246, 400.2961, 41.1930
143433.7100, 6394368.0080, 37.8813, 354.4037, 42.4597
143435.0764, 6394367.0095, 32.3347, 523.1609, 571.3173
143459.1623, 6394386.5865, 45.1994, 1104.8002, 13.2204
143437.0809, 6394366.5444, 37.9390, 706.0727, 25.8215
143438.0529, 6394366.4585, 37.9704, 792.8892, 27.9802
143438.0953, 6394366.4359, 37.9679, 797.4595, 27.9790
143436.5411, 6394366.9807, 37.9615, 642.0515, 30.4289
143436.1878, 6394367.0175, 37.9025, 609.5886, 34.4102
143436.2143, 6394367.0072, 37.9020, 612.3099, 34.4038
143435.2794, 6394367.5039, 37.9373, 512.4954, 36.2399
143435.2794, 6394367.5039, 37.9373, 512.4954, 36.2399
143435.6925, 6394367.4665, 37.9502, 550.8310, 37.0975
143432.8852, 6394368.5264, 37.8081, 267.1786, 55.9085
143432.8852, 6394368.5264, 37.8081, 267.1786, 55.9085
143458.7676, 6394387.6222, 44.5674, 1070.4701, 43.3152
143433.3774, 6394368.0394, 37.8492, 321.8737, 43.9478
143433.1605, 6394368.5135, 37.9141, 293.4832, 47.3764
143432.7528, 6394368.5321, 37.7855, 254.3246, 57.3157
143432.7528, 6394368.5321, 37.7855, 254.3246, 57.3157
143435.7301, 6394367.0368, 37.9125, 567.5941, 30.5113
143458.4072, 6394393.1083, 43.4406, 953.0706, 118.7318
143443.8205, 6394406.9422, 37.0902, 424.9917, 338.0187
143458.0762, 6394388.6450, 44.0135, 1029.5787, 68.8351
143435.1217, 6394366.9912, 32.2997, 527.9783, 574.5763
143435.1217, 6394366.9912, 32.2997, 527.9783, 574.5763
143435.0041, 6394367.0017, 32.2440, 516.9290, 580.5873
143435.0041, 6394367.0017, 32.2440, 516.9290, 580.5873
143448.5937, 6394373.0654, 38.5565, 1144.9530, 139.0612
143456.9592, 6394385.6058, 43.2308, 1065.5037, 69.0443
143431.6302, 6394369.0510, 37.6874, 139.5661, 70.9803
143431.5787, 6394369.0508, 37.6733, 134.4683, 71.9944
143431.5787, 6394369.0508, 37.6733, 134.4683, 71.9944
143456.1184, 6394384.0701, 42.7365, 1077.5601, 72.2194
143459.0053, 6394387.5047, 44.9124, 1079.5192, 31.0595
143436.2351, 6394367.0156, 37.9359, 613.7973, 31.4854
143436.0091, 6394367.0283, 37.9155, 593.1627, 32.0955
143436.0091, 6394367.0283, 37.9155, 593.1627, 32.0955
143435.3483, 6394367.4900, 37.9738, 519.0554, 32.8976
143435.1756, 6394367.5007, 37.9582, 503.0456, 33.3947
143435.7414, 6394367.4767, 37.9887, 554.7906, 34.0256
143435.7414, 6394367.4767, 37.9887, 554.7906, 34.0256
143435.4721, 6394367.4855, 37.9593, 530.4390, 35.0827
143435.4721, 6394367.4855, 37.9593, 530.4390, 35.0827
143456.1184, 6394384.0701, 42.7365, 1077.5601, 72.2194
143442.0804, 6394402.9545, 36.6694, 403.6734, 343.3661
143459.1657, 6394388.5656, 45.0355, 1060.5826, 36.4145
143435.6177, 6394367.0422, 37.8398, 557.3192, 36.9198
143434.5702, 6394367.5185, 37.8748, 446.5651, 37.4694
143435.0140, 6394367.5078, 37.9033, 488.1534, 37.6841
143435.0140, 6394367.5078, 37.9033, 488.1534, 37.6841
143435.3005, 6394367.5048, 37.9092, 514.4692, 39.1203
143434.7677, 6394367.5267, 37.8732, 464.8969, 39.2709
143440.3935, 6394371.5583, 37.7775, 769.2484, 145.6353
143439.9430, 6394368.4339, 37.1697, 853.7230, 147.0112
143439.9430, 6394368.4339, 37.1697, 853.7230, 147.0112
143456.4391, 6394385.0834, 42.8206, 1062.5970, 78.4867
143458.8446, 6394388.0253, 44.7012, 1063.6605, 42.3456
143455.8788, 6394384.1241, 42.4279, 1069.0078, 83.8528
143443.5687, 6394390.5287, 33.2041, 560.5840, 443.3109
143458.8446, 6394388.0253, 44.7012, 1063.6605, 42.3456
143463.3318, 6394404.6289, 44.7741, 892.4951, 148.5874
143455.7549, 6394383.5264, 42.2152, 1080.1857, 86.6565
143430.5389, 6394370.0572, 37.6642, 29.5342, 87.7328
143430.3965, 6394370.5057, 37.7338, 16.2195, 89.5101
143438.2821, 6394372.9962, 37.8229, 598.0931, 153.5356
143437.4339, 6394373.0442, 37.7630, 542.9308, 155.5847
143437.4339, 6394373.0442, 37.7630, 542.9308, 155.5847
143459.1934, 6394389.1583, 44.9464, 1048.7948, 44.3740
143432.9292, 6394368.5111, 37.8450, 271.5060, 52.3238
143432.9292, 6394368.5111, 37.8450, 271.5060, 52.3238
143450.8330, 6394374.4878, 40.5453, 1185.0067, 53.5062
143432.4548, 6394368.5292, 37.7633, 225.1845, 57.3775
143432.9502, 6394368.5227, 37.7844, 273.5884, 58.5286
143432.2971, 6394368.5525, 37.7378, 209.4108, 59.3132
143432.1343, 6394368.5451, 37.7094, 193.3046, 60.8003
143432.3457, 6394368.5527, 37.7149, 214.3170, 61.8573
143432.3457, 6394368.5527, 37.7149, 214.3170, 61.8573
143455.8526, 6394388.0362, 40.9213, 981.0097, 166.2559
143463.9162, 6394403.5669, 45.9879, 918.1776, 114.7422
143456.1812, 6394384.1273, 42.8981, 1077.9949, 66.7299
143431.9639, 6394369.0467, 37.7497, 172.4173, 67.0864
143431.9639, 6394369.0467, 37.7497, 172.4173, 67.0864
143455.8526, 6394388.0362, 40.9213, 981.0097, 166.2559
143442.7290, 6394404.4494, 36.4923, 412.2708, 350.4813
143432.5934, 6394376.0310, 37.6476, 182.2300, 183.4097
143432.5934, 6394376.0310, 37.6476, 182.2300, 183.4097
143457.9950, 6394387.5102, 43.7999, 1051.7505, 66.9704
143431.8338, 6394369.0418, 37.7231, 159.7165, 68.6690
143431.8338, 6394369.0418, 37.7231, 159.7165, 68.6690
143437.2825, 6394376.5154, 37.5399, 470.4491, 204.9731
143463.8299, 6394403.6620, 45.8219, 915.1660, 119.1732
143438.0142, 6394378.4750, 37.8177, 480.2730, 206.5665
143456.4593, 6394384.6484, 42.9139, 1073.6270, 71.3781
143440.7403, 6394378.5090, 37.6027, 618.3614, 222.7400
143440.7403, 6394378.5090, 37.6027, 618.3614, 222.7400
143440.3262, 6394370.6381, 34.7125, 799.6602, 354.5093
143456.4593, 6394384.6484, 42.9139, 1073.6270, 71.3781
143439.7858, 6394369.0394, 34.6356, 822.2579, 354.7060
143458.2325, 6394391.5220, 42.9346, 977.4277, 124.4368
143439.7528, 6394369.0579, 34.6315, 819.2856, 355.1175
143440.7403, 6394378.5090, 37.6027, 618.3614, 222.7400
143440.8983, 6394372.0952, 34.7586, 786.8592, 355.9163
143436.7910, 6394373.9949, 32.7454, 492.5067, 495.7679
143439.5612, 6394368.1185, 32.5536, 846.5007, 521.9391
143435.5665, 6394367.0006, 32.6245, 567.5006, 540.8210
143436.2927, 6394366.5304, 32.4877, 649.1812, 553.3631
143449.9892, 6394377.0000, 39.5878, 1063.6620, 127.7707
143440.8983, 6394372.0952, 34.7586, 786.8592, 355.9163
143430.5164, 6394371.0221, 37.4048, 29.9784, 128.7086
143430.6035, 6394371.5066, 37.4925, 38.3490, 129.5797
143437.6259, 6394379.5468, 37.5627, 445.4112, 227.6452
143458.2220, 6394389.0152, 44.0108, 1025.8690, 72.1136
143431.2653, 6394369.5428, 37.7526, 101.2569, 73.1588
143431.4868, 6394369.0598, 37.6541, 125.2910, 73.4407
143431.4868, 6394369.0598, 37.6541, 125.2910, 73.4407
143459.1614, 6394386.6095, 45.2491, 1104.2228, 11.6882
143436.7135, 6394380.5315, 37.5193, 386.6740, 235.3162
143449.1928, 6394372.6681, 40.2768, 1187.4042, 36.8991
143433.6340, 6394368.0118, 37.8411, 347.1697, 45.9057
143436.7135, 6394380.5315, 37.5193, 386.6740, 235.3162
143439.0191, 6394365.9468, 35.7305, 900.9951, 237.1308
143457.8387, 6394392.6080, 42.8210, 947.4844, 133.9211
143457.9020, 6394387.6312, 43.6302, 1046.5667, 73.5831
143431.4367, 6394369.5362, 37.7532, 118.1290, 74.0281
143431.3526, 6394369.5436, 37.7356, 109.9163, 75.3044
143431.3526, 6394369.5436, 37.7356, 109.9163, 75.3044
143453.6483, 6394378.6283, 41.6350, 1148.5605, 58.3375
143449.7909, 6394377.1516, 39.4826, 1051.0372, 133.8835
143430.6449, 6394371.5189, 37.4258, 42.3729, 135.6023
143450.0146, 6394377.0988, 40.1547, 1061.2372, 100.8816
143434.6946, 6394369.0500, 37.4866, 424.5664, 106.9283
143435.1016, 6394370.0640, 37.4708, 437.7809, 127.6151
143435.1016, 6394370.0640, 37.4708, 437.7809, 127.6151
143435.1016, 6394370.0640, 37.4708, 437.7809, 127.6151
143435.7529, 6394385.9594, 37.3181, 293.8995, 273.4727
143449.1945, 6394375.6634, 39.1066, 1075.2954, 137.1837
143459.2923, 6394391.9008, 44.6331, 997.1818, 75.5275
143448.7981, 6394375.0525, 38.5167, 1079.8293, 161.4710
143430.4610, 6394371.4932, 36.9818, 27.2160, 172.1298
143435.7529, 6394385.9594, 37.3181, 293.8995, 273.4727
143457.8568, 6394392.4684, 42.4657, 950.5898, 144.1847
143457.4855, 6394386.5942, 43.3096, 1057.9492, 75.5949
143441.9207, 6394388.5009, 37.6510, 521.0255, 273.9499
143449.0247, 6394377.1297, 38.5684, 1021.3920, 177.1445
143456.6759, 6394385.6497, 42.9197, 1056.2633, 80.0778
143441.9207, 6394388.5009, 37.6510, 521.0255, 273.9499
143456.9355, 6394389.6066, 41.8919, 979.5811, 144.3627
143440.8574, 6394372.1170, 34.5868, 783.9930, 367.4257
143449.0247, 6394377.1297, 38.5684, 1021.3920, 177.1445
143440.8574, 6394372.1170, 34.5868, 783.9930, 367.4257
143449.4633, 6394376.5802, 39.1017, 1056.1560, 146.7502
143448.7956, 6394376.5553, 38.2485, 1030.0398, 188.1672
143456.6759, 6394385.6497, 42.9197, 1056.2633, 80.0778
143438.9621, 6394365.9724, 35.9541, 894.7060, 216.0186
143436.2193, 6394387.4597, 37.4237, 304.1240, 275.6926
143431.9978, 6394375.4907, 36.7010, 145.7464, 240.2162
143439.0571, 6394365.5238, 35.2011, 927.2906, 283.6895
143440.8125, 6394391.4314, 35.3573, 453.0405, 367.8494
143449.2214, 6394376.1451, 38.9989, 1060.4160, 147.3846
143432.1348, 6394375.9792, 35.9453, 155.4167, 294.2065
143456.3665, 6394385.1278, 42.7308, 1059.4110, 82.0096
143440.6826, 6394389.5057, 37.6295, 464.3092, 277.9718
143432.5114, 6394376.9795, 35.9086, 176.3793, 302.2181
143440.8125, 6394391.4314, 35.3573, 453.0405, 367.8494
143439.3181, 6394367.6519, 34.3719, 845.9055, 371.6472
143432.5114, 6394376.9795, 35.9086, 176.3793, 302.2181
143432.4041, 6394368.5033, 35.1504, 229.8186, 307.8711
143444.3824, 6394392.9697, 37.8842, 555.5468, 282.5392
143439.0088, 6394366.6531, 34.9273, 866.5786, 318.1935
143432.3867, 6394368.5228, 34.8923, 228.8319, 332.6145
143439.0172, 6394366.6518, 34.6412, 867.7513, 344.1437
143439.0603, 6394366.6264, 34.4839, 872.5726, 358.2594
143457.7335, 6394392.4663, 42.3090, 947.4823, 148.8692
143435.4480, 6394372.5490, 37.5532, 418.1104, 158.0148
143457.6718, 6394387.9591, 43.3057, 1033.1724, 86.7766
143431.1282, 6394373.0098, 37.4380, 83.7161, 158.3428
143433.7328, 6394381.0040, 34.9996, 229.6165, 368.4026
143439.5005, 6394368.5955, 34.0497, 820.6101, 400.2448
143446.2102, 6394397.4639, 37.9932, 564.2947, 292.9670
143443.4189, 6394398.4347, 35.4707, 476.0254, 372.1853
143439.6054, 6394369.1407, 34.4100, 806.3430, 372.8115
143455.9060, 6394388.1039, 41.0341, 981.1053, 162.8286
143457.6718, 6394387.9591, 43.3057, 1033.1724, 86.7766
143431.2633, 6394373.5083, 37.4562, 93.8752, 163.9683
143449.6783, 6394396.5577, 37.6871, 672.6342, 300.8147
143450.5993, 6394379.0843, 39.1372, 1024.9230, 168.4506
143439.2306, 6394367.1036, 35.1423, 862.4816, 302.1814
143435.6093, 6394367.0063, 35.0836, 564.8694, 304.6367
143442.1321, 6394394.9303, 35.2867, 466.2046, 374.4273
143458.3986, 6394393.0898, 43.5427, 953.1313, 115.4746
143454.0673, 6394384.5857, 40.0529, 1002.7759, 174.2415
143448.7895, 6394373.1754, 38.8950, 1149.2129, 121.4773
143445.5574, 6394400.5338, 37.7686, 517.5978, 307.1862
143436.0296, 6394367.4198, 34.8839, 589.7047, 326.6143
143448.3821, 6394372.1337, 38.5683, 1173.6713, 127.3797
143439.4394, 6394395.9829, 36.7763, 368.4937, 327.1267
143435.8219, 6394366.9479, 34.8360, 586.6465, 328.1893
143435.4968, 6394367.0155, 34.8183, 555.0097, 330.3207
143439.5059, 6394368.1433, 34.8598, 838.0784, 332.7672
143449.9294, 6394377.0480, 39.5863, 1059.7593, 128.1481
143435.2278, 6394370.0646, 37.4435, 447.9696, 130.4310
143450.3646, 6394379.0922, 38.9581, 1015.9692, 176.2928
143458.0689, 6394392.5411, 42.9364, 954.6002, 130.3064
143442.9719, 6394404.9461, 37.1373, 415.1365, 333.5567
143437.5210, 6394368.0236, 32.6139, 697.4884, 526.1144
143439.5881, 6394369.1402, 34.8981, 804.4355, 334.6589
143457.1233, 6394392.9429, 41.4414, 923.6340, 177.5134
143436.1456, 6394367.9582, 34.7871, 583.1304, 338.5596
143431.6569, 6394374.5064, 37.4307, 122.1214, 179.1424
143449.6085, 6394376.6460, 39.3124, 1059.8258, 137.1399
143431.8179, 6394374.9937, 37.5083, 132.3257, 179.6422
143431.7443, 6394375.0032, 37.4741, 127.0087, 181.9291
143440.1479, 6394368.3702, 36.6969, 871.4132, 185.3144
143436.6428, 6394366.5261, 32.6033, 680.0869, 540.3790
143436.6428, 6394366.5261, 32.6033, 680.0869, 540.3790
143436.4820, 6394366.5285, 32.5337, 665.9767, 547.9011
143434.7988, 6394367.4895, 32.4953, 483.9708, 553.7111
143440.0940, 6394368.4067, 36.6808, 866.1328, 186.9206
143441.3619, 6394400.9445, 36.6889, 395.9111, 339.5306
143457.8304, 6394392.4849, 42.6618, 949.5203, 138.1380
143430.6953, 6394372.0097, 37.4807, 47.0432, 138.9159
143441.0518, 6394372.6054, 34.4128, 780.5784, 379.8634
143449.2905, 6394376.0907, 38.9987, 1065.0646, 147.0580
143448.9437, 6394377.0642, 38.3670, 1020.2260, 186.4715
143431.9566, 6394375.5042, 37.4641, 140.7037, 188.5691
143457.6897, 6394391.9887, 42.1722, 954.9454, 150.3998
143430.9638, 6394372.5122, 37.4311, 70.4507, 151.4031
143431.0234, 6394373.0024, 37.4939, 74.8898, 153.5399
143436.8616, 6394373.0617, 37.7558, 505.1292, 154.5152
143456.5895, 6394392.5829, 40.8988, 916.0276, 192.0059
143436.8262, 6394373.5232, 37.7986, 493.7678, 157.0388
143436.8262, 6394373.5232, 37.7986, 493.7678, 157.0388
143437.0794, 6394373.5294, 37.8062, 510.0222, 157.3637
143437.0794, 6394373.5294, 37.8062, 510.0222, 157.3637
143445.0969, 6394410.4318, 36.4873, 435.9090, 357.8097
143435.3655, 6394374.5343, 37.8439, 381.5858, 161.4890
143456.4386, 6394392.1009, 40.7541, 920.4388, 194.0822
143440.0987, 6394368.4215, 36.5819, 865.9796, 195.1433
143454.5309, 6394387.5430, 39.7303, 953.0534, 203.5151
143457.4163, 6394392.9859, 41.9253, 930.3082, 163.1514
143435.4074, 6394374.5325, 37.8047, 384.4501, 164.2009
143456.2450, 6394392.1168, 40.4375, 915.1317, 203.9574
143435.4074, 6394374.5325, 37.8047, 384.4501, 164.2009
143448.1252, 6394370.0076, 39.1332, 1259.3843, 62.7407
143432.8200, 6394377.9894, 37.5151, 187.3777, 210.6620
143432.8212, 6394377.9988, 37.4473, 187.5618, 214.8345
143438.1483, 6394378.4924, 37.5913, 487.4335, 219.3259
143457.3152, 6394393.0562, 41.9088, 926.4756, 163.8981
143459.2081, 6394391.1201, 44.2275, 1010.0162, 82.6075
143439.3100, 6394379.0360, 37.5809, 538.4364, 225.5120
143449.6824, 6394376.1174, 39.5432, 1079.9987, 120.5201
143448.0546, 6394376.0223, 37.4089, 1016.3397, 226.0786
143457.3152, 6394393.0562, 41.9088, 926.4756, 163.8981
143449.6824, 6394376.1174, 39.5432, 1079.9987, 120.5201
143437.6323, 6394379.9976, 37.6119, 439.8031, 228.1473
143435.3137, 6394374.5531, 37.7983, 378.0180, 164.5951
143440.1152, 6394370.6380, 33.9649, 787.3273, 408.3382
143433.1536, 6394375.9918, 37.7194, 220.1219, 179.7039
143438.0888, 6394379.5213, 37.5418, 469.5238, 229.2161
143449.6824, 6394376.1174, 39.5432, 1079.9987, 120.5201
143433.1536, 6394375.9918, 37.7194, 220.1219, 179.7039
143448.3762, 6394372.6263, 38.3125, 1152.9380, 147.9103
143438.0888, 6394379.5213, 37.5418, 469.5238, 229.2161
143448.5705, 6394375.6045, 38.2501, 1051.4331, 179.9160
143446.1567, 6394395.5117, 34.1081, 586.1901, 410.9318
143438.2318, 6394379.5250, 37.5515, 476.7256, 228.9253
143455.9981, 6394387.5945, 41.1482, 994.2573, 155.9235
143439.0368, 6394379.5100, 37.5631, 517.3532, 229.3116
143455.3533, 6394388.0424, 40.4898, 966.6656, 180.5731
143446.1567, 6394395.5117, 34.1081, 586.1901, 410.9318
143432.4780, 6394376.4962, 37.7007, 171.9978, 184.4525
143433.8613, 6394380.9898, 37.4564, 231.8525, 238.0274
143438.8409, 6394366.0129, 35.7110, 883.1602, 239.3618
143440.3090, 6394371.1173, 33.9298, 783.6208, 410.9800
143450.5821, 6394378.5961, 39.3039, 1038.2516, 156.8459
143448.6966, 6394376.1273, 38.2482, 1039.5891, 184.5809
143447.6586, 6394375.6272, 37.0952, 1012.1777, 239.3563
143450.5821, 6394378.5961, 39.3039, 1038.2516, 156.8459
143431.8400, 6394375.0038, 37.4368, 134.1115, 184.7857
143448.1435, 6394372.6717, 38.1247, 1140.4713, 158.7513
143432.9813, 6394378.4670, 36.9722, 196.1657, 246.9935
143448.6107, 6394376.6745, 38.1373, 1018.7134, 194.3783
143447.8389, 6394376.6411, 37.0736, 988.1151, 247.0015
143454.4206, 6394384.5685, 40.4468, 1014.0672, 159.6850
143433.2617, 6394378.9642, 36.9176, 210.5056, 253.8586
143456.6247, 6394394.1629, 40.9930, 890.5524, 196.5058
143448.6709, 6394409.4208, 33.9924, 528.5980, 416.6182
143454.4206, 6394384.5685, 40.4468, 1014.0672, 159.6850
143447.6316, 6394376.0443, 36.8407, 997.8826, 255.2389
143439.3071, 6394368.1036, 35.7173, 824.0102, 261.1569
143439.3342, 6394368.0942, 35.6699, 826.4500, 265.0653
143439.3342, 6394368.0942, 35.6699, 826.4500, 265.0653
143439.0420, 6394366.0210, 35.4481, 899.4799, 264.7645
143448.7310, 6394377.0563, 38.1579, 1011.9005, 196.4389
143445.9605, 6394387.0946, 33.8488, 689.2698, 417.0216
143440.5256, 6394390.9647, 35.4787, 446.9803, 362.7829
143456.9949, 6394391.0910, 41.4867, 953.1544, 166.2435
143435.6626, 6394385.9723, 37.4051, 289.6121, 269.6032
143456.5796, 6394393.5734, 40.8871, 899.0742, 196.9951
143437.1754, 6394375.9991, 37.5860, 472.3945, 197.4074
143440.3908, 6394390.4471, 35.3801, 447.0290, 365.6762
143455.2248, 6394386.9161, 40.5580, 986.2341, 171.5192
143442.3316, 6394388.4889, 37.7515, 536.2100, 270.2412
143440.8331, 6394372.1306, 34.5506, 782.1863, 369.8838
143448.3636, 6394375.5089, 37.8610, 1046.0247, 199.1849
143440.0642, 6394368.4525, 36.5234, 862.3540, 200.1614
143439.9950, 6394368.3992, 36.4514, 859.8441, 205.1806
143447.0644, 6394405.4166, 33.9108, 520.3393, 418.8009
143448.2010, 6394374.5121, 37.6831, 1073.3909, 200.5349
143439.0957, 6394365.8870, 35.9478, 909.9799, 215.8672
143439.0957, 6394365.8870, 35.9478, 909.9799, 215.8672
143442.7507, 6394388.5337, 37.6177, 551.1362, 275.8172
143444.4222, 6394383.0782, 33.7153, 699.4554, 422.8560
143448.1145, 6394375.6367, 37.6955, 1031.2035, 208.4464
143440.8405, 6394372.1242, 33.6259, 784.0485, 431.1748
143453.1609, 6394385.5542, 38.8604, 953.2776, 223.6209
143438.8406, 6394366.6097, 35.7441, 854.0522, 243.0376
143443.9983, 6394399.9499, 35.2655, 480.7131, 379.7358
143440.9481, 6394389.0331, 37.6163, 479.0498, 276.8284
143442.0752, 6394377.4464, 33.5699, 710.0045, 432.2054
143433.3267, 6394379.5029, 37.4630, 210.1596, 226.5574
143431.5275, 6394374.4886, 36.2320, 115.9247, 264.1436
143439.0183, 6394366.0366, 35.1326, 897.2521, 294.6647
143442.0752, 6394377.4464, 33.5699, 710.0045, 432.2054
143431.4844, 6394373.9918, 35.7462, 115.3784, 295.6058
143438.9305, 6394365.5648, 34.9863, 914.9547, 304.8117
143438.9305, 6394365.5648, 34.9863, 914.9547, 304.8117
143439.0110, 6394365.5565, 34.7963, 922.3304, 323.2288
143437.6989, 6394380.0057, 37.5740, 443.1421, 230.2711
143437.4737, 6394373.5379, 33.0194, 543.8638, 477.0462
143434.0871, 6394373.0009, 34.9096, 319.9981, 351.6031
143434.0871, 6394373.0009, 34.9096, 319.9981, 351.6031
143437.4737, 6394373.5379, 33.0194, 543.8638, 477.0462
143443.8442, 6394392.9748, 37.9406, 537.9833, 280.3961
143437.6989, 6394380.0057, 37.5740, 443.1421, 230.2711
143438.4896, 6394378.0231, 32.7876, 520.1936, 480.1066
143438.4896, 6394378.0231, 32.7876, 520.1936, 480.1066
143434.5182, 6394382.9735, 34.9692, 258.7538, 373.3457
143443.7120, 6394367.9735, 33.3464, 1125.5280, 446.7571
143435.9462, 6394366.9907, 32.5367, 602.0592, 547.1829
143437.6989, 6394380.0057, 37.5740, 443.1421, 230.2711
143443.8442, 6394392.9748, 37.9406, 537.9833, 280.3961
143438.2610, 6394377.9963, 32.7707, 508.6710, 481.5745
143440.4663, 6394375.9859, 32.6947, 662.9026, 484.6949
143432.0603, 6394375.9944, 36.1165, 149.7592, 282.9659
143438.6741, 6394379.5195, 37.5318, 499.1509, 230.5250
143439.0264, 6394365.9568, 35.7947, 900.9758, 231.1585
143440.1689, 6394374.5209, 32.6860, 680.9969, 489.0821
143438.8802, 6394374.4920, 32.7000, 608.6862, 491.6226
143439.6448, 6394373.9633, 32.6636, 665.0812, 493.1732
143433.5811, 6394380.0002, 37.4240, 222.0948, 232.6926
143438.5944, 6394371.9677, 32.6654, 652.3766, 501.7971
143436.5737, 6394372.0345, 32.7234, 516.9052, 503.9714
143435.7329, 6394368.5558, 32.9177, 535.9819, 504.8999
143437.7715, 6394371.4880, 32.6771, 611.0473, 505.2279
143434.3143, 6394381.9806, 36.6921, 251.4434, 283.9038
143438.0788, 6394371.4699, 32.6659, 632.0297, 505.0753
143438.0788, 6394371.4699, 32.6659, 632.0297, 505.0753
143437.7291, 6394382.5224, 37.8226, 414.2461, 233.9031
143438.9193, 6394371.0383, 32.6398, 699.5294, 505.6637
143435.6337, 6394372.0236, 32.7430, 451.4099, 505.7267
143437.4844, 6394371.0332, 32.7027, 603.2011, 505.9492
143438.4841, 6394370.9950, 32.6385, 672.1086, 507.3689
143438.2358, 6394370.4744, 32.6315, 670.5179, 510.6996
143438.2932, 6394370.4830, 32.6302, 674.1965, 510.5574
143433.7065, 6394380.5010, 37.4500, 226.1898, 234.8994
143438.2932, 6394370.4830, 32.6302, 674.1965, 510.5574
143438.3631, 6394370.0216, 32.6281, 693.0548, 512.2906
143438.1025, 6394368.1057, 32.6904, 739.2775, 516.6968
143436.0827, 6394367.4118, 32.8158, 599.5408, 517.8952
143436.0827, 6394367.4118, 32.8158, 599.5408, 517.8952
143435.4222, 6394367.0180, 32.8627, 553.2443, 518.6823
143437.8538, 6394366.0025, 32.7950, 806.5248, 519.1591
143435.8478, 6394366.9550, 32.7218, 594.0209, 530.4049
143437.2666, 6394367.5045, 32.6060, 695.9508, 530.8557
143434.4102, 6394367.5082, 32.6179, 447.2678, 544.0967
143434.3354, 6394367.5106, 32.6109, 440.2504, 545.1492
143434.2258, 6394367.5170, 32.5941, 429.8717, 547.3030
143434.2258, 6394367.5170, 32.5941, 429.8717, 547.3030
143435.7447, 6394366.9827, 32.5443, 584.3202, 547.6155
143433.9985, 6394367.5121, 32.5652, 408.5761, 551.3666
143433.9985, 6394367.5121, 32.5652, 408.5761, 551.3666
143437.2172, 6394366.4785, 32.3896, 732.2061, 557.8720
143433.5637, 6394367.9896, 32.4471, 358.1357, 561.3404
143433.5637, 6394367.9896, 32.4471, 358.1357, 561.3404
143433.4773, 6394367.9852, 32.4350, 350.0692, 563.0204
143433.4773, 6394367.9852, 32.4350, 350.0692, 563.0204
143434.3143, 6394381.9806, 36.6921, 251.4434, 283.9038
143435.4689, 6394366.9934, 35.1657, 552.2179, 296.4783
143435.4689, 6394366.9934, 35.1657, 552.2179, 296.4783
143439.6685, 6394369.1053, 35.3610, 810.5999, 298.2014
143435.4477, 6394367.0045, 35.1249, 550.0333, 300.5113
143435.5034, 6394366.9862, 35.1197, 555.7233, 300.9086
143438.9536, 6394366.0760, 35.0003, 890.2374, 307.3907
143438.9536, 6394366.0760, 35.0003, 890.2374, 307.3907
143435.7407, 6394366.9729, 34.9180, 578.2890, 320.4366
143435.7135, 6394366.9854, 34.8783, 575.5237, 324.3442
143435.7135, 6394366.9854, 34.8783, 575.5237, 324.3442
143433.7065, 6394380.5010, 37.4500, 226.1898, 234.8994
143436.7440, 6394383.5337, 37.8456, 357.6890, 237.6926
143437.3149, 6394366.4553, 32.2538, 741.7805, 570.3039
143439.5683, 6394396.4518, 36.6665, 369.7542, 331.7771
143436.1696, 6394367.9478, 34.8165, 585.4036, 335.8597
143433.9334, 6394380.9779, 37.4197, 235.9309, 239.9911
143439.6288, 6394369.1205, 34.8657, 808.0286, 337.0985
143432.7708, 6394377.9773, 37.0047, 185.5442, 241.2840
143438.9491, 6394367.1091, 35.8237, 839.5638, 241.5135
143460.5863, 6394391.9873, 46.3706, 1027.8173, 25.0416
143438.9491, 6394367.1091, 35.8237, 839.5638, 241.5135
143434.2780, 6394381.9945, 37.5012, 247.9443, 242.5849
143445.0224, 6394401.9643, 35.2507, 493.1817, 381.6234
143439.5925, 6394369.1422, 34.8208, 804.7772, 340.7207
143459.7959, 6394390.5290, 45.0407, 1036.6157, 53.5876
143434.9599, 6394367.0181, 32.2696, 512.2869, 578.2427
143434.0934, 6394381.4744, 37.4268, 241.5359, 242.9825
143457.7614, 6394389.1197, 43.6212, 1011.2820, 84.9356
143440.9815, 6394399.9481, 36.5692, 391.2064, 341.4289
143435.0664, 6394383.9598, 37.7346, 274.5505, 243.5955
143455.6129, 6394382.6017, 42.0835, 1099.6857, 83.4694
143445.0224, 6394401.9643, 35.2507, 493.1817, 381.6234
143447.5961, 6394369.6250, 38.6673, 1252.4286, 85.4999
143439.3131, 6394387.4510, 35.3832, 434.7983, 360.8860
143435.0664, 6394383.9598, 37.7346, 274.5505, 243.5955
143438.6731, 6394366.1142, 35.6479, 864.5033, 246.1625
143438.8972, 6394367.1535, 35.7051, 833.7671, 252.4262
143447.5961, 6394369.6250, 38.6673, 1252.4286, 85.4999
143438.8972, 6394367.1535, 35.7051, 833.7671, 252.4262
143439.1301, 6394367.6348, 35.6987, 830.5864, 258.1074
143438.8112, 6394366.6507, 35.5514, 850.1110, 261.0839
143447.0800, 6394370.6681, 37.3647, 1176.3135, 182.1939
143439.3131, 6394387.4510, 35.3832, 434.7983, 360.8860
143438.0398, 6394378.0584, 37.8212, 487.9146, 203.0852
143442.2038, 6394388.4804, 37.7846, 531.5744, 268.8469
143438.0398, 6394378.0584, 37.8212, 487.9146, 203.0852
143445.6170, 6394402.4546, 35.0597, 505.4664, 387.1493
143439.7173, 6394388.4369, 35.3549, 441.0130, 363.6203
143447.9393, 6394375.6253, 37.4253, 1024.1949, 222.3094
143436.0457, 6394386.9677, 37.4128, 299.9416, 273.9543
143448.3153, 6394377.5961, 37.5200, 979.2309, 231.0996
143447.7608, 6394376.1398, 37.1789, 1000.2075, 238.3974
143441.2107, 6394388.9950, 37.6498, 489.1908, 275.5261
143447.7608, 6394376.1398, 37.1789, 1000.2075, 238.3974
143439.0090, 6394366.0407, 35.1506, 896.2653, 292.9895
143432.5228, 6394368.5030, 34.9756, 242.0724, 324.5603
143439.0156, 6394365.5543, 34.7844, 922.8470, 324.3745
143444.3324, 6394392.9738, 37.9699, 553.8071, 279.5993
143431.4409, 6394374.4944, 35.2156, 112.3538, 336.3740
143444.3324, 6394392.9738, 37.9699, 553.8071, 279.5993
143434.5398, 6394382.9700, 34.9858, 259.8315, 372.5110
143434.2964, 6394382.4836, 34.8645, 250.7634, 377.8048
143440.0670, 6394389.9856, 35.0578, 439.8165, 377.2944
143439.8934, 6394394.0143, 37.9678, 396.4562, 281.1979
143440.0670, 6394389.9856, 35.0578, 439.8165, 377.2944
143446.6860, 6394404.9255, 35.3713, 513.5368, 380.2784
143440.0670, 6394389.9856, 35.0578, 439.8165, 377.2944
143439.1859, 6394367.5969, 34.1635, 838.7811, 389.3864
143437.2392, 6394378.9588, 34.0301, 438.8220, 414.3569
143446.6860, 6394404.9255, 35.3713, 513.5368, 380.2784
143438.3600, 6394392.9587, 37.7688, 350.3838, 284.0429
143447.7559, 6394407.4149, 34.7982, 521.3623, 396.3975
143443.5440, 6394399.9313, 34.6767, 468.3564, 397.3648
143440.1633, 6394380.9972, 34.3406, 552.7009, 397.1512
143447.7559, 6394407.4149, 34.7982, 521.3623, 396.3975
143438.3600, 6394392.9587, 37.7688, 350.3838, 284.0429
143443.8004, 6394392.9989, 37.8428, 536.3940, 283.8170
143446.0307, 6394394.0235, 33.9116, 599.0660, 416.8370
143444.2591, 6394392.9903, 37.8428, 551.3763, 283.9740
143446.5662, 6394404.4306, 34.7378, 514.8376, 396.8344
143446.0307, 6394394.0235, 33.9116, 599.0660, 416.8370
143448.6058, 6394409.4581, 34.7428, 526.3059, 398.4597
143437.5689, 6394390.9933, 37.5442, 334.6440, 285.2111
143439.5137, 6394368.1263, 35.4360, 838.4880, 284.9923
143435.3458, 6394384.9700, 36.9356, 282.4750, 286.1949
143442.7224, 6394378.6078, 33.6122, 714.9337, 429.1082
143448.0520, 6394407.9245, 33.8652, 525.2833, 419.8162
143439.7161, 6394369.0770, 35.4540, 814.8171, 290.7370
143439.6525, 6394369.1160, 35.4042, 809.0236, 294.8748
143435.6283, 6394366.9909, 35.1736, 566.8516, 295.8268
143435.6283, 6394366.9909, 35.1736, 566.8516, 295.8268
143439.0413, 6394366.6350, 35.1382, 869.6559, 298.9241
143435.6149, 6394367.0015, 35.1142, 565.4496, 301.6445
143439.0168, 6394366.6518, 35.1038, 866.9939, 302.1604
143439.1568, 6394367.1462, 35.1428, 854.9227, 302.3948
143439.1568, 6394367.1462, 35.1428, 854.9227, 302.3948
143442.7241, 6394378.6072, 33.5538, 715.0898, 432.0558
143440.2584, 6394372.5004, 33.5142, 738.5788, 439.5281
143439.0625, 6394366.6328, 32.6581, 875.2560, 522.7656
143435.6982, 6394367.0034, 32.6506, 579.2155, 537.6186
143435.6982, 6394367.0034, 32.6506, 579.2155, 537.6186
143435.6982, 6394367.0034, 32.6506, 579.2155, 537.6186
143439.8462, 6394371.5420, 33.5112, 742.0461, 440.9593
143437.8989, 6394376.9937, 32.7766, 505.4606, 483.9644
143445.0780, 6394394.5604, 33.6294, 564.1471, 426.8906
143440.0103, 6394375.0478, 32.7076, 659.7226, 487.0029
143440.0103, 6394375.0478, 32.7076, 659.7226, 487.0029
143448.6279, 6394401.5947, 37.9995, 590.2656, 303.5808
143440.0103, 6394375.0478, 32.7076, 659.7226, 487.0029
143440.0899, 6394374.5418, 32.6912, 676.0984, 488.9170
143437.9965, 6394367.6271, 32.9598, 748.8066, 496.0847
143445.1071, 6394395.0278, 33.5435, 560.1906, 429.6644
143438.1515, 6394368.1050, 32.9152, 742.6212, 497.5527
143438.1515, 6394368.1050, 32.9152, 742.6212, 497.5527
143438.7186, 6394371.9945, 32.6549, 659.5901, 502.0499
143438.8989, 6394379.5067, 32.8006, 517.5613, 476.1349
143439.0611, 6394371.5085, 32.6386, 694.9248, 503.6805
143439.0611, 6394371.5085, 32.6386, 694.9248, 503.6805
143437.4595, 6394374.5342, 32.7581, 523.7027, 491.6750
143437.9349, 6394371.4720, 32.6672, 622.4036, 505.4504
143437.9349, 6394371.4720, 32.6672, 622.4036, 505.4504
143439.0099, 6394374.4962, 32.7019, 616.0796, 491.1582
143437.6128, 6394370.9827, 32.6707, 613.4389, 508.0421
143435.4931, 6394371.5033, 32.7280, 451.0658, 509.2402
143439.0099, 6394374.4962, 32.7019, 616.0796, 491.1582
143435.4099, 6394371.0039, 32.7038, 454.6234, 513.3605
143448.6279, 6394401.5947, 37.9995, 590.2656, 303.5808
143435.3676, 6394367.0141, 35.0718, 542.5251, 305.6992
143437.8470, 6394369.9880, 32.6341, 657.8292, 513.8731
143437.4293, 6394369.0076, 32.6322, 657.4166, 520.0203
143437.2040, 6394368.0037, 32.6140, 673.1451, 527.6331
143439.9720, 6394373.9553, 32.6629, 683.9661, 492.3672
143437.2040, 6394368.0037, 32.6140, 673.1451, 527.6331
143437.2586, 6394367.9797, 32.6121, 678.3306, 527.6755
143437.2586, 6394367.9797, 32.6121, 678.3306, 527.6755
143434.2638, 6394367.5085, 32.6043, 433.6130, 546.1826
143434.2943, 6394367.5201, 32.6028, 436.2049, 546.0784
143436.1759, 6394366.9837, 32.5101, 622.6342, 548.4990
143434.2758, 6394367.5031, 32.5737, 434.9576, 549.0706
143436.0876, 6394366.9878, 32.5086, 614.7324, 549.0870
143438.4942, 6394373.4967, 32.6891, 608.2714, 495.9633
143436.1697, 6394370.0727, 32.8966, 531.9236, 499.1561
143438.0258, 6394372.0286, 32.6904, 614.1144, 501.6514
143435.8496, 6394371.0265, 32.7233, 486.7844, 510.1738
143437.5719, 6394370.0054, 32.6487, 637.6620, 513.7035
143437.4255, 6394369.9706, 32.6433, 628.1282, 514.8199
143437.6292, 6394369.4817, 32.6324, 657.4736, 517.0254
143437.6292, 6394369.4817, 32.6324, 657.4736, 517.0254
143437.9027, 6394367.6276, 32.6153, 742.0753, 526.4139
143434.9839, 6394367.0384, 32.6003, 513.0273, 546.0236
143434.9839, 6394367.0384, 32.6003, 513.0273, 546.0236
143434.8695, 6394367.4979, 32.5673, 490.0110, 546.4861
143434.8695, 6394367.4979, 32.5673, 490.0110, 546.4861
143435.0804, 6394367.0327, 32.5898, 522.1585, 546.5400
143435.0804, 6394367.0327, 32.5898, 522.1585, 546.5400
143433.6794, 6394367.9893, 32.4170, 369.1465, 563.5070
143433.5916, 6394367.9908, 32.4120, 360.8667, 564.4744
143433.2264, 6394367.9865, 32.3985, 326.1854, 567.9391
143433.2264, 6394367.9865, 32.3985, 326.1854, 567.9391
143433.1477, 6394367.9954, 32.3865, 318.4919, 569.4745
143433.1477, 6394367.9954, 32.3865, 318.4919, 569.4745
143443.8607, 6394403.9881, 37.8655, 444.6438, 311.7951
143439.7322, 6394369.0584, 35.0996, 817.1638, 318.4458
143435.8116, 6394366.9466, 34.9179, 585.5540, 320.2774
143453.0297, 6394376.6482, 41.7571, 1191.6581, 27.6542
143433.9716, 6394367.9956, 37.9222, 379.4065, 40.0880
143433.9716, 6394367.9956, 37.9222, 379.4065, 40.0880
143440.3164, 6394370.6363, 35.1500, 798.4880, 323.1018
143433.1721, 6394367.9871, 32.3469, 321.1092, 573.1624
143435.1607, 6394366.9995, 32.2662, 531.4225, 577.4823
143432.7141, 6394367.9823, 32.3128, 276.6268, 579.3185
143440.3164, 6394370.6363, 35.1500, 798.4880, 323.1018
143459.8094, 6394391.9861, 45.2776, 1008.5626, 57.1521
143455.8561, 6394383.9971, 42.3997, 1071.4574, 83.7976
143447.4758, 6394371.6706, 37.5565, 1151.0673, 181.1358
143447.6121, 6394375.5641, 36.6081, 1012.5283, 264.6690
143438.9690, 6394366.6584, 35.4179, 862.4319, 273.5861
143432.7769, 6394368.4740, 35.1441, 266.5197, 308.4435
143438.8702, 6394394.4767, 36.7846, 359.3006, 323.3611
143435.8363, 6394366.9397, 34.8819, 588.1003, 323.7126
143438.9792, 6394366.0611, 34.5741, 893.7205, 347.3795
143438.0135, 6394392.4652, 34.8358, 344.7337, 389.4108
143439.0996, 6394394.9613, 36.7667, 363.9289, 325.1278
143435.6268, 6394367.0194, 34.8220, 566.7213, 329.9850
143441.5127, 6394401.4484, 34.5132, 399.1146, 404.1509
143437.8627, 6394365.9854, 32.6887, 808.2737, 529.4055
143449.0047, 6394372.0989, 39.3837, 1203.5054, 80.6085
143449.9211, 6394374.5460, 39.7198, 1145.1860, 95.0696
143448.8761, 6394372.5868, 39.0418, 1177.0321, 106.4262
143447.3896, 6394370.5538, 37.8726, 1196.8605, 149.1200
143432.2811, 6394376.4872, 36.4317, 162.0088, 265.8459
143433.5560, 6394380.4886, 36.4428, 219.9064, 289.3243
143434.9114, 6394383.9677, 35.1174, 271.4810, 367.8386
143439.2180, 6394367.1142, 34.3172, 862.2972, 374.7600
143435.6176, 6394385.9824, 35.0521, 291.2224, 373.9896
143439.0031, 6394365.5410, 32.6794, 925.6837, 527.2969
143436.3663, 6394366.5419, 32.5929, 655.0714, 542.7480
143456.5389, 6394383.0912, 43.4445, 1115.2029, 37.0455
143451.0589, 6394375.1771, 40.7667, 1168.2937, 51.4599
143451.0589, 6394375.1771, 40.7667, 1168.2937, 51.4599
143447.4082, 6394370.5379, 37.8656, 1198.5391, 149.4468
143431.3165, 6394373.5150, 36.4572, 101.2080, 239.2428
143431.1865, 6394373.4989, 35.3819, 94.2340, 319.4828
143432.3078, 6394376.4920, 35.2854, 166.6859, 339.5312
143439.0821, 6394365.9960, 34.6267, 905.2363, 342.0605
143433.1206, 6394378.9772, 35.2345, 205.7178, 350.6591
143439.2381, 6394367.1029, 34.3015, 864.3682, 376.0835
143437.5298, 6394375.0171, 32.7674, 518.8596, 489.7212
143437.5298, 6394375.0171, 32.7674, 518.8596, 489.7212
143436.6777, 6394366.5069, 32.2809, 684.6105, 571.1185
143439.7149, 6394369.0803, 34.4594, 816.0820, 368.6740
143434.7735, 6394367.5113, 32.6740, 480.5905, 536.8549
143447.6700, 6394374.5294, 36.7445, 1049.8108, 251.2180
143460.4466, 6394388.6744, 46.1096, 1092.1077, 4.9237
143458.6474, 6394385.1004, 44.9747, 1126.1333, 5.4693
143459.3786, 6394388.1335, 45.4710, 1075.5745, 18.5536
143460.5488, 6394391.5375, 46.4287, 1035.5363, 19.4970
143458.1728, 6394384.6005, 44.4179, 1125.0712, 19.6086
143460.6032, 6394391.4766, 46.3023, 1038.1499, 23.0887
143459.1315, 6394388.6581, 45.3929, 1057.5419, 25.1309
143459.1315, 6394388.6581, 45.3929, 1057.5419, 25.1309
143438.6772, 6394366.0161, 37.9293, 865.9323, 25.6565
143438.9451, 6394365.9683, 37.9383, 890.4251, 25.6219
143436.9488, 6394366.5465, 37.9283, 694.4081, 25.9110
143437.5444, 6394366.4989, 37.9387, 748.1064, 28.2209
143437.5444, 6394366.4989, 37.9387, 748.1064, 28.2209
143438.2344, 6394366.4453, 37.9800, 808.6101, 28.0867
143438.2344, 6394366.4453, 37.9800, 808.6101, 28.0867
143438.3564, 6394366.0600, 37.8905, 837.0612, 28.0899
143438.3564, 6394366.0600, 37.8905, 837.0612, 28.0899
143438.8545, 6394365.9829, 37.9042, 882.2849, 28.5979
143438.8545, 6394365.9829, 37.9042, 882.2849, 28.5979
143460.7582, 6394391.4131, 46.1236, 1043.3900, 28.5425
143439.0940, 6394365.9179, 37.9022, 905.2494, 28.9677
143439.0940, 6394365.9179, 37.9022, 905.2494, 28.9677
143439.1241, 6394365.8988, 37.8996, 908.7149, 28.9792
143439.1241, 6394365.8988, 37.8996, 908.7149, 28.9792
143459.4726, 6394387.1806, 45.5585, 1099.4960, 7.1513
143458.4640, 6394385.0819, 44.7462, 1121.3864, 13.0754
143459.1283, 6394388.6670, 45.6701, 1057.1635, 15.9029
143433.8906, 6394367.9784, 38.0038, 371.8075, 31.1995
143434.1562, 6394367.9884, 37.9680, 396.8027, 36.8400
143434.1562, 6394367.9884, 37.9680, 396.8027, 36.8400
143458.3044, 6394386.4683, 44.2659, 1083.7915, 42.6869
143458.3044, 6394386.4683, 44.2659, 1083.7915, 42.6869
143458.4345, 6394388.0267, 44.3263, 1052.4978, 54.1193
143457.5708, 6394387.1431, 43.4311, 1048.0385, 75.8929
143457.2685, 6394386.6080, 43.0031, 1051.5319, 86.0860
143434.5869, 6394369.0594, 37.5632, 414.8591, 99.7386
143434.8097, 6394369.0337, 37.5055, 434.7691, 105.5397
143434.8097, 6394369.0337, 37.5055, 434.7691, 105.5397
143434.6097, 6394369.4968, 37.5695, 408.1253, 107.3259
143457.1048, 6394388.1432, 42.4969, 1013.7061, 114.7164
143434.6888, 6394369.5489, 37.4835, 414.0210, 116.0622
143434.9146, 6394369.5454, 37.4976, 432.9496, 115.8619
143448.9152, 6394373.0556, 38.9293, 1159.6268, 118.5462
143457.0702, 6394388.6278, 42.4549, 1002.7034, 119.4005
143458.2380, 6394393.1652, 43.2492, 947.8239, 124.6638
143458.1218, 6394393.5584, 43.2914, 938.0316, 125.5312
143448.6923, 6394373.1482, 38.7697, 1145.9929, 128.0342
143435.1044, 6394370.5259, 37.4925, 428.8541, 133.1225
143449.7024, 6394377.1306, 39.4189, 1048.1940, 136.6061
143449.7024, 6394377.1306, 39.4189, 1048.1940, 136.6061
143449.8617, 6394377.0129, 39.3891, 1058.2773, 137.3759
143435.2564, 6394370.5592, 37.4392, 440.2684, 138.5538
143454.6089, 6394384.0414, 40.7058, 1032.3268, 146.5091
143455.0417, 6394385.6448, 40.7054, 1008.4495, 158.0341
143447.9884, 6394372.0242, 38.0139, 1160.1678, 158.2309
143455.2381, 6394386.5275, 40.5601, 994.9630, 169.1416
143456.9732, 6394393.6012, 41.3976, 908.6106, 181.9325
143449.3675, 6394377.9764, 38.6062, 1009.7476, 182.5793
143449.3675, 6394377.9764, 38.6062, 1009.7476, 182.5793
143454.1285, 6394385.6341, 39.6627, 981.2537, 195.2292
143437.3682, 6394376.4841, 37.5864, 475.7825, 202.0914
143449.2869, 6394378.5726, 38.2615, 989.6439, 203.1867
143437.2150, 6394376.5224, 37.5208, 466.4935, 206.0391
143438.0333, 6394378.4934, 37.7165, 481.1696, 212.2903
143433.3893, 6394379.4736, 36.8235, 215.3360, 262.5702
143442.4822, 6394388.4976, 37.6781, 541.7102, 273.2021
143444.3150, 6394392.9832, 37.7152, 553.3795, 288.3369
143436.4286, 6394387.9986, 36.6051, 310.5708, 312.1437
143434.1447, 6394372.4564, 35.2882, 330.1295, 321.4668
143435.7942, 6394366.9560, 34.8740, 583.7827, 324.5768
143435.7942, 6394366.9560, 34.8740, 583.7827, 324.5768
143432.6842, 6394369.0133, 34.8553, 252.1641, 338.8179
143434.1502, 6394372.4764, 34.9504, 331.1327, 346.5893
143440.4978, 6394371.1271, 34.7422, 793.8707, 354.0205
143437.3256, 6394390.4774, 35.4295, 331.5503, 364.9539
143442.7445, 6394404.4457, 35.5218, 413.5586, 377.1699
143442.7445, 6394404.4457, 35.5218, 413.5586, 377.1699
143439.7720, 6394369.0399, 34.2335, 821.8796, 386.1658
143442.9272, 6394399.9644, 34.9651, 450.0208, 389.1254
143440.3924, 6394371.0800, 34.1912, 789.6633, 392.5323
143440.4456, 6394398.4604, 34.3682, 386.8283, 407.7716
143436.0762, 6394375.9885, 34.0282, 413.8477, 414.2029
143438.4225, 6394372.9885, 32.6814, 615.8211, 498.1127
143438.4225, 6394372.9885, 32.6814, 615.8211, 498.1127
143438.2579, 6394368.6067, 32.7971, 732.4753, 505.0384
143437.3202, 6394370.4873, 32.6563, 606.2233, 512.0714
143437.8268, 6394366.0158, 32.7790, 803.6426, 520.7467
143435.5706, 6394366.9998, 32.7661, 567.5327, 527.2974
143437.7587, 6394367.5150, 32.6019, 735.0770, 528.8666
143437.7587, 6394367.5150, 32.6019, 735.0770, 528.8666
143435.4849, 6394367.0149, 32.7015, 559.4610, 533.8059
143435.5600, 6394367.0029, 32.6255, 566.8370, 540.7406
143433.4421, 6394368.0695, 37.7124, 328.0995, 58.4090
143457.0456, 6394385.6132, 43.3544, 1067.8185, 64.8145
143455.8329, 6394383.5294, 42.3985, 1082.4576, 79.7787
143447.9251, 6394371.1198, 38.7441, 1196.5831, 102.6070
143458.5699, 6394392.6288, 43.7991, 965.5966, 104.9736
143457.0665, 6394387.5948, 42.6175, 1024.2100, 106.6068
143459.5877, 6394388.3739, 45.7727, 1075.8580, 11.0984
143449.1274, 6394376.1807, 38.7997, 1055.4716, 157.6690
143447.3848, 6394371.1358, 37.8285, 1169.9673, 158.4708
143430.7612, 6394371.9897, 36.9009, 54.8770, 186.5126
143458.5255, 6394387.1246, 44.5426, 1074.8966, 39.2761
143434.4936, 6394367.9797, 37.9592, 428.4085, 39.8946
143434.4936, 6394367.9797, 37.9592, 428.4085, 39.8946
143434.0984, 6394367.9791, 37.8548, 391.9174, 47.0771
143433.5004, 6394368.0337, 37.8174, 333.9961, 47.7771
143433.8660, 6394368.0019, 37.8266, 369.5780, 48.7022
143433.1779, 6394368.5258, 37.8730, 295.1099, 51.6884
143456.8674, 6394391.9586, 40.9129, 934.3129, 188.8594
143448.2763, 6394374.5905, 37.9292, 1073.7797, 187.9100
143459.7737, 6394391.1462, 45.0200, 1023.8600, 58.8897
143437.0234, 6394375.0089, 37.5213, 479.9155, 191.7885
143431.0214, 6394372.9919, 36.9288, 76.5775, 197.2388
143459.7737, 6394391.1462, 45.0200, 1023.8600, 58.8897
143454.5559, 6394387.0607, 39.8718, 963.6369, 195.9709
143456.4019, 6394384.0974, 43.0757, 1085.3907, 60.2859
143454.5559, 6394387.0607, 39.8718, 963.6369, 195.9709
143448.4432, 6394376.6563, 37.7650, 1012.5533, 212.7943
143456.5325, 6394384.5626, 43.1759, 1077.8191, 60.9921
143438.7508, 6394379.4802, 37.6523, 503.3977, 224.0413
143439.8839, 6394382.5477, 37.8702, 512.7977, 234.3167
143439.8839, 6394382.5477, 37.8702, 512.7977, 234.3167
143438.7189, 6394366.0855, 35.6612, 869.6390, 244.6745
143439.0389, 6394366.0256, 35.3414, 899.1580, 274.8822
143459.2789, 6394391.5410, 44.5266, 1003.6721, 76.2835
143447.9916, 6394370.0029, 38.8835, 1253.0886, 78.4276
143434.7654, 6394369.0133, 37.5754, 431.1999, 98.7340
143431.9932, 6394375.9914, 36.1917, 144.9222, 277.9291
143431.9932, 6394375.9914, 36.1917, 144.9222, 277.9291
143450.0055, 6394376.9695, 39.6606, 1065.2418, 123.9267
143435.2636, 6394370.5547, 37.4532, 440.8801, 137.3814
143433.7661, 6394380.4846, 36.6355, 231.2582, 278.9972
143433.7661, 6394380.4846, 36.6355, 231.2582, 278.9972
143439.0027, 6394366.6572, 35.1879, 865.5013, 294.5430
143435.5767, 6394367.0100, 35.1604, 561.5755, 297.2198
143431.9121, 6394374.9860, 35.7385, 144.1397, 302.3357
143439.5036, 6394368.1403, 34.9285, 837.9374, 327.0771
143463.4101, 6394404.5617, 44.9705, 894.9063, 143.6224
143433.6169, 6394370.9807, 34.9832, 309.0509, 337.6493
143433.6169, 6394370.9807, 34.9832, 309.0509, 337.6493
143440.3491, 6394370.6269, 34.9358, 801.1805, 338.4417
143434.2455, 6394372.9802, 34.9827, 331.5736, 346.1900
143439.5455, 6394368.1180, 34.6921, 842.2339, 346.4837
143431.9411, 6394375.9950, 35.1354, 144.0857, 347.5620
143435.5487, 6394376.9918, 34.9746, 367.5035, 359.2563
143437.3384, 6394390.4761, 35.4040, 332.0868, 365.9289
143463.4101, 6394404.5617, 44.9705, 894.9063, 143.6224
143439.5221, 6394368.1324, 34.4326, 840.3354, 367.9501
143440.5108, 6394371.1290, 34.3600, 795.1282, 380.7101
143449.4819, 6394376.6430, 39.1343, 1054.8800, 145.7336
143443.6313, 6394406.9546, 35.2487, 421.5688, 386.2624
143456.2034, 6394388.6015, 41.3930, 979.3184, 153.9224
143436.3495, 6394387.9689, 34.7507, 310.1391, 389.1265
143449.2486, 6394377.1185, 38.7205, 1030.7223, 169.9651
143437.3305, 6394390.4800, 34.6795, 332.7100, 393.8336
143449.0737, 6394377.0905, 38.5814, 1024.5802, 176.2775
143436.4439, 6394381.5134, 34.3183, 368.1017, 402.1346
143439.6149, 6394369.1257, 33.9246, 808.2869, 410.6263
143440.3669, 6394371.0865, 33.7984, 788.4106, 420.0587
143456.7480, 6394391.6417, 41.0711, 936.7021, 182.1228
143437.0469, 6394375.0209, 37.4835, 481.2138, 194.3566
143437.2678, 6394375.0088, 37.4975, 494.8234, 193.8469
143456.5540, 6394392.4642, 40.8222, 917.1706, 193.7984
143456.7216, 6394394.1010, 40.8647, 894.1281, 200.2133
143438.2235, 6394377.9980, 37.8622, 498.5835, 200.6436
143438.2235, 6394377.9980, 37.8622, 498.5835, 200.6436
143453.4779, 6394384.6503, 39.2943, 983.0515, 202.7831
143438.6358, 6394379.4802, 37.8402, 497.3453, 214.0046
143438.4431, 6394379.5030, 37.6249, 487.6248, 225.2005
143438.7958, 6394379.5060, 37.5701, 505.3867, 228.5909
143440.0367, 6394382.4986, 37.8804, 520.2843, 233.7230
143440.0367, 6394382.4986, 37.8804, 520.2843, 233.7230
143439.0062, 6394365.5450, 35.7163, 921.1660, 233.6272
143439.8371, 6394382.9456, 37.7757, 505.4759, 240.9594
143440.4608, 6394383.9788, 37.9174, 518.6532, 240.8828
143439.1582, 6394365.9412, 35.5615, 912.7919, 253.4066
143442.3059, 6394388.4838, 37.8761, 535.1942, 265.3745
143442.3059, 6394388.4838, 37.8761, 535.1942, 265.3745
143433.6415, 6394379.9727, 36.7958, 226.9922, 267.3111
143444.1230, 6394392.9735, 37.9455, 547.0568, 280.3439
143435.2055, 6394384.4765, 36.7806, 279.3999, 291.2242
143435.4198, 6394384.9705, 36.7433, 286.2289, 295.0573
143439.0762, 6394366.0017, 34.9704, 903.9500, 309.7236
143439.6585, 6394368.6297, 35.0898, 828.8083, 316.7420
143439.3223, 6394367.6517, 35.0262, 845.2234, 315.9819
143437.8828, 6394391.9934, 36.7161, 340.7630, 319.5162
143435.7648, 6394366.9708, 34.8080, 580.8146, 331.0212
143433.2750, 6394369.9879, 34.9585, 293.2800, 334.7629
143439.4804, 6394368.1554, 34.8090, 835.8219, 337.0282
143436.4774, 6394388.4770, 35.5490, 310.9146, 356.9431
143439.7404, 6394369.0668, 34.5823, 818.1646, 359.0087
143439.7404, 6394369.0668, 34.5823, 818.1646, 359.0087
143440.6861, 6394371.6330, 34.5583, 789.1118, 368.1514
143441.8683, 6394402.4526, 35.3291, 402.1067, 381.0570
143440.3376, 6394371.1021, 34.0567, 785.7190, 402.0463
143440.0053, 6394370.1064, 33.8288, 798.7823, 417.9811
143440.8670, 6394372.1118, 33.7086, 785.8810, 425.6539
143440.8670, 6394372.1118, 33.7086, 785.8810, 425.6539
143438.2987, 6394372.9823, 32.6819, 608.2839, 498.4619
143438.2987, 6394372.9823, 32.6819, 608.2839, 498.4619
143438.0165, 6394367.5852, 32.8733, 752.1568, 503.6904
143435.6760, 6394368.5717, 32.8883, 530.9054, 507.6216
143435.6760, 6394368.5717, 32.8883, 530.9054, 507.6216
143438.5534, 6394369.9989, 32.6254, 706.9460, 511.8970
143437.6563, 6394368.0332, 32.6152, 707.7166, 525.3541
143435.8029, 6394366.9679, 32.6761, 589.6971, 534.8950
143433.0102, 6394367.9850, 32.3041, 305.6178, 578.2615
143433.9371, 6394374.9663, 31.5332, 295.9027, 580.7850
143458.9555, 6394385.6698, 45.1764, 1120.8729, 4.6919
143459.3738, 6394386.5307, 45.3901, 1111.9308, 6.6166
143459.3738, 6394386.5307, 45.3901, 1111.9308, 6.6166
143459.3886, 6394387.6298, 45.1556, 1087.1428, 24.8422
143459.1477, 6394387.9706, 45.0759, 1073.0128, 29.9096
143435.6891, 6394367.4608, 38.0171, 550.5255, 30.5487
143458.8543, 6394387.1223, 44.8183, 1084.0056, 30.5406
143435.7542, 6394367.0335, 37.8834, 569.9724, 33.4558
143435.5885, 6394367.4877, 37.9722, 540.8222, 34.7545
143435.5885, 6394367.4877, 37.9722, 540.8222, 34.7545
143460.9813, 6394391.4516, 46.5496, 1048.1222, 16.1010
143459.0908, 6394387.1164, 45.1072, 1090.5961, 21.1068
143459.0908, 6394387.1164, 45.1072, 1090.5961, 21.1068
143436.2744, 6394367.0011, 37.9833, 617.6775, 26.8379
143459.1067, 6394388.5560, 45.2142, 1059.1251, 30.1827
143434.1087, 6394367.9930, 38.0302, 392.0619, 30.6296
143433.5490, 6394368.0323, 37.8721, 338.5307, 42.7797
143433.0089, 6394368.4970, 37.8953, 279.2145, 47.7393
143458.0117, 6394386.5345, 43.9841, 1074.0668, 52.4766
143458.0117, 6394386.5345, 43.9841, 1074.0668, 52.4766
143432.9864, 6394368.5145, 37.8389, 277.0084, 53.3750
143458.0460, 6394386.9787, 43.8887, 1064.9745, 59.6605
143458.0460, 6394386.9787, 43.8887, 1064.9745, 59.6605
143459.8705, 6394391.6223, 45.0003, 1017.1501, 63.2515
143464.8572, 6394403.0806, 47.8801, 943.6581, 66.9418
143459.2734, 6394392.1176, 44.7270, 992.6136, 74.0952
143431.2614, 6394369.5506, 37.7173, 100.9898, 76.6105
143431.2614, 6394369.5506, 37.7173, 100.9898, 76.6105
143457.8285, 6394388.5961, 43.7411, 1023.8830, 77.1102
143456.2990, 6394384.6634, 42.7100, 1068.5144, 78.7536
143431.0368, 6394369.5553, 37.6696, 78.8794, 79.8089
143456.4224, 6394385.0158, 42.7156, 1063.7529, 81.7804
143455.5116, 6394383.0127, 41.8518, 1085.8528, 95.9033
143448.7421, 6394374.5887, 38.4269, 1093.8889, 161.8769
143450.5999, 6394379.0832, 39.1402, 1024.9740, 168.3032
143431.5705, 6394374.4928, 37.5387, 115.3428, 171.0253
143456.9469, 6394391.5757, 41.3138, 943.0996, 174.3023
143456.9253, 6394392.1451, 41.2780, 932.3757, 178.3420
143455.2155, 6394388.1395, 40.4811, 960.7106, 181.2315
143448.9871, 6394377.5209, 38.3230, 1008.2031, 192.1986
143448.2681, 6394374.5175, 37.7467, 1076.1187, 197.2321
143438.3844, 6394378.5419, 37.8255, 498.6603, 207.3029
143448.1538, 6394375.5382, 37.6431, 1036.1698, 210.5314
143456.1547, 6394392.0682, 40.0978, 913.7239, 214.3987
143439.6078, 6394382.5128, 37.8572, 500.9003, 234.3999
143436.2485, 6394383.5372, 37.8077, 334.2971, 238.9601
143438.9984, 6394365.5512, 35.6391, 920.3063, 241.2116
143434.3567, 6394382.5083, 37.4766, 248.8962, 247.0269
143447.4947, 6394375.6473, 36.8773, 1004.5355, 250.8097
143438.6996, 6394366.1083, 35.5703, 867.0879, 253.5106
143438.6996, 6394366.1083, 35.5703, 867.0879, 253.5106
143438.7453, 6394366.0881, 35.5087, 871.9169, 259.2295
143439.0405, 6394366.0215, 35.4510, 899.3268, 264.4904
143442.5156, 6394388.5290, 37.6144, 542.6201, 275.8033
143439.0169, 6394365.5505, 35.2751, 922.4191, 276.6900
143443.9575, 6394392.9705, 37.8000, 541.8531, 285.2575
143437.1559, 6394389.9699, 37.3982, 325.7267, 287.0119
143439.1802, 6394367.1314, 35.2340, 857.2315, 294.2721
143436.0231, 6394386.4573, 36.8552, 303.2581, 296.0473
143436.0151, 6394386.4695, 36.7294, 303.0138, 301.5784
143432.6146, 6394368.4962, 35.0303, 250.9060, 319.3376
143432.6146, 6394368.4962, 35.0303, 250.9060, 319.3376
143438.3550, 6394392.9713, 36.6589, 351.4608, 324.1339
143432.7358, 6394368.4925, 34.9688, 262.9136, 325.1686
143439.0261, 6394394.9740, 36.6599, 361.4595, 328.8100
143441.2928, 6394400.9526, 35.5726, 394.9026, 372.6671
143440.6229, 6394390.9502, 35.1929, 450.9336, 373.2668
143439.5877, 6394369.1487, 34.3603, 804.8950, 376.7287
143439.5877, 6394369.1487, 34.3603, 804.8950, 376.7287
143439.6638, 6394368.6379, 34.3010, 830.0229, 379.9867
143444.5273, 6394408.9584, 35.1320, 431.9770, 390.2845
143442.5868, 6394399.9995, 34.8305, 439.9785, 393.3292
143440.1765, 6394370.6054, 34.0792, 792.1727, 400.0052
143440.1765, 6394370.6054, 34.0792, 792.1727, 400.0052
143443.4387, 6394399.9622, 34.5586, 465.1904, 400.9403
143443.4295, 6394397.9706, 34.5238, 481.0652, 400.8607
143443.1872, 6394398.0395, 34.4247, 473.3515, 404.0985
143444.8596, 6394400.4624, 34.1331, 501.8098, 412.7952
143440.5041, 6394371.6124, 33.8875, 779.6792, 413.9942
143436.4392, 6394376.4461, 33.9527, 429.0751, 418.5174
143436.4392, 6394376.4461, 33.9527, 429.0751, 418.5174
143446.0840, 6394387.5738, 33.7982, 686.1963, 418.9822
143446.0840, 6394387.5738, 33.7982, 686.1963, 418.9822
143440.7370, 6394372.0621, 33.7351, 779.7224, 424.1049
143440.4340, 6394372.9605, 33.5131, 735.7436, 439.0972
143439.2711, 6394369.9950, 33.4805, 754.5627, 445.3379
143439.2711, 6394369.9950, 33.4805, 754.5627, 445.3379
143439.2711, 6394369.9950, 33.4805, 754.5627, 445.3379
143439.2711, 6394369.9950, 33.4805, 754.5627, 445.3379
143439.2711, 6394369.9950, 33.4805, 754.5627, 445.3379
143439.4536, 6394375.9992, 32.7191, 608.6507, 485.6451
143439.4260, 6394372.4699, 32.6496, 690.7276, 498.7893
143436.4381, 6394372.0084, 32.7169, 508.1373, 504.9749
143436.0965, 6394372.0034, 32.7183, 484.4962, 506.0323
143436.2312, 6394371.9772, 32.7130, 494.4355, 506.0526
143436.3480, 6394371.9924, 32.7018, 502.2694, 506.4146
143435.5547, 6394371.5036, 32.7349, 455.5409, 508.5026
143438.1935, 6394368.5003, 32.6097, 731.8435, 521.1483
