143435.7311, 6394368.0013, 38.2642, 534.5818, 2.6812
143434.8713, 6394368.4772, 38.2853, 443.0152, 5.5452
143433.5852, 6394368.4795, 32.3438, 338.4336, 572.2766
143438.9185, 6394372.0035, 32.6493, 670.1763, 502.4522
143436.6252, 6394373.0247, 37.7921, 483.6349, 139.0569
143436.6780, 6394372.0027, 32.7067, 518.4142, 505.5416
143436.6252, 6394373.0247, 37.7921, 483.6349, 139.0569
143438.1087, 6394371.4898, 32.6616, 630.7047, 506.2122
143435.2001, 6394371.5522, 37.4489, 408.3982, 139.5568
143438.1087, 6394371.4898, 32.6616, 630.7047, 506.2122
143434.8567, 6394372.0372, 37.4785, 373.3540, 142.6307
143438.0139, 6394371.4782, 32.6627, 624.5460, 506.4951
143431.0393, 6394373.0120, 37.4383, 53.5893, 144.1196
143438.0139, 6394371.4782, 32.6627, 624.5460, 506.4951
143435.7743, 6394372.0073, 32.7219, 453.2529, 507.4470
143435.1226, 6394372.0449, 37.4622, 393.6577, 145.0582
143437.5470, 6394371.0472, 32.6965, 603.7003, 507.3814
143435.1226, 6394372.0449, 37.4622, 393.6577, 145.0582
143436.0237, 6394371.0238, 32.7206, 492.5363, 511.0472
143438.2645, 6394370.4973, 32.6372, 670.5836, 511.8317
143435.3041, 6394374.0372, 37.7973, 374.4854, 146.6609
143459.1791, 6394387.0559, 45.0720, 1097.1555, 12.3915
143433.0220, 6394369.0031, 38.0711, 257.6503, 24.3015
143438.3732, 6394370.0195, 32.6372, 693.5173, 513.6771
143438.3732, 6394370.0195, 32.6372, 693.5173, 513.6771
143435.3041, 6394374.0372, 37.7973, 374.4854, 146.6609
143436.2640, 6394367.9234, 32.8254, 596.1231, 517.3361
143437.9268, 6394367.6228, 32.7627, 746.8821, 517.4631
143436.3016, 6394367.9069, 32.8042, 599.9705, 519.2224
143436.3016, 6394367.9069, 32.8042, 599.9705, 519.2224
143436.3016, 6394367.9069, 32.8042, 599.9705, 519.2224
143436.2100, 6394367.9374, 32.7413, 591.1422, 525.2657
143437.4700, 6394367.9763, 32.5996, 696.1302, 532.0191
143435.6254, 6394367.5170, 32.7084, 552.5349, 534.0461
143435.6254, 6394367.5170, 32.7084, 552.5349, 534.0461
143434.6604, 6394368.0161, 32.6093, 449.5067, 544.8427
143434.5047, 6394368.0216, 32.5880, 434.8197, 547.6815
143434.3374, 6394368.0215, 32.5634, 419.0704, 550.9532
143434.3374, 6394368.0215, 32.5634, 419.0704, 550.9532
143434.0977, 6394368.4942, 32.4723, 386.3859, 557.0244
143434.0977, 6394368.4942, 32.4723, 386.3859, 557.0244
143437.4299, 6394366.9900, 32.4008, 732.2272, 557.8956
143433.7958, 6394368.4940, 32.4267, 358.0501, 563.0328
143459.2530, 6394389.0462, 45.1806, 1054.3345, 26.3078
143433.7958, 6394368.4940, 32.4267, 358.0501, 563.0328
143433.7391, 6394368.4888, 32.4205, 352.7690, 563.9976
143433.7391, 6394368.4888, 32.4205, 352.7690, 563.9976
143431.4155, 6394374.0114, 37.4191, 84.0326, 160.4039
143432.6044, 6394376.0214, 37.6984, 165.8977, 167.7359
143444.1438, 6394399.4581, 34.0938, 481.6541, 407.6370
143439.5947, 6394369.1393, 33.9216, 810.6392, 410.1582
143440.0001, 6394370.1100, 33.7912, 801.5796, 419.9096
143440.5875, 6394371.5679, 33.7412, 788.2567, 422.4561
143458.8866, 6394387.9683, 44.7753, 1068.1047, 29.9966
143440.5875, 6394371.5679, 33.7412, 788.2567, 422.4561
143458.8558, 6394387.6707, 44.7765, 1073.9779, 27.2979
143432.4942, 6394369.4832, 38.0914, 200.3997, 29.7751
143431.9806, 6394369.5026, 38.0174, 149.4523, 33.4184
143432.1753, 6394369.4923, 38.0253, 168.9942, 33.9002
143432.1753, 6394369.4923, 38.0253, 168.9942, 33.9002
143456.8399, 6394391.6537, 41.1559, 938.0551, 171.7954
143441.9082, 6394385.4779, 33.1667, 556.7636, 444.3324
143437.5238, 6394366.9597, 32.2669, 741.7542, 570.3057
143431.7912, 6394375.0123, 37.4043, 111.1809, 174.6548
143440.1222, 6394368.3857, 36.6866, 877.0298, 177.6502
143440.1222, 6394368.3857, 36.6866, 877.0298, 177.6502
143458.8866, 6394387.9683, 44.7753, 1068.1047, 29.9966
143441.9082, 6394385.4779, 33.1667, 556.7636, 444.3324
143437.2136, 6394375.0063, 37.5220, 484.8540, 181.9409
143458.7201, 6394387.6564, 44.5857, 1070.5555, 33.4554
143437.2840, 6394375.4977, 32.7751, 488.1845, 487.3563
143437.4520, 6394375.5176, 32.7711, 497.9638, 487.1253
143438.6072, 6394369.5961, 32.7922, 724.4484, 502.4763
143436.2210, 6394367.9429, 32.8616, 591.6782, 514.0623
143436.2733, 6394367.9070, 32.6805, 597.7572, 530.7909
143458.7201, 6394387.6564, 44.5857, 1070.5555, 33.4554
143431.9943, 6394369.4988, 37.9869, 150.9690, 36.3872
143431.9943, 6394369.4988, 37.9869, 150.9690, 36.3872
143459.5851, 6394392.6262, 45.0445, 991.1429, 59.3465
143456.4618, 6394392.5192, 40.8526, 912.4153, 185.2843
143440.0649, 6394368.4466, 36.5484, 870.3398, 189.8712
143459.8861, 6394391.5452, 45.5184, 1019.5311, 37.0663
143459.3583, 6394392.5395, 44.7855, 987.0130, 66.3196
143448.3885, 6394376.0833, 37.8979, 1033.7068, 194.6413
143458.1139, 6394386.5439, 44.0672, 1079.2526, 40.5704
143456.4176, 6394393.6102, 40.6598, 892.5632, 196.3096
143458.1831, 6394393.0863, 43.1414, 947.0959, 118.8898
143454.8964, 6394380.6794, 41.8802, 1134.7430, 63.1559
143432.8283, 6394378.0079, 37.3794, 171.8384, 208.0950
143449.3021, 6394375.5570, 39.1964, 1090.4685, 123.2624
143459.9042, 6394391.5701, 45.3910, 1019.5374, 41.3610
143440.0964, 6394371.0869, 37.7537, 768.8141, 129.5521
143439.3943, 6394378.9967, 37.6627, 537.4697, 211.9620
143440.1522, 6394371.0582, 37.7511, 773.4344, 129.5781
143440.1936, 6394371.0363, 37.7513, 776.8745, 129.4228
143440.1936, 6394371.0363, 37.7513, 776.8745, 129.4228
143438.9950, 6394379.5049, 37.5974, 508.8338, 218.3765
143439.3199, 6394366.3793, 35.9169, 914.2772, 218.6996
143440.2981, 6394371.0959, 37.7673, 781.5772, 129.4791
143440.2981, 6394371.0959, 37.7673, 781.5772, 129.4791
143439.0877, 6394371.5084, 37.7535, 688.8218, 131.2865
143459.0336, 6394392.0184, 44.3674, 988.5350, 75.1400
143437.6885, 6394379.5345, 37.5316, 440.6570, 219.9651
143439.1614, 6394371.5120, 37.7577, 693.6110, 131.3118
143437.7319, 6394372.0688, 37.7282, 581.5587, 135.3796
143448.1156, 6394371.1547, 39.0310, 1217.4392, 76.3935
143434.2840, 6394368.5536, 37.4704, 388.6732, 81.4110
143434.2840, 6394368.5536, 37.4704, 388.6732, 81.4110
143434.8851, 6394369.5594, 37.4678, 421.8351, 104.6221
143437.7319, 6394372.0688, 37.7282, 581.5587, 135.3796
143434.8851, 6394369.5594, 37.4678, 421.8351, 104.6221
143430.8924, 6394372.5144, 37.4305, 40.7094, 136.8867
143459.9042, 6394391.5701, 45.3910, 1019.5374, 41.3610
143431.3919, 6394369.5162, 37.8508, 89.9376, 45.5287
143431.3919, 6394369.5162, 37.8508, 89.9376, 45.5287
143437.6885, 6394379.5345, 37.5316, 440.6570, 219.9651
143437.6358, 6394380.0009, 37.5792, 431.5511, 220.5205
143449.0605, 6394376.1558, 38.6818, 1059.6277, 155.4788
143437.6358, 6394380.0009, 37.5792, 431.5511, 220.5205
143457.2456, 6394392.5771, 41.8109, 931.9946, 156.2565
143459.7144, 6394391.3614, 44.9068, 1018.8347, 54.7854
143430.6500, 6394370.0313, 37.7882, 13.0623, 57.9810
143430.6500, 6394370.0313, 37.7882, 13.0623, 57.9810
143457.0651, 6394393.0191, 41.5334, 919.5035, 167.0306
143453.8736, 6394387.5249, 38.9894, 933.8888, 221.9798
143456.5873, 6394385.0493, 42.9584, 1070.5487, 64.3950
143448.4870, 6394378.1034, 37.6173, 974.8840, 223.0123
143457.3106, 6394393.0703, 41.8574, 924.9741, 157.4880
143431.6913, 6394374.5157, 37.3666, 104.9790, 171.3932
143440.1534, 6394368.3674, 36.6778, 880.1002, 178.2637
143455.4117, 6394389.6294, 40.2285, 936.8340, 190.4091
143447.8500, 6394376.1217, 37.2860, 1009.3782, 226.3791
143456.4351, 6394385.0891, 42.8161, 1065.0054, 69.6976
143438.7305, 6394379.4799, 37.6988, 495.5406, 212.3014
143431.8503, 6394374.9902, 36.6502, 117.8485, 228.8383
143439.4781, 6394366.4152, 35.8175, 925.2274, 229.0940
143447.7516, 6394376.1435, 37.2192, 1004.4101, 229.9141
143431.8303, 6394375.4876, 36.1584, 116.1502, 267.5422
143456.8674, 6394393.5935, 41.2368, 904.5012, 178.8449
143447.6711, 6394375.1731, 37.0790, 1033.4700, 231.0313
143457.4986, 6394387.1658, 43.3265, 1047.3789, 70.6174
143436.8355, 6394375.0435, 37.4722, 460.4959, 184.5784
143433.6328, 6394380.5050, 36.5812, 209.1560, 272.9842
143432.8068, 6394377.9754, 36.9228, 171.6550, 236.1960
143456.6799, 6394391.9526, 40.6914, 928.4359, 188.0180
143433.6328, 6394380.5050, 36.5812, 209.1560, 272.9842
143435.1329, 6394384.4586, 37.3210, 262.5697, 256.4924
143457.4986, 6394387.1658, 43.3265, 1047.3789, 70.6174
143438.0880, 6394377.5568, 37.8197, 491.6839, 189.2023
143435.1329, 6394384.4586, 37.3210, 262.5697, 256.4924
143446.1694, 6394397.4904, 37.7902, 556.2723, 291.4308
143457.9068, 6394388.4820, 43.5973, 1029.8085, 72.3296
143456.4922, 6394391.5934, 40.5521, 929.9194, 190.5771
143435.5003, 6394385.4622, 37.3936, 273.3907, 258.3337
143442.1601, 6394377.9388, 37.6565, 696.5858, 209.5933
143446.1694, 6394397.4904, 37.7902, 556.2723, 291.4308
143456.2608, 6394385.1692, 42.6301, 1057.8232, 76.9254
143442.3275, 6394388.4917, 37.7357, 529.3431, 262.6818
143431.7958, 6394374.9921, 35.7121, 116.3314, 296.0071
143442.1601, 6394377.9388, 37.6565, 696.5858, 209.5933
143442.7824, 6394388.5398, 37.5980, 545.8118, 268.6224
143433.6357, 6394380.4813, 36.0473, 210.5204, 302.5880
143440.3573, 6394378.9716, 37.6687, 586.5574, 213.1505
143433.9272, 6394371.9745, 35.1154, 307.1306, 326.1321
143459.0737, 6394391.9502, 44.2085, 990.9147, 79.7964
143440.3573, 6394378.9716, 37.6687, 586.5574, 213.1505
143433.5449, 6394379.9994, 35.5605, 209.0332, 328.0591
143444.3631, 6394392.9662, 37.9399, 548.2932, 272.5757
143433.5449, 6394379.9994, 35.5605, 209.0332, 328.0591
143439.0146, 6394366.6559, 34.6744, 876.5327, 338.9760
143448.1893, 6394376.5925, 37.5071, 1008.7041, 218.4080
143456.2679, 6394385.0659, 42.5317, 1060.5690, 79.8121
143431.7831, 6394375.4932, 35.0910, 115.5640, 342.1291
143444.3631, 6394392.9662, 37.9399, 548.2932, 272.5757
143439.6011, 6394366.3700, 35.3177, 937.9937, 276.5056
143437.5696, 6394380.0141, 37.6089, 427.8752, 218.9059
143431.7831, 6394375.4932, 35.0910, 115.5640, 342.1291
143439.6013, 6394369.1449, 34.6697, 810.0242, 349.7141
143433.3408, 6394379.5068, 37.3821, 195.9623, 220.7337
143456.2679, 6394385.0659, 42.5317, 1060.5690, 79.8121
143433.8735, 6394380.9905, 35.0089, 223.0004, 361.1861
143436.6498, 6394380.5281, 37.5228, 373.4777, 225.5205
143435.1943, 6394384.4738, 36.8320, 266.2520, 280.0373
143433.0321, 6394378.9851, 34.9402, 185.1847, 361.1480
143450.3297, 6394376.8518, 40.1141, 1088.0991, 92.1400
143440.5004, 6394371.1373, 34.3371, 796.8270, 379.8561
143436.6498, 6394380.5281, 37.5228, 373.4777, 225.5205
143449.9335, 6394377.0505, 39.5648, 1065.6660, 120.6807
143446.2942, 6394397.4770, 37.9798, 559.9240, 285.5438
143439.0604, 6394366.6223, 35.2356, 881.3110, 285.6739
143439.6238, 6394369.1331, 35.4140, 811.2320, 289.2767
143439.4099, 6394366.4465, 35.1864, 918.6978, 289.3632
143439.2160, 6394367.1138, 35.2276, 869.4410, 290.4608
143435.9238, 6394367.9429, 35.1954, 560.5864, 296.2603
143435.9238, 6394367.9429, 35.1954, 560.5864, 296.2603
143439.5484, 6394368.1100, 35.1387, 848.9481, 305.5267
143439.1395, 6394366.5778, 35.0048, 890.2411, 307.3011
143439.1395, 6394366.5778, 35.0048, 890.2411, 307.3011
143439.1395, 6394366.5778, 35.0048, 890.2411, 307.3011
143439.7529, 6394369.0501, 35.1525, 824.0212, 310.1215
143436.2975, 6394383.5393, 37.8062, 325.5893, 229.4057
143440.5583, 6394371.0965, 35.1588, 801.0482, 320.4352
143443.6501, 6394406.9409, 35.0091, 413.1251, 385.1493
143440.5583, 6394371.0965, 35.1588, 801.0482, 320.4352
143431.7056, 6394374.9927, 35.3260, 110.5826, 323.5736
143436.2975, 6394383.5393, 37.8062, 325.5893, 229.4057
143431.7056, 6394374.9927, 35.3260, 110.5826, 323.5736
143435.9121, 6394367.4640, 34.8678, 575.5867, 324.4683
143435.9853, 6394384.5184, 37.8844, 302.4044, 230.9218
143457.7656, 6394392.1126, 42.4024, 954.0135, 135.7356
143436.8836, 6394373.0052, 37.7940, 501.7855, 139.6365
143445.0183, 6394400.9610, 34.3768, 493.8031, 399.2338
143435.9853, 6394384.5184, 37.8844, 302.4044, 230.9218
143438.9372, 6394367.1128, 35.8680, 846.6087, 230.8747
143438.9372, 6394367.1128, 35.8680, 846.6087, 230.8747
143449.2951, 6394376.0951, 38.9711, 1071.4781, 140.3772
143439.5648, 6394369.1432, 35.8047, 806.1736, 257.4529
143430.9792, 6394372.5216, 37.3835, 48.5959, 141.2746
143439.5648, 6394369.1432, 35.8047, 806.1736, 257.4529
143439.4939, 6394396.4696, 36.5513, 357.2647, 327.6098
143436.1850, 6394367.9387, 34.8543, 584.5315, 328.5241
143457.5637, 6394392.5049, 42.2699, 941.5660, 141.8366
143444.2774, 6394392.5279, 37.9895, 550.3547, 269.3313
143443.9998, 6394407.4589, 36.8814, 417.5435, 336.2054
143439.2051, 6394367.1251, 34.7135, 868.6064, 337.5946
143440.3737, 6394370.6150, 34.8776, 806.6063, 338.9756
143445.0183, 6394400.9610, 34.3768, 493.8031, 399.2338
143437.7239, 6394368.4739, 32.6036, 698.1092, 527.3937
143440.4988, 6394371.1272, 34.8605, 796.5175, 342.1093
143436.7035, 6394367.0544, 32.5231, 666.1511, 549.7166
143437.5536, 6394382.4465, 35.3107, 401.0821, 347.8173
143435.5000, 6394367.5276, 32.5307, 541.1198, 551.7375
143435.0408, 6394367.9951, 32.4825, 485.6060, 555.0119
143432.1873, 6394376.4994, 34.9594, 141.3770, 354.1065
143457.6018, 6394392.0452, 42.1932, 950.9686, 141.7504
143439.9353, 6394394.4852, 37.9350, 384.9310, 275.1617
143444.2078, 6394393.4745, 37.6964, 537.8339, 282.5253
143439.2272, 6394367.1108, 35.1849, 870.5166, 294.3705
143457.6018, 6394392.0452, 42.1932, 950.9686, 141.7504
143435.0190, 6394373.5644, 37.7390, 361.3844, 143.8928
143431.1473, 6394373.0196, 37.3831, 63.0654, 149.1146
143439.4976, 6394368.1497, 34.3302, 844.3341, 374.9700
143439.8694, 6394397.4679, 37.2401, 362.3280, 306.9917
143447.0913, 6394405.9361, 35.1720, 508.1424, 379.1015
143457.4930, 6394392.4580, 41.9956, 940.6270, 150.1468
143431.2057, 6394373.0223, 37.3574, 68.1570, 151.4504
143431.2891, 6394373.5171, 37.4042, 74.4646, 154.7244
143434.0981, 6394375.0409, 37.7672, 278.0701, 156.6686
143434.0981, 6394375.0409, 37.7672, 278.0701, 156.6686
143432.8684, 6394375.9933, 37.7351, 184.5388, 165.7349
143432.8684, 6394375.9933, 37.7351, 184.5388, 165.7349
143431.7870, 6394375.0047, 37.4548, 110.7357, 170.9147
143440.0946, 6394368.3964, 36.7224, 874.5245, 174.6763
143440.0735, 6394368.4210, 36.6628, 871.9792, 179.9458
143440.1346, 6394368.3885, 36.6282, 877.8524, 182.6506
143448.7470, 6394376.5394, 38.1403, 1033.8315, 186.1647
143448.4917, 6394376.1169, 38.0408, 1036.9641, 187.5591
143440.2297, 6394370.5860, 34.2217, 798.9783, 387.6162
143448.6588, 6394377.1168, 38.1291, 1011.6668, 190.9367
143440.1103, 6394397.9638, 37.2183, 366.8622, 308.9131
143437.1063, 6394376.0286, 37.5191, 460.4986, 191.5904
143440.3437, 6394371.1012, 33.9498, 788.5356, 407.8929
143440.2883, 6394371.1300, 33.9143, 784.0546, 410.5427
143448.3231, 6394375.4587, 37.7961, 1052.1370, 195.1606
143448.1617, 6394375.6779, 37.7974, 1037.5653, 196.4574
143432.5983, 6394377.5132, 37.4228, 158.9928, 200.5822
143440.1103, 6394397.9638, 37.2183, 366.8622, 308.9131
143436.1804, 6394367.9352, 34.9459, 584.0469, 319.9016
143436.1804, 6394367.9352, 34.9459, 584.0469, 319.9016
143436.1960, 6394367.9310, 34.9171, 585.6140, 322.5887
143436.1960, 6394367.9310, 34.9171, 585.6140, 322.5887
143435.7519, 6394367.5230, 34.8413, 559.0877, 327.3496
143439.5189, 6394368.1349, 34.8487, 845.9821, 330.5405
143432.6806, 6394377.5133, 37.3749, 164.5634, 203.8176
143445.9604, 6394393.4628, 33.7360, 597.1132, 416.9845
143432.6806, 6394377.5133, 37.3749, 164.5634, 203.8176
143438.5753, 6394379.4799, 37.8091, 487.3876, 206.0767
143438.6677, 6394379.4747, 37.8121, 492.2296, 206.0482
143459.3013, 6394388.3840, 45.2602, 1070.1371, 18.0545
143445.9604, 6394393.4628, 33.7360, 597.1132, 416.9845
143439.2871, 6394379.0299, 37.6807, 531.3947, 211.0363
143437.5694, 6394379.5584, 37.5835, 433.9492, 217.1017
143445.9500, 6394387.0933, 33.6760, 684.5546, 418.9650
143458.4332, 6394388.0272, 44.3296, 1054.2821, 44.7160
143448.4089, 6394377.0724, 37.5312, 1002.8255, 220.6748
143445.9500, 6394387.0933, 33.6760, 684.5546, 418.9650
143439.1766, 6394379.5121, 37.5415, 518.0269, 221.7135
143458.3002, 6394388.5445, 44.3020, 1039.2515, 49.5485
143445.1741, 6394394.5261, 33.4458, 560.6068, 427.1853
143433.6662, 6394380.4734, 37.3832, 209.6595, 228.0933
143447.7259, 6394375.1253, 37.1190, 1037.5657, 228.6011
143456.2652, 6394385.0561, 42.5753, 1060.7145, 78.0773
143434.6628, 6394369.5491, 37.5146, 402.5142, 99.0042
143445.1741, 6394394.5261, 33.4458, 560.6068, 427.1853
143440.8883, 6394372.1102, 33.5932, 788.9053, 432.0005
143433.7869, 6394380.9954, 37.4157, 213.4583, 230.0004
143438.9305, 6394366.5533, 35.7847, 873.5873, 232.3771
143438.9305, 6394366.5533, 35.7847, 873.5873, 232.3771
143439.2778, 6394366.4349, 35.7695, 908.0609, 233.3796
143432.6895, 6394377.4707, 36.8980, 166.4885, 233.8118
143456.5183, 6394388.1005, 41.9370, 999.0524, 124.3137
143437.8151, 6394377.5059, 37.8193, 477.2428, 188.1685
143449.2967, 6394380.1119, 37.6455, 950.9818, 234.4151
143437.8151, 6394377.5059, 37.8193, 477.2428, 188.1685
143449.2967, 6394380.1119, 37.6455, 950.9818, 234.4151
143438.9196, 6394366.5650, 35.7481, 872.1437, 235.9934
143438.9151, 6394367.1340, 35.8069, 843.9137, 236.7167
143438.9151, 6394367.1340, 35.8069, 843.9137, 236.7167
143453.2200, 6394385.5318, 38.7380, 956.1302, 221.2237
143438.8235, 6394366.6166, 35.7894, 861.6028, 232.3678
143442.4335, 6394388.4665, 37.9384, 533.4250, 254.6576
143439.3869, 6394366.4375, 35.5376, 916.9719, 255.8217
143431.3880, 6394373.9951, 36.1794, 85.6165, 254.3575
143431.3494, 6394373.4960, 35.7106, 84.8119, 286.5874
143439.5257, 6394366.4196, 35.1186, 929.4730, 295.7127
143442.1329, 6394402.9450, 36.4548, 396.0399, 341.5632
143440.0379, 6394389.4472, 35.3516, 434.6711, 358.5206
143435.3088, 6394384.9627, 37.3252, 267.7363, 258.9473
143435.4953, 6394385.4677, 37.3016, 273.2633, 262.6187
143436.8067, 6394372.0818, 32.8672, 525.4001, 493.0259
143436.8067, 6394372.0818, 32.8672, 525.4001, 493.0259
143437.9580, 6394372.0012, 32.6787, 606.7639, 503.4058
143436.5562, 6394371.9977, 32.7152, 509.8758, 505.3409
143437.6732, 6394370.9968, 32.6666, 614.0923, 509.4295
143437.4872, 6394370.0164, 32.6503, 628.9304, 515.9943
143437.6709, 6394369.5262, 32.6460, 657.9432, 518.1339
143440.3818, 6394370.6096, 34.5973, 807.6266, 359.7175
143437.6709, 6394369.5262, 32.6460, 657.9432, 518.1339
143439.4797, 6394368.1498, 34.2271, 843.1196, 383.7889
143438.1024, 6394368.0997, 32.6018, 742.0645, 528.1475
143437.2368, 6394367.9903, 32.6061, 676.4752, 532.4366
143434.5810, 6394368.0236, 32.5982, 441.9220, 546.2752
143434.5810, 6394368.0236, 32.5982, 441.9220, 546.2752
143436.2922, 6394367.5017, 32.5356, 613.3774, 547.1822
143436.2922, 6394367.5017, 32.5356, 613.3774, 547.1822
143435.3118, 6394368.0040, 32.5473, 509.8971, 547.3621
143435.9358, 6394367.5150, 32.5188, 581.1747, 550.5890
143435.9358, 6394367.5150, 32.5188, 581.1747, 550.5890
143434.2615, 6394368.4861, 32.4536, 401.8893, 557.9404
143434.2615, 6394368.4861, 32.4536, 401.8893, 557.9404
143439.4824, 6394368.6082, 34.0373, 823.9954, 400.4570
143434.1401, 6394368.4890, 32.4334, 390.5752, 560.4900
143433.8810, 6394368.4905, 32.4390, 366.1612, 561.4123
143433.6636, 6394368.4900, 32.4098, 345.5624, 565.4404
143433.6636, 6394368.4900, 32.4098, 345.5624, 565.4404
143433.6112, 6394368.4958, 32.4004, 340.4644, 566.5839
143433.6112, 6394368.4958, 32.4004, 340.4644, 566.5839
143441.1008, 6394373.0615, 33.5285, 771.6190, 435.3535
143436.9158, 6394367.0295, 32.5832, 685.7351, 542.9974
143436.1720, 6394367.5162, 32.5242, 602.2463, 548.7873
143436.1720, 6394367.5162, 32.5242, 602.2463, 548.7873
143442.7006, 6394396.4382, 35.2294, 462.8222, 370.8771
143436.1583, 6394387.4706, 37.3485, 289.8595, 269.8596
143443.6473, 6394392.5367, 37.9652, 529.2662, 269.8307
143444.4582, 6394392.9676, 37.8565, 551.4634, 275.5383
143433.1276, 6394368.4917, 32.3229, 293.8229, 576.9485
143433.1276, 6394368.4917, 32.3229, 293.8229, 576.9485
143435.3338, 6394367.9625, 32.2156, 513.8513, 578.7802
143443.8098, 6394392.9993, 37.8052, 529.8007, 277.0722
143439.4557, 6394368.0468, 35.4652, 844.4602, 276.8274
143446.3843, 6394397.4813, 37.8428, 562.6119, 289.8494
143434.4138, 6394381.5434, 27.8756, 261.9259, 733.5803
143453.0705, 6394376.6176, 41.7423, 1202.8735, 18.0891
143433.7889, 6394368.5259, 37.9692, 340.3567, 28.6858
143446.0533, 6394403.4351, 35.2250, 501.0956, 376.1720
143446.3843, 6394397.4813, 37.8428, 562.6119, 289.8494
143439.6470, 6394369.1187, 35.3676, 813.5090, 292.9714
143439.6470, 6394369.1187, 35.3676, 813.5090, 292.9714
143460.2714, 6394391.6756, 45.8776, 1026.8159, 27.6405
143449.4396, 6394372.6495, 39.7590, 1211.2089, 57.9127
143455.6078, 6394382.6273, 42.0131, 1102.7864, 77.6818
143448.7266, 6394401.5689, 37.8973, 586.6378, 298.6987
143435.6784, 6394368.0101, 35.1511, 536.7042, 300.7143
143439.2513, 6394366.5084, 35.0591, 902.7997, 301.7557
143439.4185, 6394366.4395, 35.0544, 919.8858, 301.8568
143447.1221, 6394369.6794, 37.6437, 1241.1024, 145.4939
143448.8077, 6394377.5701, 38.1233, 1003.7885, 194.8223
143448.1303, 6394374.5763, 37.6517, 1075.1239, 195.7680
143439.5864, 6394366.3778, 34.8969, 936.7779, 316.4969
143432.5612, 6394369.0185, 35.0049, 222.1805, 319.4074
143432.5612, 6394369.0185, 35.0049, 222.1805, 319.4074
143447.1341, 6394405.9502, 34.5435, 509.5249, 395.6146
143431.3040, 6394373.9944, 35.1638, 81.9334, 331.0902
143434.1758, 6394373.5171, 34.8886, 307.2386, 349.4586
143434.1758, 6394373.5171, 34.8886, 307.2386, 349.4586
143440.4950, 6394398.9670, 37.3130, 372.3504, 308.2545
143442.7862, 6394400.5175, 35.1902, 432.7341, 375.8349
143449.1848, 6394410.9321, 34.5923, 521.0518, 395.4881
143439.9650, 6394381.0642, 34.1701, 536.2260, 400.9532
143440.0866, 6394381.0242, 34.1154, 542.6469, 403.5382
143442.7862, 6394400.5175, 35.1902, 432.7341, 375.8349
143440.0866, 6394381.0242, 34.1154, 542.6469, 403.5382
143440.0013, 6394397.4607, 37.0677, 366.8376, 312.6557
143436.1565, 6394367.9423, 34.9776, 581.6544, 316.9579
143435.9011, 6394367.4638, 34.9389, 574.4284, 317.5445
143435.8744, 6394367.4756, 34.9092, 571.6711, 320.4972
143435.8744, 6394367.4756, 34.9092, 571.6711, 320.4972
143442.7862, 6394400.5175, 35.1902, 432.7341, 375.8349
143449.4317, 6394396.0913, 34.0567, 668.4045, 404.8955
143437.2639, 6394378.9533, 33.9633, 431.3142, 413.5791
143436.9566, 6394367.0380, 32.5628, 689.0153, 544.6718
143436.9566, 6394367.0380, 32.5628, 689.0153, 544.6718
143436.1779, 6394367.5150, 32.5349, 602.7897, 547.7540
143438.9925, 6394394.9810, 36.6575, 350.0605, 320.8192
143436.1651, 6394367.9440, 34.8978, 582.5214, 324.4703
143436.1651, 6394367.9440, 34.8978, 582.5214, 324.4703
143435.7914, 6394367.5088, 34.8487, 563.1420, 326.5570
143449.4317, 6394396.0913, 34.0567, 668.4045, 404.8955
143436.2590, 6394367.4868, 32.3033, 611.4304, 569.4700
143445.5059, 6394395.9712, 33.9575, 554.9868, 410.3329
143436.1596, 6394367.9505, 34.8109, 582.0170, 332.6532
143436.1596, 6394367.9505, 34.8109, 582.0170, 332.6532
143441.8162, 6394376.9658, 33.5645, 705.9713, 430.0723
143441.8162, 6394376.9658, 33.5645, 705.9713, 430.0723
143441.0395, 6394374.4399, 33.5236, 728.6468, 434.8704
143440.3365, 6394372.9862, 33.5108, 728.9752, 437.9083
143440.3365, 6394372.9862, 33.5108, 728.9752, 437.9083
143439.4108, 6394370.5202, 33.4869, 747.7738, 443.8308
143438.7390, 6394368.5382, 33.4656, 772.5600, 449.9201
143437.7556, 6394375.9904, 32.7554, 507.4410, 486.0797
143449.4351, 6394372.6850, 39.6512, 1209.4502, 64.7671
143440.0416, 6394374.9748, 32.6780, 660.1755, 487.9049
143440.1544, 6394374.4718, 32.6575, 679.0285, 490.2830
143440.7093, 6394371.6148, 34.9175, 792.9893, 339.7807
143439.4566, 6394374.0458, 32.6976, 649.1921, 490.8008
143439.6781, 6394374.0048, 32.6866, 663.2897, 491.0417
143439.4999, 6394373.5078, 32.6806, 665.5015, 493.4227
143437.2242, 6394373.9716, 32.7323, 513.3746, 494.8594
143437.2242, 6394373.9716, 32.7323, 513.3746, 494.8594
143439.4345, 6394373.4738, 32.6514, 662.4868, 495.6290
143438.1220, 6394368.1232, 32.9371, 742.1888, 498.6047
143438.1220, 6394368.1232, 32.9371, 742.1888, 498.6047
143437.9957, 6394367.6307, 32.9646, 751.8417, 498.8969
143435.9706, 6394372.5316, 32.7716, 457.1205, 500.9866
143436.8538, 6394372.4962, 32.7139, 519.7328, 502.4826
143436.8538, 6394372.4962, 32.7139, 519.7328, 502.4826
143438.6356, 6394371.5328, 32.6640, 665.0399, 504.1314
143439.0797, 6394371.5014, 32.6367, 695.4078, 504.7845
143438.4154, 6394371.4989, 32.6505, 651.2641, 505.9713
143438.4154, 6394371.4989, 32.6505, 651.2641, 505.9713
143437.9746, 6394371.4937, 32.6591, 621.4290, 506.8236
143437.6198, 6394371.0376, 32.6942, 609.1372, 507.3428
143435.7084, 6394368.5641, 32.8999, 528.4211, 509.3641
143435.6362, 6394371.5035, 32.7217, 453.0323, 510.1591
143436.0964, 6394371.0252, 32.7166, 498.0079, 511.0924
143435.5797, 6394368.0728, 32.9122, 531.1364, 511.4392
143435.5555, 6394370.9867, 32.7011, 457.5549, 514.4964
143437.8776, 6394370.0037, 32.6448, 658.1271, 515.0081
143435.4189, 6394370.5036, 32.6978, 457.1264, 517.7241
143435.5988, 6394368.0624, 32.8472, 533.2897, 517.4720
143437.7284, 6394369.5352, 32.6414, 661.9899, 518.2337
143436.2646, 6394367.9203, 32.7896, 596.3447, 520.6605
143436.3091, 6394367.9010, 32.7702, 600.8814, 522.3691
143437.4815, 6394368.0448, 32.6257, 694.4664, 529.1962
143457.3093, 6394392.4500, 41.7239, 935.9880, 158.4315
143447.8859, 6394375.6431, 37.3528, 1026.8190, 219.6435
143431.5817, 6394374.4818, 35.9421, 100.6525, 275.9454
143431.5817, 6394374.4818, 35.9421, 100.6525, 275.9454
143439.2391, 6394366.5088, 35.2551, 901.5867, 283.1210
143439.2391, 6394366.5088, 35.2551, 901.5867, 283.1210
143432.8350, 6394368.9889, 35.1855, 248.9420, 302.0273
143433.3651, 6394369.9662, 35.0845, 286.4416, 318.0332
143435.1035, 6394375.4708, 35.0754, 346.9993, 342.7271
143439.2279, 6394366.5235, 34.6145, 900.5931, 343.9751
143437.1415, 6394381.4782, 35.0222, 392.0214, 360.3211
143433.5733, 6394368.4908, 32.4230, 336.8488, 564.6954
143437.9719, 6394392.4745, 34.7077, 332.5210, 387.2883
143440.3125, 6394370.6458, 34.6924, 801.7174, 352.8165
143436.8713, 6394380.5135, 34.1705, 390.5218, 403.3988
143440.6503, 6394371.6478, 34.7257, 788.4349, 353.3769
143439.7038, 6394369.0878, 34.6054, 819.6337, 354.6907
143439.7038, 6394369.0878, 34.6054, 819.6337, 354.6907
143439.3550, 6394387.4452, 35.2729, 427.7397, 358.7092
143446.6069, 6394407.4809, 35.6839, 484.1125, 367.0984
143439.5394, 6394368.1248, 34.3749, 848.4688, 371.0511
143443.7816, 6394399.4464, 35.2073, 470.2763, 374.0863
143443.7816, 6394399.4464, 35.2073, 470.2763, 374.0863
143456.7066, 6394383.5544, 43.5471, 1112.2048, 28.4931
143444.3249, 6394400.9525, 35.0986, 473.7753, 378.4023
143460.1657, 6394393.1067, 45.9407, 996.7126, 36.4204
143448.1374, 6394370.7113, 39.1312, 1240.0767, 63.6268
143445.2400, 6394401.4355, 34.7846, 495.7236, 387.5370
143448.1374, 6394370.7113, 39.1312, 1240.0767, 63.6268
143455.8233, 6394385.1106, 41.9880, 1046.0710, 99.6498
143447.4066, 6394370.5489, 37.8318, 1211.5336, 144.0420
143447.4066, 6394370.5489, 37.8318, 1211.5336, 144.0420
143445.2400, 6394401.4355, 34.7846, 495.7236, 387.5370
143447.5513, 6394374.6209, 36.7648, 1047.6523, 244.7390
143438.9240, 6394366.5961, 35.4685, 871.2579, 263.0759
143433.3946, 6394379.9833, 36.3641, 198.6616, 282.3362
143432.8322, 6394368.9891, 35.1875, 248.6544, 301.8300
143434.7195, 6394383.4761, 35.0278, 252.2552, 364.5554
143435.6351, 6394385.9808, 34.9436, 279.9176, 372.0328
143435.5063, 6394367.5364, 32.6342, 541.1882, 541.6662
143434.2515, 6394368.5191, 37.8781, 385.1706, 40.9817
143431.1780, 6394373.4968, 36.4768, 68.1693, 226.6850
143447.6676, 6394374.5194, 36.8378, 1056.5679, 240.1569
143432.1450, 6394376.4937, 36.4560, 134.6348, 254.6026
143433.1658, 6394379.4916, 35.1676, 190.1801, 349.0391
143440.1740, 6394370.6174, 34.1276, 794.3197, 394.6965
143440.2086, 6394380.9828, 34.2422, 548.8828, 397.1207
143434.8799, 6394383.9731, 35.0234, 257.0656, 365.5594
143439.3338, 6394365.9574, 32.6860, 941.5186, 528.5027
143452.0692, 6394403.1174, 34.3462, 657.8173, 397.6395
143439.8216, 6394369.6081, 34.0081, 808.1111, 403.2429
143447.6900, 6394406.9201, 33.6478, 516.3803, 418.8090
143444.2627, 6394382.5952, 33.6234, 698.3192, 422.9434
143441.1972, 6394375.5439, 33.5452, 708.4591, 432.7039
143441.1972, 6394375.5439, 33.5452, 708.4591, 432.7039
143440.8250, 6394372.1446, 33.5815, 783.9899, 432.8882
143440.8250, 6394372.1446, 33.5815, 783.9899, 432.8882
143439.8623, 6394371.4888, 33.4988, 745.4288, 440.9660
143439.8027, 6394371.5185, 33.4946, 740.6683, 441.3555
143437.9657, 6394376.4981, 32.7674, 510.4775, 483.5570
143438.9149, 6394374.0357, 32.7098, 617.0792, 491.4879
143438.4566, 6394369.1085, 32.9072, 730.6224, 495.7190
143436.9779, 6394373.0064, 32.7252, 517.1548, 499.3823
143439.2741, 6394372.4764, 32.6498, 679.5488, 499.5883
143436.0628, 6394372.9983, 37.6563, 445.1619, 146.5133
143439.2741, 6394372.4764, 32.6498, 679.5488, 499.5883
143436.0628, 6394372.9983, 37.6563, 445.1619, 146.5133
143439.2687, 6394372.0222, 32.6544, 692.1888, 500.9316
143454.2552, 6394385.9901, 39.6371, 978.1312, 190.9627
143431.0313, 6394372.9979, 35.3568, 59.7835, 311.1509
143439.4103, 6394366.4346, 34.6982, 919.8397, 335.6017
143439.6907, 6394369.0957, 34.4537, 818.5668, 367.0009
143439.6907, 6394369.0957, 34.4537, 818.5668, 367.0009
143435.0260, 6394368.0105, 32.6628, 483.3915, 537.8907
143458.3640, 6394385.0055, 44.5827, 1124.1180, 8.3097
143459.3941, 6394389.0443, 45.5827, 1058.1184, 13.1135
143458.4633, 6394386.6239, 44.4450, 1087.2729, 28.6971
143457.1773, 6394385.1419, 43.6636, 1085.8250, 40.3299
143459.7051, 6394391.0703, 44.8222, 1024.3940, 55.3136
143459.3395, 6394392.1517, 44.7806, 993.8379, 63.6831
143434.6876, 6394368.9987, 37.7232, 415.7536, 69.3043
143459.1395, 6394391.5179, 44.4004, 1000.8954, 70.8081
143434.3463, 6394368.5178, 37.5669, 395.0367, 71.7465
143457.4986, 6394387.0595, 43.2230, 1049.8131, 73.4672
143456.4001, 6394385.5552, 42.5312, 1052.7581, 84.1069
143434.2472, 6394369.0206, 37.5273, 375.6395, 85.2749
143457.5115, 6394388.0432, 43.0764, 1028.3181, 86.1712
143434.9846, 6394369.5224, 37.5243, 431.1219, 99.4434
143448.2076, 6394371.5942, 38.7323, 1201.2627, 101.6068
143434.9968, 6394370.4956, 37.6064, 411.7956, 109.3598
143435.1566, 6394370.5053, 37.5312, 424.9084, 116.6687
143448.6655, 6394373.1397, 38.7701, 1155.1593, 119.4135
143457.8458, 6394392.0787, 42.6652, 956.6864, 127.3044
143449.8556, 6394377.0284, 39.3452, 1063.2919, 131.3361
143448.4975, 6394373.1562, 38.5420, 1146.8080, 132.4536
143457.9693, 6394393.9337, 42.5508, 926.9031, 141.6149
143434.8869, 6394368.4694, 38.3166, 444.5694, 2.4728
143435.4313, 6394368.0105, 38.2196, 507.0322, 4.7103
143435.3004, 6394368.0144, 38.1992, 494.8894, 5.6953
143434.8273, 6394368.4823, 38.2770, 438.8503, 6.1102
143434.8273, 6394368.4823, 38.2770, 438.8503, 6.1102
143434.7601, 6394368.4856, 38.2683, 432.5681, 6.4726
143434.1721, 6394368.5180, 38.1336, 376.9141, 15.4857
143454.5860, 6394384.5262, 40.6456, 1022.0635, 144.1614
143456.7430, 6394391.0772, 41.0478, 946.1543, 172.2137
143460.5237, 6394391.4218, 46.0636, 1038.2925, 20.3659
143448.5502, 6394376.1274, 38.1198, 1039.0898, 183.5986
143437.1745, 6394376.0008, 37.5769, 464.9882, 187.8676
143437.1745, 6394376.0008, 37.5769, 464.9882, 187.8676
143458.9179, 6394387.0696, 44.8236, 1089.5662, 20.5192
143448.2847, 6394375.5663, 37.8902, 1046.7170, 190.8443
143438.2668, 6394378.4472, 37.7512, 487.1886, 200.8178
143460.2365, 6394390.6445, 45.7768, 1046.6858, 22.5043
143432.8212, 6394369.0003, 38.0412, 237.9333, 25.5518
143432.8212, 6394369.0003, 38.0412, 237.9333, 25.5518
143438.2668, 6394378.4472, 37.7512, 487.1886, 200.8178
143448.1128, 6394375.5077, 37.5543, 1041.3232, 208.1961
143438.9460, 6394366.5613, 35.6597, 874.5980, 244.4861
143433.1263, 6394378.4753, 36.7241, 189.8681, 252.3042
143442.4614, 6394388.4793, 37.6625, 534.5714, 265.6222
143439.1520, 6394367.1397, 35.4035, 862.9456, 274.4469
143444.3539, 6394392.9988, 37.6769, 547.8465, 281.8250
143439.2249, 6394367.1140, 35.1638, 870.1974, 296.3293
143436.1397, 6394367.9515, 34.9334, 579.9724, 321.1635
143436.1397, 6394367.9515, 34.9334, 579.9724, 321.1635
143431.3836, 6394373.9937, 35.0561, 88.6703, 339.2132
143439.5222, 6394368.1362, 34.7134, 846.3236, 342.1436
143439.3380, 6394367.6453, 34.6390, 854.5580, 346.5905
143440.4866, 6394371.1361, 34.7255, 795.5804, 351.8796
143435.7810, 6394377.9987, 34.9385, 358.4775, 358.0066
143437.1608, 6394389.9554, 35.2971, 317.7053, 362.1728
143440.6800, 6394371.6391, 34.5440, 790.7523, 366.0917
143439.5162, 6394368.1387, 34.4375, 846.0776, 365.7520
143434.0337, 6394380.9735, 34.7939, 232.4571, 372.7216
143434.0337, 6394380.9735, 34.7939, 232.4571, 372.7216
143442.7664, 6394404.4403, 35.3060, 405.0624, 375.6685
143436.6408, 6394381.4706, 34.4616, 367.6122, 389.2109
143436.6408, 6394381.4706, 34.4616, 367.6122, 389.2109
143440.3783, 6394371.0900, 34.1723, 790.8816, 391.7794
143436.6431, 6394381.4735, 34.2522, 368.0245, 399.9323
143436.8083, 6394381.4835, 34.1033, 376.5338, 407.3896
143436.8083, 6394381.4835, 34.1033, 376.5338, 407.3896
143436.3540, 6394376.4675, 34.0204, 414.1886, 410.6561
143436.3540, 6394376.4675, 34.0204, 414.1886, 410.6561
143435.9810, 6394375.4866, 33.9634, 405.5721, 414.4521
143435.9810, 6394375.4866, 33.9634, 405.5721, 414.4521
143440.7419, 6394371.6151, 33.6790, 796.2805, 426.5490
143436.7700, 6394373.4689, 32.7229, 493.7881, 498.5173
143439.0332, 6394371.1236, 32.6571, 703.8669, 504.9763
143435.9963, 6394367.4422, 32.7818, 588.4760, 525.6774
143437.8759, 6394368.5048, 32.6119, 708.8884, 525.8302
143435.8081, 6394367.5100, 32.7659, 569.2642, 527.6583
143437.9480, 6394367.9681, 32.5865, 735.0255, 531.0251
143437.9480, 6394367.9681, 32.5865, 735.0255, 531.0251
143435.7179, 6394367.5269, 32.6774, 560.7306, 536.4791
143435.7801, 6394367.4980, 32.6011, 567.4825, 543.6891
143434.6338, 6394368.4912, 38.2704, 420.6807, 5.3596
143434.6338, 6394368.4912, 38.2704, 420.6807, 5.3596
143460.6189, 6394392.1311, 46.5784, 1026.6111, 10.1037
143459.0224, 6394387.0275, 44.9242, 1093.4631, 16.8909
143459.0224, 6394387.0275, 44.9242, 1093.4631, 16.8909
143460.5408, 6394391.9893, 46.2777, 1027.4581, 18.1975
143433.1361, 6394368.9963, 38.1233, 268.7599, 19.9657
143433.1361, 6394368.9963, 38.1233, 268.7599, 19.9657
143458.5989, 6394387.0600, 44.5624, 1080.8623, 28.7591
143460.0312, 6394391.0942, 45.5725, 1032.2469, 32.1727
143458.6414, 6394388.0865, 44.5996, 1058.7029, 36.4119
143458.7090, 6394387.8942, 44.4986, 1064.8926, 38.4787
143459.7685, 6394390.9758, 44.9787, 1027.9098, 49.7146
143456.2813, 6394384.0482, 42.8937, 1086.3314, 57.2944
143457.7529, 6394387.0637, 43.6119, 1056.9285, 60.2733
143456.3870, 6394385.0673, 42.6349, 1064.1205, 76.2302
143455.7726, 6394384.0750, 42.3647, 1069.9901, 76.6829
143464.5725, 6394402.6101, 46.9371, 942.7924, 78.3992
143460.5223, 6394392.4950, 46.4186, 1017.1606, 17.7738
143455.6779, 6394384.1401, 42.2911, 1065.4164, 79.8468
143455.0811, 6394380.1317, 42.5098, 1157.4220, 30.9507
143458.3795, 6394387.9896, 44.1445, 1053.6542, 50.6959
143456.6203, 6394385.1706, 43.0827, 1068.5474, 60.8368
143458.8149, 6394391.5445, 43.8858, 991.9940, 86.7702
143458.8149, 6394391.5445, 43.8858, 991.9940, 86.7702
143459.2443, 6394392.9570, 44.6017, 976.3965, 74.6962
143456.4064, 6394387.6792, 41.7474, 1004.9025, 128.0027
143449.2093, 6394375.6557, 39.1022, 1083.0637, 128.9977
143454.5340, 6394383.5509, 40.6855, 1044.4514, 135.6683
143457.2999, 6394387.1253, 43.0099, 1042.6503, 81.1039
143434.2343, 6394369.0228, 37.5307, 374.3972, 84.9148
143449.2182, 6394376.1499, 39.0018, 1066.3727, 139.0761
143435.2900, 6394372.0550, 37.4826, 406.1620, 144.2675
143457.5291, 6394392.0672, 42.0270, 948.6821, 147.0588
143458.5463, 6394392.5668, 43.5292, 965.8347, 104.2379
143435.1554, 6394370.5086, 37.5161, 424.7790, 117.9947
143449.3631, 6394376.4668, 38.9049, 1061.7676, 147.3974
143448.6549, 6394374.5172, 38.3108, 1100.5059, 159.6991
143430.7414, 6394371.9847, 36.8762, 28.5946, 175.5534
143448.2692, 6394374.6004, 37.9193, 1080.3798, 181.3283
143431.0320, 6394372.4762, 36.8148, 55.2185, 187.9872
143454.3069, 6394386.6277, 39.6708, 965.7360, 193.2210
143456.2211, 6394388.4821, 41.2389, 982.6952, 150.5504
143456.3614, 6394393.0923, 40.5675, 899.8878, 196.8255
143456.0972, 6394392.0940, 40.1743, 910.3014, 204.5931
143456.0972, 6394392.0940, 40.1743, 910.3014, 204.5931
143432.0520, 6394375.4760, 36.7965, 130.8200, 223.1384
143462.9201, 6394404.0496, 43.9774, 888.9070, 156.9476
143439.6878, 6394382.0403, 37.8400, 504.2309, 223.4988
143439.6878, 6394382.0403, 37.8400, 504.2309, 223.4988
143432.2114, 6394375.9777, 36.7841, 140.4817, 228.6145
143439.1999, 6394366.4710, 35.7578, 899.8515, 234.7158
143438.9427, 6394366.5824, 35.4913, 873.4535, 260.7979
143444.1460, 6394392.9771, 37.9179, 541.0519, 273.2524
143444.1460, 6394392.9771, 37.9179, 541.0519, 273.2524
143439.3756, 6394366.4457, 35.2135, 915.9506, 286.7423
143439.2549, 6394367.0874, 35.2619, 873.7372, 287.1587
143439.1873, 6394366.5479, 35.1490, 895.4911, 293.4508
143433.6309, 6394370.9605, 35.2589, 295.8088, 308.9234
143433.6309, 6394370.9605, 35.2589, 295.8088, 308.9234
143439.6359, 6394368.6477, 35.0586, 832.3223, 315.5259
143434.1527, 6394372.4601, 35.2304, 318.1125, 319.5692
143434.1527, 6394372.4601, 35.2304, 318.1125, 319.5692
143439.4951, 6394368.1518, 34.9538, 843.3589, 321.6150
143433.6169, 6394370.9818, 34.9625, 295.1537, 333.9010
143433.6169, 6394370.9818, 34.9625, 295.1537, 333.9010
143462.9201, 6394404.0496, 43.9774, 888.9070, 156.9476
143440.3335, 6394370.6349, 34.9121, 803.2337, 336.4915
143433.3210, 6394370.5031, 34.8747, 276.0455, 339.2162
143433.3210, 6394370.5031, 34.8747, 276.0455, 339.2162
143433.6071, 6394371.5062, 34.8804, 287.7831, 342.9428
143434.2370, 6394372.9827, 34.9603, 318.3209, 342.2940
143436.3136, 6394387.9661, 35.3851, 296.0174, 355.5860
143436.3136, 6394387.9661, 35.3851, 296.0174, 355.5860
143433.6125, 6394380.4813, 34.8730, 211.5134, 367.7529
143436.2866, 6394387.9770, 34.6683, 295.7814, 386.0052
143462.9025, 6394404.6383, 43.9104, 880.8013, 160.9937
143437.2666, 6394390.4891, 34.5736, 319.1645, 391.3176
143436.4481, 6394381.5138, 34.2141, 357.7165, 402.0768
143444.1438, 6394399.4581, 34.0938, 481.6541, 407.6370
143462.7529, 6394403.6411, 43.6474, 890.9285, 163.2804
143462.7034, 6394404.1481, 43.5864, 883.1481, 166.7891
143462.7034, 6394404.1481, 43.5864, 883.1481, 166.7891
143456.7936, 6394391.6317, 40.9328, 937.2737, 178.8306
143448.5370, 6394376.1411, 38.1012, 1038.0759, 184.6592
143437.2780, 6394375.0530, 37.4633, 488.1197, 186.3985
143438.1292, 6394378.0329, 37.8177, 486.2127, 193.4209
143439.9870, 6394368.4141, 36.4630, 866.2463, 196.4239
143455.2263, 6394389.5727, 40.0236, 932.6923, 196.8860
143454.2290, 6394387.0282, 39.5055, 954.8517, 201.2589
143439.8923, 6394368.4683, 36.4040, 857.0842, 201.7489
143439.9143, 6394368.4540, 36.3444, 859.3608, 206.6701
143439.9143, 6394368.4540, 36.3444, 859.3608, 206.6701
143448.6436, 6394377.0851, 37.7856, 1012.1490, 208.1731
143439.3848, 6394378.9974, 37.6805, 536.9498, 210.9880
143439.2974, 6394379.0363, 37.6095, 531.9089, 214.9629
143447.9341, 6394376.1087, 37.4410, 1013.4054, 218.2015
143438.0440, 6394379.5308, 37.5643, 459.3574, 218.7544
143438.7718, 6394379.5111, 37.5868, 497.3343, 218.6175
143447.9804, 6394376.0103, 37.3757, 1018.6769, 221.0780
143439.0751, 6394379.5462, 37.5275, 512.3472, 222.5296
143439.0751, 6394379.5462, 37.5275, 512.3472, 222.5296
143439.4300, 6394382.0422, 37.8304, 492.1711, 223.6059
143439.4300, 6394382.0422, 37.8304, 492.1711, 223.6059
143439.8078, 6394382.9466, 37.8366, 497.1078, 229.2178
143447.7786, 6394375.4748, 37.0319, 1027.9036, 235.7221
143439.2669, 6394366.4672, 35.5064, 905.7517, 258.8506
143443.8566, 6394392.9741, 37.9061, 531.5356, 273.4895
143444.3569, 6394392.9684, 37.9395, 548.0651, 272.5958
143444.3569, 6394392.9684, 37.9395, 548.0651, 272.5958
143443.9620, 6394392.9735, 37.7492, 535.1631, 279.0272
143437.0841, 6394389.9741, 37.3259, 311.8943, 281.0417
143434.5086, 6394368.4831, 38.2476, 409.1962, 6.3107
143434.5086, 6394368.4831, 38.2476, 409.1962, 6.3107
143445.8526, 6394397.4907, 37.8088, 546.9509, 290.7324
143460.5356, 6394391.6258, 46.4650, 1034.4534, 9.3102
143433.5385, 6394368.9885, 38.1984, 307.6085, 15.7551
143432.9185, 6394369.0069, 38.0813, 247.3571, 22.5741
143432.9185, 6394369.0069, 38.0813, 247.3571, 22.5741
143445.8526, 6394397.4907, 37.8088, 546.9509, 290.7324
143439.0060, 6394366.6596, 35.1394, 875.1251, 295.0240
143435.8125, 6394367.9606, 35.1951, 550.1120, 296.3072
143439.4038, 6394366.4376, 35.0720, 918.7915, 300.1593
143459.1545, 6394389.1981, 45.2468, 1048.3889, 25.0859
143440.3743, 6394398.4619, 37.1464, 372.0472, 312.4030
143432.6574, 6394369.0048, 35.0560, 231.6852, 314.4465
143465.6469, 6394403.1576, 48.7969, 956.8568, 36.9089
143439.0219, 6394394.9748, 36.5179, 351.2758, 325.6729
143465.6148, 6394402.6002, 48.6883, 964.3036, 36.1705
143465.6148, 6394402.6002, 48.6883, 964.3036, 36.1705
143436.4498, 6394379.4668, 35.3730, 378.3289, 337.0203
143436.1673, 6394378.4468, 35.2469, 374.9014, 341.1744
143458.4083, 6394387.0359, 44.3494, 1076.0767, 35.5673
143437.0220, 6394380.9464, 35.3238, 391.5470, 343.6386
143440.3836, 6394370.6079, 34.3982, 808.0128, 374.4445
143456.1499, 6394384.1568, 42.8908, 1079.5098, 58.0050
143444.4452, 6394408.9795, 35.1797, 420.6992, 381.6808
143459.2960, 6394392.5720, 44.8310, 984.7898, 64.9868
143455.5593, 6394382.9969, 41.9139, 1091.3303, 84.7408
143444.9515, 6394401.4874, 34.7273, 487.3246, 389.3392
143450.2066, 6394376.9348, 40.1893, 1080.3530, 88.8176
143450.2066, 6394376.9348, 40.1893, 1080.3530, 88.8176
143442.4255, 6394400.0419, 34.7095, 426.0252, 390.1181
143440.5369, 6394371.5956, 34.2051, 783.6877, 389.9331
143450.0028, 6394376.9807, 39.6216, 1070.7479, 117.3377
143442.8959, 6394399.9916, 34.5585, 440.4356, 394.4460
143440.1542, 6394370.6197, 34.0675, 793.0074, 399.1733
143440.1542, 6394370.6197, 34.0675, 793.0074, 399.1733
143463.8089, 6394404.0083, 45.3228, 907.7131, 124.5972
143443.4148, 6394399.5006, 34.3285, 459.7621, 400.9457
143463.8089, 6394404.0083, 45.3228, 907.7131, 124.5972
143443.4936, 6394397.9540, 34.3157, 474.9823, 400.7309
143436.4630, 6394376.4482, 33.8987, 421.2670, 417.9900
143439.9862, 6394370.1179, 33.8152, 800.3358, 418.1042
143457.9314, 6394392.6508, 42.8730, 948.4340, 124.2629
143442.5051, 6394397.9938, 33.5894, 445.1587, 424.1468
143458.2113, 6394393.4989, 43.0284, 940.5493, 124.8733
143442.5051, 6394397.9938, 33.5894, 445.1587, 424.1468
143440.6455, 6394373.9879, 33.5229, 718.7620, 435.8576
143440.6455, 6394373.9879, 33.5229, 718.7620, 435.8576
143439.1769, 6394369.4964, 33.4700, 767.9035, 447.0005
143439.1769, 6394369.4964, 33.4700, 767.9035, 447.0005
143457.6616, 6394392.6220, 42.5658, 941.9508, 133.3158
143443.5713, 6394388.0215, 32.8540, 585.8404, 453.0392
143439.8084, 6394373.4740, 32.6549, 684.8946, 494.3665
143438.6827, 6394373.5101, 32.6938, 615.5598, 494.8146
143449.6119, 6394376.5286, 39.1913, 1069.9200, 133.8533
143437.0032, 6394373.5231, 32.7444, 508.0715, 496.1646
143437.6616, 6394371.4777, 32.6731, 600.2339, 506.9102
143437.6616, 6394371.4777, 32.6731, 600.2339, 506.9102
143435.6988, 6394371.5117, 32.7250, 457.5681, 509.6462
143437.6704, 6394370.9972, 32.6563, 613.8942, 510.2221
143437.6754, 6394368.9609, 32.6097, 677.1354, 524.2205
143438.0655, 6394368.1214, 32.6472, 738.2421, 524.2089
143438.0655, 6394368.1214, 32.6472, 738.2421, 524.2089
143435.3617, 6394367.9883, 32.5468, 514.8563, 547.2665
143435.3617, 6394367.9883, 32.5468, 514.8563, 547.2665
143436.7590, 6394367.4616, 32.5190, 655.6810, 546.5776
143436.7590, 6394367.4616, 32.5190, 655.6810, 546.5776
143434.9116, 6394368.0123, 32.5616, 473.0653, 548.0762
143434.9116, 6394368.0123, 32.5616, 473.0653, 548.0762
143434.9116, 6394368.0123, 32.5616, 473.0653, 548.0762
143437.5169, 6394366.9685, 32.3068, 740.7197, 566.4930
143449.4323, 6394376.6104, 39.0852, 1059.8038, 139.5874
143449.9557, 6394377.6795, 39.2596, 1046.4736, 141.7280
143457.5428, 6394393.6106, 42.0913, 921.5816, 153.3851
143456.7342, 6394393.1271, 41.1379, 909.0043, 179.5284
143436.9754, 6394375.0225, 37.5227, 469.6066, 181.4218
143448.2723, 6394375.5134, 37.7152, 1048.0513, 199.8512
143437.9729, 6394378.5349, 37.5430, 470.2755, 212.6420
143440.2521, 6394383.4868, 37.9123, 509.5103, 229.3342
143434.1869, 6394381.9762, 37.3873, 229.7382, 238.3401
143439.4979, 6394366.4186, 35.7026, 926.7501, 240.1420
143438.8161, 6394366.6469, 35.5913, 859.7286, 251.6324
143439.2628, 6394366.4909, 35.5820, 904.0990, 251.8732
143439.0051, 6394366.5352, 35.5741, 880.8547, 252.5316
143442.3047, 6394388.4773, 37.8703, 528.5379, 257.2870
143442.3047, 6394388.4773, 37.8703, 528.5379, 257.2870
143442.3047, 6394388.4773, 37.8703, 528.5379, 257.2870
143439.6043, 6394366.3590, 35.3986, 938.7671, 268.7113
143434.2242, 6394381.9990, 36.6190, 233.0150, 278.8669
143439.1619, 6394367.1372, 35.3226, 863.9434, 281.8625
143435.0577, 6394383.9732, 36.6655, 263.1691, 285.8633
143439.6143, 6394366.3592, 35.1783, 939.7617, 289.6772
143439.1572, 6394366.5681, 34.9117, 892.2672, 316.0708
143438.4172, 6394393.4591, 36.5547, 340.0746, 320.9756
143436.1100, 6394367.9664, 34.8665, 577.0294, 327.5202
143432.6588, 6394369.0151, 34.8632, 232.3531, 333.0344
143432.6588, 6394369.0151, 34.8632, 232.3531, 333.0344
143435.3724, 6394375.9475, 35.2387, 358.0336, 333.7199
143435.3724, 6394375.9475, 35.2387, 358.0336, 333.7199
143439.3325, 6394367.6465, 34.5406, 854.1902, 355.2912
143439.7296, 6394369.0742, 34.5850, 822.0351, 356.2861
143434.6953, 6394381.5130, 27.9049, 277.0276, 730.8618
143440.9314, 6394399.9518, 35.2164, 381.2938, 375.1464
143440.8608, 6394372.1163, 34.4013, 786.2122, 376.8776
143443.0203, 6394399.9992, 34.7158, 443.9110, 389.6467
143440.3259, 6394371.1105, 34.0268, 786.9958, 402.3640
143443.6899, 6394399.4635, 34.2241, 468.2347, 403.9508
143441.2222, 6394373.0245, 33.6963, 779.6016, 424.2413
143438.6774, 6394378.0344, 32.7866, 522.9438, 477.3874
143438.0497, 6394372.0272, 32.6907, 612.2157, 502.1466
143437.9770, 6394367.6091, 32.8985, 751.3124, 505.0526
143435.5952, 6394368.0696, 32.9396, 532.5455, 508.8353
143435.5952, 6394368.0696, 32.9396, 532.5455, 508.8353
143438.5713, 6394370.0296, 32.6367, 707.3105, 512.9316
143438.2665, 6394368.6000, 32.7295, 735.3599, 513.6221
143436.2563, 6394367.9180, 32.6613, 595.9653, 532.5714
143436.0142, 6394367.4290, 32.6597, 590.7941, 537.3716
143435.0830, 6394368.0316, 38.2074, 474.1703, 3.4960
143459.1880, 6394386.5719, 45.1818, 1108.8950, 4.0373
143434.9403, 6394368.4788, 38.2939, 449.3158, 5.3302
143434.9163, 6394368.4758, 38.2484, 447.2939, 9.4194
143433.5340, 6394368.9878, 38.2480, 307.0340, 10.9298
143433.6174, 6394368.9832, 38.2321, 315.1452, 13.0232
143460.4841, 6394391.4994, 46.1917, 1035.7020, 16.8139
143459.0682, 6394388.6000, 45.1758, 1059.0123, 22.1571
143460.1227, 6394390.6504, 45.6579, 1043.6233, 26.1046
143432.7076, 6394369.0086, 38.0239, 226.5817, 26.5495
143432.7076, 6394369.0086, 38.0239, 226.5817, 26.5495
143459.0974, 6394388.6248, 45.0234, 1059.2939, 27.6484
143459.2259, 6394389.0994, 45.0604, 1052.4760, 30.7323
143431.9104, 6394369.5029, 38.0082, 142.4072, 33.7767
143431.9483, 6394369.5018, 37.9770, 146.3578, 37.0694
143431.9483, 6394369.5018, 37.9770, 146.3578, 37.0694
143458.2644, 6394387.0933, 44.1625, 1070.7072, 42.2959
143431.5080, 6394369.5106, 37.8806, 101.8228, 43.3457
143458.3972, 6394388.0449, 44.3657, 1052.8809, 43.5141
143431.3498, 6394369.5192, 37.8435, 85.6013, 46.0003
143457.9545, 6394386.5131, 43.8315, 1075.4435, 48.3585
143457.9545, 6394386.5131, 43.8315, 1075.4435, 48.3585
143457.9545, 6394386.5131, 43.8315, 1075.4435, 48.3585
143430.8978, 6394370.0201, 37.8463, 38.4614, 53.8708
143459.6098, 6394390.9800, 44.5915, 1023.7582, 61.8539
143459.6098, 6394390.9800, 44.5915, 1023.7582, 61.8539
143457.8904, 6394387.6554, 43.5816, 1047.4745, 66.4314
143455.9764, 6394383.4837, 42.4923, 1091.5465, 67.1213
143459.1703, 6394392.5286, 44.6119, 982.4178, 71.2733
143456.6464, 6394385.5679, 42.8600, 1059.7587, 72.5766
143455.7319, 6394383.5642, 42.2912, 1081.8207, 75.0799
143455.7319, 6394383.5642, 42.2912, 1081.8207, 75.0799
143464.5570, 6394402.6192, 46.9426, 942.3367, 78.2836
143450.2346, 6394376.8862, 40.2811, 1083.0782, 83.7453
143458.8095, 6394392.5310, 44.1603, 973.1621, 84.6980
143450.0847, 6394377.0271, 40.2183, 1072.3834, 87.9372
143458.7074, 6394391.6194, 43.7721, 987.7580, 90.6940
143464.2992, 6394402.9222, 46.4111, 932.7314, 92.8548
143450.0710, 6394376.8854, 39.7890, 1076.6179, 108.1345
143457.3439, 6394389.0069, 42.6104, 1003.2184, 108.7123
143448.6453, 6394373.1671, 38.7317, 1153.1008, 121.9083
143463.7568, 6394403.5390, 45.2123, 913.0543, 125.0804
143457.7980, 6394392.5224, 42.5947, 947.3324, 132.0569
143449.4186, 6394376.0301, 39.0997, 1078.8588, 133.3610
