143434.5471, 6394368.9814, 37.5882, 392.4692, 70.0866
143440.1795, 6394368.3883, 37.4399, 878.0787, 106.0050
143439.4958, 6394368.1514, 34.7111, 840.6938, 337.8438
143438.0853, 6394368.1220, 32.7413, 734.6305, 514.2178
143438.1385, 6394369.4809, 37.5286, 681.4641, 106.2791
143438.1151, 6394368.0952, 32.6236, 738.2568, 524.7313
143438.1151, 6394368.0952, 32.6236, 738.2568, 524.7313
143437.8627, 6394367.4802, 32.6006, 742.7988, 531.9332
143436.5109, 6394367.5250, 32.4427, 624.6802, 553.4098
143439.0622, 6394369.0058, 37.4825, 769.0472, 106.9987
143439.0622, 6394369.0058, 37.4825, 769.0472, 106.9987
143438.2104, 6394369.0651, 37.4243, 701.8615, 108.5278
143435.8001, 6394377.4663, 35.0409, 356.8274, 347.1888
143438.2104, 6394369.0651, 37.4243, 701.8615, 108.5278
143437.3554, 6394369.5385, 37.4355, 618.7745, 111.1347
143436.8634, 6394370.0383, 37.4759, 564.9167, 113.5057
143440.5523, 6394371.0995, 34.7120, 797.4127, 349.0765
143436.8634, 6394370.0383, 37.4759, 564.9167, 113.5057
143436.8870, 6394370.0299, 37.4755, 567.0227, 113.5216
143436.8870, 6394370.0299, 37.4755, 567.0227, 113.5216
143435.8127, 6394370.5408, 37.5009, 468.0558, 114.3500
143436.4690, 6394370.0607, 37.4392, 532.9441, 114.9965
143436.4690, 6394370.0607, 37.4392, 532.9441, 114.9965
143430.7169, 6394371.9902, 37.4399, 6.4820, 117.7831
143436.0831, 6394370.5522, 37.4769, 489.5804, 117.9045
143436.0831, 6394370.5522, 37.4769, 489.5804, 117.9045
143440.9138, 6394391.9703, 35.1367, 437.1989, 367.9530
143435.9777, 6394386.9646, 35.3947, 279.9678, 350.9170
143440.6796, 6394371.6399, 34.3583, 787.1247, 375.9544
143440.3773, 6394370.6112, 34.2659, 804.0529, 380.9658
143449.8834, 6394376.9690, 39.4978, 1065.5934, 118.8246
143464.5871, 6394402.1410, 47.0513, 947.5554, 70.8438
143449.8834, 6394376.9690, 39.4978, 1065.5934, 118.8246
143444.4186, 6394408.9857, 34.9580, 414.9142, 386.1727
143440.0501, 6394370.0995, 34.1961, 801.2396, 385.6770
143436.9235, 6394389.4700, 35.3152, 303.8806, 358.5290
143459.0048, 6394392.1647, 44.4367, 983.0130, 71.1606
143440.3746, 6394370.6138, 34.5043, 803.5386, 363.0813
143457.9502, 6394392.6325, 42.8968, 947.0292, 120.9455
143434.7322, 6394373.5095, 37.8071, 330.8448, 129.6593
143431.0957, 6394373.0081, 37.4612, 42.0695, 133.9101
143433.3476, 6394374.5347, 37.7630, 217.0177, 141.0480
143442.9887, 6394399.9791, 34.7364, 437.6142, 387.6555
143433.3476, 6394374.5347, 37.7630, 217.0177, 141.0480
143455.7976, 6394383.5102, 42.2888, 1084.2037, 71.4090
143432.4646, 6394375.5365, 37.7915, 145.1425, 148.3119
143439.0482, 6394394.9760, 35.0892, 347.1340, 373.5550
143432.4646, 6394375.5365, 37.7915, 145.1425, 148.3119
143440.1944, 6394370.6054, 34.1680, 792.2817, 388.4810
143432.5279, 6394375.5329, 37.7925, 149.8265, 148.4191
143432.5279, 6394375.5329, 37.7925, 149.8265, 148.4191
143455.7976, 6394383.5102, 42.2888, 1084.2037, 71.4090
143436.9254, 6394389.4659, 34.5829, 304.9248, 388.4110
143436.3825, 6394381.5259, 34.2436, 345.9102, 398.2558
143444.9356, 6394401.4919, 34.7406, 481.7232, 387.7008
143436.7956, 6394381.4860, 34.1089, 367.8343, 404.8443
143457.1987, 6394392.6273, 41.7167, 927.5358, 157.1077
143439.9527, 6394368.4311, 36.4042, 860.5109, 194.6393
143439.9527, 6394368.4311, 36.4042, 860.5109, 194.6393
143459.0549, 6394391.5539, 44.1093, 996.1411, 77.4630
143455.5838, 6394383.0223, 41.9669, 1090.4027, 79.4280
143441.4479, 6394378.4511, 37.8421, 645.5543, 197.6707
143442.8938, 6394399.9921, 34.5686, 434.8343, 392.8042
143440.1402, 6394378.9538, 37.8603, 570.0161, 197.8727
143444.1112, 6394399.4584, 34.1395, 475.3991, 405.0538
143458.7817, 6394391.5631, 43.7803, 988.8332, 87.5223
143442.8938, 6394399.9921, 34.5686, 434.8343, 392.8042
143440.1895, 6394378.9813, 37.8644, 572.0117, 197.9626
143450.1976, 6394376.8516, 39.8108, 1082.2753, 102.6231
143440.2695, 6394380.9623, 34.2188, 546.1262, 396.0868
143440.6739, 6394378.5084, 37.7991, 605.6078, 198.8758
143449.8947, 6394377.0330, 39.7763, 1063.8710, 105.2830
143444.1112, 6394399.4584, 34.1395, 475.3991, 405.0538
143440.6739, 6394378.5084, 37.7991, 605.6078, 198.8758
143439.7793, 6394369.6307, 33.9186, 800.7598, 407.2477
143439.6523, 6394369.1079, 33.9051, 812.4777, 408.2170
143448.8733, 6394373.0989, 38.9157, 1167.0037, 105.9633
143435.9165, 6394370.5290, 37.5191, 476.6681, 113.1472
143435.8651, 6394370.0666, 37.4141, 483.6565, 114.1695
143448.4439, 6394376.6536, 37.7958, 1016.2623, 200.5590
143448.6892, 6394373.1242, 38.7473, 1157.4796, 115.5881
143435.1101, 6394371.5137, 37.5977, 391.6157, 118.4427
143430.7737, 6394371.9979, 37.4017, 12.0052, 121.5433
143443.3781, 6394399.5100, 34.3567, 453.1579, 398.8206
143434.6364, 6394372.0570, 37.6132, 344.8730, 123.3146
143434.6963, 6394371.5635, 37.4877, 357.7819, 126.2640
143448.4439, 6394376.6536, 37.7958, 1016.2623, 200.5590
143442.9480, 6394397.9336, 33.5532, 453.7059, 423.7918
143449.6035, 6394376.5344, 39.1938, 1068.7037, 129.4570
143440.9240, 6394372.0833, 33.6860, 788.0634, 423.2043
143434.9299, 6394373.5369, 37.8063, 345.0312, 130.9028
143439.0958, 6394379.4811, 37.7541, 507.6686, 205.5458
143441.6295, 6394384.4877, 33.1790, 553.8295, 443.4236
143437.1265, 6394379.0625, 37.5542, 408.9894, 209.6653
143443.4762, 6394397.9593, 34.3376, 469.0096, 398.7377
143440.3399, 6394371.1029, 33.8941, 784.4313, 409.1212
143441.6295, 6394384.4877, 33.1790, 553.8295, 443.4236
143437.1958, 6394379.0457, 37.5563, 413.0402, 209.5547
143437.3004, 6394375.0210, 32.7700, 490.1799, 487.3132
143437.4560, 6394375.0164, 32.7605, 499.9714, 487.5492
143436.3051, 6394367.9087, 32.8337, 592.3403, 514.5819
143437.6544, 6394367.4759, 32.5950, 725.5007, 533.4910
143436.7157, 6394380.0027, 37.6623, 374.6737, 209.8610
143440.3874, 6394370.6076, 34.7159, 804.3952, 347.1548
143463.4369, 6394403.5037, 44.8690, 904.3623, 131.2097
143437.5234, 6394379.0337, 37.5474, 431.2145, 210.6018
143439.0835, 6394379.4865, 37.6319, 507.1109, 212.1830
143435.9588, 6394367.9958, 32.5216, 559.3515, 545.0934
143437.3137, 6394380.0016, 37.6350, 406.9189, 212.4671
143457.7649, 6394392.5545, 42.5522, 943.6479, 131.0826
143435.5414, 6394380.5226, 37.5518, 305.1494, 217.5379
143449.1104, 6394375.6595, 38.9306, 1078.2615, 133.4638
143444.8711, 6394400.4594, 33.9538, 489.0689, 410.4300
143436.4697, 6394376.4472, 33.8893, 413.2597, 415.9923
143432.4768, 6394376.9708, 36.9218, 142.0292, 222.3753
143433.0690, 6394378.4703, 36.8694, 174.6000, 238.3381
143440.6851, 6394371.6291, 34.7351, 787.4575, 349.1010
143446.0341, 6394387.0554, 33.6469, 683.9279, 418.7037
143457.7249, 6394392.1468, 42.3742, 950.1104, 134.3151
143446.0341, 6394387.0554, 33.6469, 683.9279, 418.7037
143439.5318, 6394373.4654, 32.6594, 663.1080, 493.3698
143436.0552, 6394369.5774, 32.9345, 521.1431, 498.0442
143436.1026, 6394370.0878, 32.8110, 512.0550, 506.0276
143436.2196, 6394371.4865, 32.7043, 488.2242, 507.8024
143436.3528, 6394371.4927, 32.6976, 498.0508, 507.8276
143435.2844, 6394384.9668, 37.2556, 258.0032, 258.5603
143435.7186, 6394371.0248, 32.7260, 459.9646, 509.9898
143436.1033, 6394370.5187, 32.7061, 501.6891, 512.6147
143438.0775, 6394368.1173, 32.6630, 734.3048, 521.2490
143437.5592, 6394368.5145, 32.6291, 677.5973, 524.1475
143435.3507, 6394368.0096, 32.5324, 503.6459, 547.1480
143435.3507, 6394368.0096, 32.5324, 503.6459, 547.1480
143436.8783, 6394367.5080, 32.4898, 657.6799, 547.0834
143436.8783, 6394367.5080, 32.4898, 657.6799, 547.0834
143435.6674, 6394368.0078, 32.5042, 532.7436, 548.1691
143435.6674, 6394368.0078, 32.5042, 532.7436, 548.1691
143435.0539, 6394368.0267, 32.5321, 475.5906, 548.6279
143437.6209, 6394367.0320, 32.2816, 741.8398, 566.8738
143439.1340, 6394367.1665, 34.4946, 858.5763, 353.1783
143435.6417, 6394385.9805, 37.3653, 268.2108, 258.6554
143457.7249, 6394392.1468, 42.3742, 950.1104, 134.3151
143435.7310, 6394385.9636, 37.3235, 272.5555, 260.5877
143463.3717, 6394403.9937, 44.6884, 896.3594, 137.8513
143431.2353, 6394373.5152, 37.4311, 54.1563, 144.2626
143459.1690, 6394388.0579, 45.1721, 1072.4666, 14.5639
143450.5801, 6394378.5978, 39.3107, 1041.5281, 144.7397
143455.8855, 6394383.4830, 42.4080, 1087.6777, 66.6804
143435.7310, 6394385.9636, 37.3235, 272.5555, 260.5877
143456.3680, 6394384.9686, 42.5902, 1064.6831, 73.7460
143457.5030, 6394391.6051, 41.9132, 954.3867, 145.6834
143442.3441, 6394388.4905, 37.6987, 524.6013, 261.3858
143449.9091, 6394376.9548, 40.0191, 1067.0059, 92.1065
143449.2011, 6394376.0331, 38.7286, 1069.0773, 148.0545
143431.3583, 6394374.0062, 37.4639, 64.0238, 148.8874
143431.3583, 6394374.0062, 37.4639, 64.0238, 148.8874
143436.2071, 6394387.4696, 37.3559, 284.0435, 266.2935
143431.4725, 6394374.0042, 37.4585, 73.4702, 149.7269
143457.8249, 6394392.4864, 42.4819, 946.4957, 133.0236
143454.3489, 6394383.6185, 40.5893, 1035.3794, 136.4788
143457.3102, 6394392.9692, 41.7733, 924.3935, 157.2933
143436.2071, 6394387.4696, 37.3559, 284.0435, 266.2935
143448.6820, 6394374.6686, 38.4715, 1095.7893, 147.7761
143444.2529, 6394392.5050, 37.9929, 544.8046, 266.7362
143457.3102, 6394392.9692, 41.7733, 924.3935, 157.2933
143443.0881, 6394397.4277, 35.3298, 460.8296, 366.9879
143439.6397, 6394369.1224, 34.4058, 810.4343, 367.1407
143456.5954, 6394390.1335, 41.2832, 957.9127, 156.6915
143449.2613, 6394377.0348, 38.6776, 1038.0153, 159.7001
143436.5932, 6394373.9722, 37.5987, 455.4108, 157.5466
143438.9164, 6394390.0156, 37.6357, 377.0401, 267.1680
143449.2613, 6394377.0348, 38.6776, 1038.0153, 159.7001
143449.0865, 6394377.0937, 38.5249, 1028.8920, 167.6034
143448.9977, 6394376.5588, 38.5309, 1042.6689, 162.5938
143446.3203, 6394397.4768, 37.9060, 556.0574, 285.9016
143435.9795, 6394367.9903, 35.1729, 555.7120, 292.5630
143448.6541, 6394376.1760, 38.1795, 1040.9636, 177.0818
143436.7431, 6394374.9985, 37.6500, 446.9895, 166.0541
143443.3887, 6394398.4507, 35.2492, 461.4466, 370.5088
143448.8051, 6394376.6391, 38.4381, 1031.9004, 167.6558
143456.0460, 6394391.0661, 40.2392, 925.1013, 195.5520
143447.2276, 6394397.4915, 37.7053, 582.5462, 292.5764
143438.5437, 6394379.0733, 37.8200, 485.1777, 197.7219
143443.3887, 6394398.4507, 35.2492, 461.4466, 370.5088
143439.5055, 6394368.1444, 34.3107, 842.1652, 372.6537
143457.0232, 6394392.4904, 41.2326, 925.4402, 171.5576
143438.8615, 6394379.4987, 37.6645, 495.4018, 210.0916
143448.9190, 6394377.1480, 38.4282, 1020.2054, 172.6134
143438.8615, 6394379.4987, 37.6645, 495.4018, 210.0916
143431.5700, 6394374.4985, 36.1427, 84.4807, 255.3654
143439.1966, 6394367.0245, 35.4750, 869.5378, 260.5760
143439.2025, 6394367.6152, 35.4629, 841.6573, 267.1397
143448.9190, 6394377.1480, 38.4282, 1020.2054, 172.6134
143440.1640, 6394368.3693, 36.6277, 878.5683, 175.4244
143447.7182, 6394377.4903, 36.5712, 959.6382, 267.9849
143439.2551, 6394366.5501, 35.3124, 898.7961, 271.7683
143439.1054, 6394366.5920, 35.2663, 884.3190, 276.3535
143439.5567, 6394366.4008, 35.2432, 931.5638, 277.6376
143432.2055, 6394376.4962, 37.4562, 123.3968, 181.4972
143440.1362, 6394368.4018, 36.5475, 875.1296, 182.6197
143440.1362, 6394368.4018, 36.5475, 875.1296, 182.6197
143431.5411, 6394373.9960, 35.6932, 84.4462, 285.7399
143439.3862, 6394395.9552, 37.2390, 349.9723, 300.9237
143431.5411, 6394373.9960, 35.6932, 84.4462, 285.7399
143448.8034, 6394377.0030, 38.1535, 1020.0916, 185.3373
143433.3184, 6394379.4996, 35.5905, 187.5126, 320.8186
143433.8156, 6394371.4628, 35.0900, 292.7783, 320.5216
143433.5878, 6394370.9877, 34.9683, 279.8817, 328.2538
143439.1236, 6394366.5885, 34.7001, 886.5861, 331.0346
143440.3241, 6394370.6396, 34.3317, 799.4468, 376.1261
143435.9453, 6394386.9683, 34.6829, 279.5055, 382.3834
143456.3418, 6394392.6161, 40.7449, 905.0374, 186.8235
143440.1046, 6394368.4321, 36.4880, 871.5122, 187.9910
143443.8313, 6394403.9922, 37.8603, 429.8736, 301.8615
143448.2797, 6394375.5729, 37.8737, 1045.4456, 187.7837
143432.4896, 6394377.0133, 37.3930, 141.5896, 191.6498
143443.4336, 6394406.4497, 35.0234, 405.0967, 383.2966
143439.3083, 6394368.1285, 34.0444, 828.2269, 396.0199
143437.6030, 6394368.0312, 32.6167, 699.1474, 528.0477
143436.9838, 6394367.4926, 32.4547, 667.5499, 549.9817
143436.9838, 6394367.4926, 32.4547, 667.5499, 549.9817
143435.1690, 6394368.0158, 32.4563, 486.8117, 555.3849
143454.1127, 6394386.1136, 39.5117, 969.0193, 193.5471
143443.8313, 6394403.9922, 37.8603, 429.8736, 301.8615
143435.7992, 6394368.0274, 34.8515, 538.9188, 323.5526
143435.7992, 6394368.0274, 34.8515, 538.9188, 323.5526
143448.2092, 6394375.5661, 37.6958, 1042.6262, 197.2667
143437.8970, 6394378.5033, 37.6469, 459.2527, 201.6165
143437.2448, 6394379.0241, 37.6263, 415.9216, 205.5255
143448.0014, 6394374.5611, 37.3855, 1069.4576, 206.3294
143433.0864, 6394379.0103, 37.4361, 171.7619, 207.9731
143444.2898, 6394400.9619, 35.1215, 467.4577, 376.3791
143437.3125, 6394379.0131, 37.5840, 419.8680, 207.9655
143437.3125, 6394379.0131, 37.5840, 419.8680, 207.9655
143447.1049, 6394405.9273, 35.2058, 503.7457, 377.0275
143448.0818, 6394375.9930, 37.4633, 1022.5290, 212.7581
143444.3749, 6394408.4490, 37.0952, 415.5882, 330.5665
143440.3142, 6394370.6472, 34.8702, 797.9600, 335.6957
143448.0818, 6394375.9930, 37.4633, 1022.5290, 212.7581
143445.0416, 6394401.4578, 34.8905, 484.8636, 383.2821
143447.9254, 6394375.5780, 37.2797, 1029.7876, 219.5057
143439.0632, 6394366.5619, 35.8051, 881.8309, 223.6108
143438.9263, 6394367.1331, 35.7643, 841.9972, 233.8096
143452.1208, 6394385.0540, 38.2705, 929.1165, 233.3227
143452.1208, 6394385.0540, 38.2705, 929.1165, 233.3227
143452.1208, 6394385.0540, 38.2705, 929.1165, 233.3227
143447.6117, 6394376.0688, 36.7731, 999.5565, 249.6240
143442.6803, 6394404.4622, 36.4731, 396.0840, 341.5747
143442.1603, 6394388.4742, 37.9475, 517.6111, 251.2387
143445.2135, 6394401.4432, 34.8092, 489.8507, 385.5753
143439.0890, 6394386.9518, 35.4071, 414.9941, 349.9716
143439.6908, 6394388.4441, 35.3617, 424.6201, 354.4502
143435.2513, 6394384.9682, 37.3581, 256.2273, 253.6481
143439.5894, 6394381.0776, 30.3729, 516.4576, 588.9869
143439.5865, 6394369.1438, 34.1346, 806.0363, 389.5133
143435.2513, 6394384.9682, 37.3581, 256.2273, 253.6481
143439.3454, 6394366.5328, 35.4694, 906.9688, 256.5939
143442.7376, 6394388.4835, 37.7404, 539.4413, 260.0287
143442.4893, 6394388.4907, 37.7245, 530.0482, 260.4832
143442.8159, 6394388.4877, 37.6449, 542.4039, 263.8943
143442.8159, 6394388.4877, 37.6449, 542.4039, 263.8943
143443.3983, 6394399.9734, 34.5614, 449.9029, 392.7945
143444.2813, 6394392.9796, 37.9752, 540.4242, 268.9998
143439.3315, 6394367.6378, 35.4373, 850.7253, 269.8753
143440.0474, 6394389.4450, 35.3519, 428.7612, 356.4236
143434.8820, 6394383.4637, 36.8335, 248.4417, 271.5415
143440.1679, 6394370.6126, 33.9432, 790.5026, 405.4315
143445.9128, 6394387.1159, 33.7547, 678.5334, 414.5712
143434.4915, 6394368.9595, 37.7947, 387.1922, 49.5025
143434.6836, 6394369.0425, 37.5405, 403.9286, 76.7960
143434.8820, 6394383.4637, 36.8335, 248.4417, 271.5415
143449.6919, 6394377.1670, 39.8712, 1051.1495, 101.1717
143440.5277, 6394371.1210, 34.5502, 795.2348, 360.9906
143440.8892, 6394372.1042, 34.5180, 784.4206, 365.6260
143440.8892, 6394372.1042, 34.5180, 784.4206, 365.6260
143449.6919, 6394377.1670, 39.8712, 1051.1495, 101.1717
143447.4732, 6394406.4155, 33.6984, 510.1562, 416.6805
143436.7627, 6394388.9631, 37.3410, 297.9810, 273.4641
143459.2234, 6394389.1158, 45.7574, 1050.4294, 4.0719
143457.2506, 6394393.9732, 41.8027, 905.4047, 161.4832
143445.0029, 6394396.0666, 33.5044, 534.0651, 424.0646
143442.6299, 6394378.0949, 33.5194, 715.2607, 429.1935
143435.4416, 6394384.9641, 36.7996, 266.3393, 280.3570
143439.7299, 6394369.0714, 35.3826, 817.9415, 286.3528
143440.9890, 6394375.0020, 33.5327, 706.3420, 432.0059
143439.7299, 6394369.0714, 35.3826, 817.9415, 286.3528
143440.8759, 6394372.1171, 33.5406, 784.1563, 433.3100
143439.4487, 6394370.5557, 33.4908, 744.5935, 440.9299
143439.3687, 6394370.5406, 33.4884, 739.6371, 441.2969
143456.8188, 6394392.5145, 41.0998, 919.5690, 175.6308
143438.2906, 6394368.6120, 32.9526, 731.4414, 492.5603
143438.2953, 6394368.6034, 32.9079, 732.1985, 496.4402
143438.1727, 6394368.0965, 32.9093, 742.4130, 499.0284
143438.1727, 6394368.0965, 32.9093, 742.4130, 499.0284
143438.1544, 6394372.0409, 32.6900, 612.4349, 500.2169
143438.1544, 6394372.0409, 32.6900, 612.4349, 500.2169
143446.3162, 6394397.4882, 37.7918, 555.8992, 289.5038
143448.9198, 6394377.5436, 38.2500, 1007.8337, 184.7763
143437.6188, 6394377.4434, 37.7158, 459.9025, 188.1080
143446.3162, 6394397.4882, 37.7918, 555.8992, 289.5038
143453.9091, 6394387.0886, 39.1578, 941.7307, 211.4523
143459.2846, 6394389.0992, 45.6616, 1052.4670, 7.3576
143453.9091, 6394387.0886, 39.1578, 941.7307, 211.4523
143431.1716, 6394373.4943, 36.2125, 52.6426, 240.7709
143448.3723, 6394378.8905, 36.4052, 946.3399, 283.2059
143459.2623, 6394389.1529, 45.5511, 1050.7173, 11.5156
143448.3723, 6394378.8905, 36.4052, 946.3399, 283.2059
143439.1448, 6394371.5437, 32.6490, 693.1302, 502.0106
143437.9150, 6394371.5374, 32.6951, 609.5323, 502.5793
143438.7876, 6394371.5277, 32.6570, 669.7015, 502.6272
143433.3249, 6394379.4808, 36.0792, 186.9905, 292.0888
143436.0436, 6394367.9761, 35.0809, 562.1479, 301.3586
143435.7179, 6394368.5611, 32.9147, 520.2499, 505.9509
143436.0436, 6394367.9761, 35.0809, 562.1479, 301.3586
143459.0595, 6394388.6370, 45.0815, 1056.5199, 22.4582
143438.3053, 6394371.0133, 32.6546, 651.8431, 506.5127
143438.3053, 6394371.0133, 32.6546, 651.8431, 506.5127
143435.7907, 6394371.5037, 32.7208, 455.4191, 507.9422
143431.5220, 6394374.4960, 35.0946, 83.7290, 333.6057
143437.6379, 6394370.9738, 32.6663, 605.4787, 508.0849
143438.6331, 6394370.5356, 32.6404, 689.7310, 508.5681
143436.1178, 6394370.5195, 32.7111, 502.7993, 512.1475
143438.4509, 6394369.9821, 32.6155, 694.8999, 513.7665
143437.9800, 6394367.5953, 32.7458, 747.5097, 517.2365
143437.9789, 6394367.5958, 32.7455, 747.4030, 517.2650
143438.1196, 6394368.0995, 32.6892, 738.3475, 518.8433
143437.0025, 6394369.4979, 32.6429, 600.4904, 519.6591
143437.0025, 6394369.4979, 32.6429, 600.4904, 519.6591
143436.2944, 6394367.9036, 32.7211, 591.7917, 525.2713
143458.9244, 6394387.6084, 44.7976, 1075.9830, 22.9379
143438.2502, 6394392.9639, 37.2651, 329.6905, 291.1137
143439.1493, 6394366.5741, 34.5150, 889.6406, 348.7940
143434.8431, 6394368.4889, 32.5263, 444.1880, 546.6423
143434.8037, 6394368.4943, 32.5181, 440.4377, 547.5724
143436.3971, 6394367.5196, 32.5089, 614.5575, 547.7271
143436.3971, 6394367.5196, 32.5089, 614.5575, 547.7271
143434.7254, 6394368.4974, 32.5086, 433.1372, 548.8604
143434.7254, 6394368.4974, 32.5086, 433.1372, 548.8604
143436.1958, 6394367.5344, 32.4963, 595.9164, 549.9020
143434.6158, 6394368.5002, 32.4943, 422.9161, 550.7715
143434.6158, 6394368.5002, 32.4943, 422.9161, 550.7715
143436.2183, 6394367.9737, 32.4495, 583.2919, 550.6878
143436.2183, 6394367.9737, 32.4495, 583.2919, 550.6878
143434.5088, 6394368.4941, 32.4781, 413.0922, 552.9379
143434.5088, 6394368.4941, 32.4781, 413.0922, 552.9379
143436.2126, 6394367.9714, 32.4088, 582.9454, 554.5515
143434.2975, 6394368.5058, 32.4481, 392.9996, 556.8512
143434.2975, 6394368.5058, 32.4481, 392.9996, 556.8512
143434.2139, 6394368.5057, 32.4375, 385.0959, 558.3309
143434.1251, 6394368.5047, 32.4226, 376.6929, 560.2610
143434.1251, 6394368.5047, 32.4226, 376.6929, 560.2610
143432.7534, 6394377.9806, 34.9559, 160.8647, 354.3633
143460.3188, 6394391.6457, 45.8585, 1026.9041, 25.1884
143433.2815, 6394379.4825, 34.9272, 186.7369, 359.5705
143459.1616, 6394388.5820, 44.9969, 1060.5486, 25.1820
143439.7225, 6394396.9552, 35.3442, 356.4984, 366.7929
143447.2189, 6394405.9231, 34.6253, 507.0362, 392.3369
143438.2502, 6394392.9639, 37.2651, 329.6905, 291.1137
143439.1604, 6394367.1533, 35.1515, 860.6264, 291.9494
143439.3386, 6394367.6420, 35.1513, 851.3900, 295.7655
143439.7225, 6394396.9552, 35.3442, 356.4984, 366.7929
143438.2677, 6394368.9956, 32.6169, 715.7957, 519.4667
143437.1909, 6394367.4981, 32.5247, 685.1725, 542.2292
143460.3521, 6394391.6618, 45.7228, 1027.4673, 29.7309
143447.2189, 6394405.9231, 34.6253, 507.0362, 392.3369
143440.0028, 6394381.0518, 34.1645, 532.0901, 399.0739
143458.5891, 6394387.8567, 44.4727, 1060.9878, 35.5308
143440.0028, 6394381.0518, 34.1645, 532.0901, 399.0739
143440.1208, 6394397.9618, 37.2218, 361.0428, 306.6903
143458.7891, 6394387.5988, 44.5916, 1072.4470, 29.7023
143459.8244, 6394390.5048, 45.0476, 1037.2719, 41.0679
143431.1811, 6394372.9989, 36.6080, 52.3719, 203.9533
143439.1526, 6394366.9842, 35.8657, 867.5699, 223.1350
143431.1611, 6394373.4923, 36.2315, 51.6807, 239.2213
143452.6912, 6394404.6120, 34.2487, 653.5050, 399.5466
143460.0923, 6394392.0401, 45.7731, 1013.3210, 30.4278
143438.3364, 6394392.9751, 36.6683, 333.4850, 313.2978
143440.3803, 6394370.6053, 35.1373, 803.5826, 315.4118
143440.3803, 6394370.6053, 35.1373, 803.5826, 315.4118
143436.1367, 6394367.9561, 34.8897, 571.5651, 319.6213
143459.2409, 6394389.1286, 44.9284, 1050.7594, 32.3580
143452.6912, 6394404.6120, 34.2487, 653.5050, 399.5466
143456.8722, 6394385.1486, 43.3021, 1075.3938, 49.6713
143433.5823, 6394379.9861, 35.7845, 200.2803, 311.5343
143451.3307, 6394401.0996, 34.2272, 657.0375, 399.5225
143433.8462, 6394380.9945, 35.6283, 210.0901, 324.0671
143456.8722, 6394385.1486, 43.3021, 1075.3938, 49.6713
143433.5823, 6394379.9861, 35.7845, 200.2803, 311.5343
143431.0874, 6394373.4967, 35.1680, 48.8119, 323.4174
143434.1315, 6394373.5146, 34.8931, 292.7299, 344.8694
143434.1315, 6394373.5146, 34.8931, 292.7299, 344.8694
143433.8462, 6394380.9945, 35.6283, 210.0901, 324.0671
143439.5468, 6394368.1182, 34.8567, 845.8703, 324.9947
143448.1996, 6394393.1043, 34.0525, 666.4141, 403.6723
143434.0078, 6394380.9767, 34.9037, 220.7374, 363.7763
143458.4458, 6394389.0665, 44.2741, 1030.4452, 51.9841
143442.8583, 6394401.0374, 35.2390, 425.4422, 373.3532
143445.8631, 6394396.5100, 34.0567, 555.1959, 405.8723
143459.6259, 6394392.4655, 44.9800, 993.2925, 57.5384
143442.8583, 6394401.0374, 35.2390, 425.4422, 373.3532
143437.2715, 6394378.9518, 33.9593, 423.9884, 411.4500
143445.4712, 6394395.4831, 33.9173, 554.2236, 410.3512
143459.3598, 6394392.0529, 44.7356, 994.3354, 61.6698
143446.0458, 6394387.0499, 33.5496, 684.5012, 422.5154
143444.2029, 6394382.6216, 33.5859, 691.0547, 423.1557
143443.3035, 6394398.4724, 33.6382, 459.9890, 420.8428
143458.0382, 6394389.0686, 43.9170, 1019.1925, 63.1692
143444.2029, 6394382.6216, 33.5859, 691.0547, 423.1557
143436.1725, 6394367.9393, 32.5432, 580.1674, 542.3802
143436.1725, 6394367.9393, 32.5432, 580.1674, 542.3802
143436.2824, 6394367.5340, 32.5129, 603.7305, 547.8351
143436.3654, 6394367.5111, 32.2889, 612.4521, 569.1139
143457.8939, 6394388.4548, 43.7277, 1028.3706, 64.5540
143451.4759, 6394405.1096, 33.2593, 619.9669, 425.8907
143459.1879, 6394391.5024, 44.4816, 1000.5671, 65.4164
143439.6742, 6394369.0985, 34.8583, 813.3899, 329.7847
143451.4759, 6394405.1096, 33.2593, 619.9669, 425.8907
143440.8744, 6394372.1088, 33.6466, 784.2310, 425.9936
143456.4976, 6394385.0341, 42.8310, 1066.9677, 65.4858
143441.6347, 6394376.4405, 33.5490, 704.6957, 429.4728
143441.6347, 6394376.4405, 33.5490, 704.6957, 429.4728
143440.8593, 6394374.4896, 33.5374, 712.6432, 432.1758
143455.8129, 6394383.0581, 42.3247, 1096.7009, 65.9938
143440.8593, 6394374.4896, 33.5374, 712.6432, 432.1758
143439.9173, 6394372.0229, 33.5054, 727.5001, 437.5495
143439.2140, 6394370.0245, 33.4708, 746.9312, 443.5912
143439.2140, 6394370.0245, 33.4708, 746.9312, 443.5912
143437.7650, 6394373.9888, 33.0293, 539.7290, 471.7431
143437.3620, 6394372.5366, 33.0318, 545.5253, 476.1505
143437.7577, 6394375.4947, 32.7498, 509.4153, 486.1366
143440.0075, 6394374.5378, 32.6909, 663.6400, 486.9163
143438.3531, 6394368.5843, 32.9871, 737.3181, 489.4762
143439.8887, 6394373.9658, 32.6681, 671.3806, 490.3083
143459.0871, 6394391.5562, 44.4010, 996.8815, 68.1658
143439.6903, 6394373.1247, 32.7104, 681.9766, 490.6046
143439.5289, 6394373.9679, 32.6707, 649.8782, 491.0753
143436.0983, 6394368.4791, 32.9708, 555.8080, 499.6813
143435.9490, 6394368.4882, 32.9504, 542.5712, 502.0949
143435.6915, 6394368.5709, 32.9464, 517.5723, 503.0919
143435.6915, 6394368.5709, 32.9464, 517.5723, 503.0919
143435.7349, 6394368.5577, 32.9478, 521.7739, 502.8546
143435.7349, 6394368.5577, 32.9478, 521.7739, 502.8546
143438.9626, 6394371.0565, 32.6443, 695.9844, 504.9112
143435.7544, 6394368.5501, 32.9208, 523.7604, 505.2934
143435.6660, 6394368.0455, 32.9267, 530.5543, 507.7770
143435.6593, 6394371.0193, 32.7195, 455.4586, 510.7573
143435.5737, 6394370.4996, 32.7054, 459.9836, 514.7905
143437.9482, 6394369.9712, 32.6188, 658.2927, 515.4456
143435.4382, 6394370.0166, 32.7055, 459.7794, 517.8704
143435.4382, 6394370.0166, 32.7055, 459.7794, 517.8704
143435.7097, 6394368.0244, 32.8208, 535.3852, 517.7742
143435.7097, 6394368.0244, 32.8208, 535.3852, 517.7742
143436.9509, 6394369.4877, 32.6399, 596.7162, 520.1803
143437.5315, 6394368.9986, 32.6270, 658.4346, 521.6219
143436.8272, 6394369.0123, 32.6483, 601.3705, 522.6733
143437.5289, 6394367.9928, 32.6104, 694.5011, 529.2028
143439.8310, 6394368.5824, 32.4526, 848.9076, 529.1236
143434.6787, 6394368.4928, 32.5046, 428.9229, 549.5190
143434.6787, 6394368.4928, 32.5046, 428.9229, 549.5190
143434.8351, 6394368.4881, 32.4963, 443.5461, 549.5113
143436.4151, 6394367.5399, 32.4739, 615.5230, 550.8190
143456.3355, 6394385.0031, 42.5610, 1062.8442, 75.0622
143456.3355, 6394385.0031, 42.5610, 1062.8442, 75.0622
143439.1320, 6394386.9461, 35.2962, 416.9802, 354.6869
143455.8225, 6394384.0169, 42.3131, 1071.8361, 74.9181
143439.3655, 6394387.4436, 35.2587, 421.6339, 357.0828
143439.3655, 6394387.4436, 35.2587, 421.6339, 357.0828
143439.5707, 6394368.1067, 34.3740, 848.6913, 367.0074
143458.9430, 6394391.6199, 44.1695, 991.9014, 75.7393
143458.8121, 6394392.1070, 44.0888, 979.1452, 81.4118
143458.9204, 6394392.4538, 44.1495, 975.4283, 82.0821
143442.2903, 6394395.4506, 35.1697, 452.7661, 370.3362
143458.9218, 6394391.9464, 44.0126, 985.0965, 82.9842
143458.9218, 6394391.9464, 44.0126, 985.0965, 82.9842
143443.6922, 6394399.4735, 35.1493, 462.1364, 374.4620
143440.3770, 6394370.6115, 34.2611, 804.0317, 381.3313
143458.9218, 6394391.9464, 44.0126, 985.0965, 82.9842
143450.0607, 6394377.0449, 40.2224, 1070.1471, 83.2085
143450.1129, 6394377.0008, 40.2275, 1073.7402, 82.6477
143444.0461, 6394407.9439, 34.7490, 411.9939, 391.1724
143439.3796, 6394368.9894, 37.5019, 793.3132, 106.7323
143439.3796, 6394368.9894, 37.5019, 793.3132, 106.7323
143439.4526, 6394368.6133, 37.4343, 814.3913, 106.4952
143439.2351, 6394369.0104, 37.4962, 781.7586, 106.8110
143439.2351, 6394369.0104, 37.4962, 781.7586, 106.8110
143438.9563, 6394369.0075, 37.4720, 761.0320, 107.3679
143438.9563, 6394369.0075, 37.4720, 761.0320, 107.3679
143438.2287, 6394369.4751, 37.5024, 688.5944, 108.8760
143438.2287, 6394369.4751, 37.5024, 688.5944, 108.8760
143438.0573, 6394369.5050, 37.4903, 674.4686, 109.5188
143438.1152, 6394369.4992, 37.4937, 679.1057, 109.4290
143448.7479, 6394373.0606, 38.7887, 1162.8660, 112.6018
143448.7479, 6394373.0606, 38.7887, 1162.8660, 112.6018
143444.0461, 6394407.9439, 34.7490, 411.9939, 391.1724
143439.9668, 6394370.1291, 34.0542, 794.6124, 396.7929
143449.8850, 6394377.0732, 39.5098, 1062.2025, 119.2333
143436.3376, 6394372.0687, 37.7466, 474.6001, 120.6880
143430.8586, 6394372.5121, 37.4495, 20.5057, 126.1696
143434.8052, 6394373.5252, 37.8166, 336.0012, 129.4678
143430.9468, 6394372.5200, 37.4049, 28.7013, 130.4812
143448.1177, 6394372.1658, 38.2367, 1172.1477, 133.7023
143431.0311, 6394373.0104, 37.4504, 36.4103, 134.5436
143433.7171, 6394374.0401, 37.7466, 249.0972, 137.2143
143433.7171, 6394374.0401, 37.7466, 249.0972, 137.2143
143457.6728, 6394391.9971, 42.1866, 951.5424, 139.3772
143446.0115, 6394393.4432, 33.7073, 594.2906, 416.7248
143457.6728, 6394391.9971, 42.1866, 951.5424, 139.3772
143431.1707, 6394373.0222, 37.3748, 48.9341, 141.5264
143432.7489, 6394375.0451, 37.7550, 168.8539, 145.8660
143432.6291, 6394375.5233, 37.8051, 157.2866, 147.7785
143432.6291, 6394375.5233, 37.8051, 157.2866, 147.7785
143432.3559, 6394375.5411, 37.7670, 137.1507, 149.7094
143431.4113, 6394374.0099, 37.4348, 68.4938, 151.4020
143449.0410, 6394410.4273, 33.5535, 517.4712, 419.5575
143448.8214, 6394375.6618, 38.5435, 1065.8000, 153.5487
143431.4807, 6394374.0140, 37.3980, 74.3167, 154.5652
143445.9546, 6394387.0903, 33.6022, 680.5505, 420.5231
143438.7164, 6394368.5488, 33.4439, 766.1229, 449.1078
143436.2806, 6394370.0421, 32.9606, 527.1741, 493.0798
143436.2806, 6394370.0421, 32.9606, 527.1741, 493.0798
143439.3446, 6394371.9854, 32.6241, 692.9592, 501.4853
143437.9081, 6394371.5399, 32.6915, 608.9876, 502.8570
143449.0486, 6394376.6448, 38.6785, 1041.9192, 155.7670
143438.5457, 6394371.5371, 32.6604, 653.0403, 503.1180
143437.9962, 6394371.5047, 32.6780, 616.1107, 503.7212
143436.1017, 6394370.0883, 32.8133, 511.9632, 505.8351
143436.1017, 6394370.0883, 32.8133, 511.9632, 505.8351
143438.3923, 6394370.5451, 32.6540, 672.3349, 508.3164
143459.7965, 6394391.6694, 45.0369, 1013.0754, 50.2821
143438.2062, 6394370.0587, 32.6432, 674.4727, 512.0900
143437.5614, 6394369.9846, 32.6293, 628.8703, 515.9995
143437.7357, 6394369.4695, 32.6232, 658.5518, 518.5096
143437.7357, 6394369.4695, 32.6232, 658.5518, 518.5096
143449.2446, 6394377.1256, 38.7122, 1034.3718, 158.6595
143440.1462, 6394369.5600, 32.4555, 830.5240, 522.1796
143437.1103, 6394367.5429, 32.6262, 676.3013, 532.7349
143434.3223, 6394368.4967, 32.4148, 395.6353, 559.9625
143434.0139, 6394368.4958, 32.4104, 366.2406, 562.1442
143434.2093, 6394368.5021, 32.3947, 384.8486, 562.4745
143434.1276, 6394368.5078, 32.3818, 376.9772, 564.1221
143434.0470, 6394368.5020, 32.3717, 369.4109, 565.6102
143433.8029, 6394368.4995, 32.3829, 345.8561, 565.9850
143433.8029, 6394368.4995, 32.3829, 345.8561, 565.9850
143433.6352, 6394368.9802, 32.2896, 321.4154, 571.4191
143433.6352, 6394368.9802, 32.2896, 321.4154, 571.4191
143433.5441, 6394368.9673, 32.2771, 312.9621, 573.2473
143457.6720, 6394393.5374, 42.3687, 923.7448, 142.2591
143457.6720, 6394393.5374, 42.3687, 923.7448, 142.2591
143462.7361, 6394404.1163, 43.6462, 881.5742, 163.5177
143448.2098, 6394375.0401, 37.6625, 1061.2681, 194.9814
143433.3451, 6394369.9707, 35.0872, 271.0850, 311.9753
143434.6500, 6394373.9615, 35.0803, 324.9270, 332.8978
143437.1148, 6394381.4846, 35.0365, 382.7875, 356.8406
143436.8257, 6394380.5227, 34.1783, 379.9878, 400.6487
143439.3266, 6394367.6481, 32.6941, 852.7961, 515.8578
143439.1989, 6394366.5520, 32.6549, 896.7087, 526.6776
143449.3270, 6394377.5503, 38.6534, 1024.2483, 165.3695
143449.7020, 6394376.1052, 39.5365, 1087.5306, 107.5243
143449.0647, 6394377.1047, 38.5535, 1027.6249, 166.1774
143454.8461, 6394387.5376, 39.9655, 960.4673, 185.5866
143447.4119, 6394373.6415, 36.9280, 1077.1973, 224.7186
143439.0726, 6394366.5832, 35.5546, 881.7640, 248.2498
143449.0647, 6394377.1047, 38.5535, 1027.6249, 166.1774
143440.1416, 6394368.3771, 36.6630, 876.5389, 172.4187
143433.0919, 6394378.9805, 36.3651, 174.5727, 272.2843
143439.3838, 6394366.5177, 35.2398, 911.1309, 278.7083
143432.8460, 6394369.4907, 35.2411, 229.0599, 293.9023
143439.4240, 6394366.4896, 34.6501, 916.4655, 335.3773
143440.8200, 6394372.1369, 34.6235, 778.9985, 358.4163
143448.7111, 6394376.6217, 38.2465, 1028.5427, 177.3072
143440.1422, 6394368.3952, 36.5629, 875.8537, 181.2372
143440.1422, 6394368.3952, 36.5629, 875.8537, 181.2372
143432.3078, 6394376.4851, 37.4035, 130.8695, 185.2535
143435.3810, 6394385.4773, 34.9768, 262.8484, 367.3988
143432.3078, 6394376.4851, 37.4035, 130.8695, 185.2535
143448.2653, 6394375.5145, 37.7381, 1046.8838, 194.6814
143437.6614, 6394391.4625, 34.7040, 320.5413, 384.9019
143435.7817, 6394367.9910, 32.5618, 543.4825, 542.2377
143448.2351, 6394376.1388, 37.7554, 1024.2369, 198.4738
143448.2351, 6394376.1388, 37.7554, 1024.2369, 198.4738
143440.5439, 6394378.9630, 37.8424, 590.2566, 199.7322
143440.5439, 6394378.9630, 37.8424, 590.2566, 199.7322
143439.6452, 6394378.9717, 37.7729, 544.4833, 201.7792
143439.6452, 6394378.9717, 37.7729, 544.4833, 201.7792
143455.8869, 6394391.0680, 40.0217, 920.7072, 202.5610
143437.1842, 6394378.0564, 37.5245, 426.0843, 203.6252
143437.2070, 6394378.5608, 37.5893, 420.1852, 203.9374
143432.9496, 6394378.5098, 37.4224, 165.5294, 204.3541
143448.0569, 6394376.1435, 37.5552, 1016.3844, 208.8584
143436.2838, 6394380.0331, 37.6302, 350.7997, 211.0397
143437.3019, 6394379.0447, 37.5162, 418.9603, 212.0166
143448.0080, 6394376.0488, 37.4658, 1017.4278, 212.8832
143447.8102, 6394374.6077, 37.2609, 1059.0767, 213.3601
143433.4327, 6394379.9771, 37.4290, 188.0713, 216.6251
143433.6205, 6394380.4732, 37.4328, 196.5057, 220.3951
143439.0188, 6394367.0605, 35.8943, 852.9041, 220.9424
143434.7423, 6394381.0271, 37.5153, 256.7554, 221.6660
143448.3667, 6394372.1186, 38.5541, 1186.1724, 114.3324
143431.0077, 6394372.9965, 36.4889, 37.5597, 213.1675
143434.7423, 6394381.0271, 37.5153, 256.7554, 221.6660
143431.8713, 6394375.4884, 36.4384, 104.6787, 242.1902
143433.8777, 6394380.9883, 37.4586, 208.4132, 223.0389
143439.0374, 6394367.0586, 35.8348, 854.5768, 226.6015
143432.7416, 6394377.4710, 36.8652, 158.0393, 230.6079
143438.9663, 6394367.1095, 35.7693, 846.3807, 233.1755
143432.9452, 6394378.4752, 36.9401, 166.4895, 233.8121
143452.1948, 6394385.0148, 38.1937, 932.4582, 236.2383
143452.1948, 6394385.0148, 38.1937, 932.4582, 236.2383
143453.5622, 6394384.5793, 39.3640, 986.7273, 189.8332
143431.9003, 6394375.4910, 35.2717, 110.0261, 324.9872
143439.5549, 6394366.4002, 34.7326, 931.8979, 326.9719
143439.7670, 6394369.0530, 34.4547, 822.3609, 362.8531
143439.7670, 6394369.0530, 34.4547, 822.3609, 362.8531
143435.1363, 6394368.0252, 32.6211, 483.1112, 539.6317
143436.6881, 6394367.5278, 32.5583, 640.0834, 541.4050
143433.2346, 6394378.9715, 36.8911, 182.4114, 240.7882
143440.7827, 6394384.0195, 37.6284, 519.7906, 242.4563
143434.8655, 6394383.9757, 37.3958, 243.3873, 246.1611
143434.8655, 6394383.9757, 37.3958, 243.3873, 246.1611
143441.9708, 6394387.0514, 37.9080, 528.0596, 246.3488
143439.1589, 6394367.6185, 35.6648, 837.8463, 248.7105
143435.0683, 6394384.4745, 37.3931, 250.3728, 249.2149
143435.2414, 6394384.9748, 37.4497, 255.5606, 249.3080
143439.3793, 6394366.5053, 35.5148, 911.1677, 251.9964
143439.3793, 6394366.5053, 35.5148, 911.1677, 251.9964
143442.3282, 6394388.4805, 37.9192, 523.9156, 252.5489
143440.6354, 6394387.5435, 37.6371, 469.4283, 258.4973
143440.8517, 6394388.0205, 37.6425, 472.6357, 260.4742
143440.8517, 6394388.0205, 37.6425, 472.6357, 260.4742
143436.0422, 6394386.9631, 37.3530, 280.0794, 264.0771
143439.1353, 6394389.5211, 37.6133, 389.9544, 266.3096
143439.1353, 6394389.5211, 37.6133, 389.9544, 266.3096
143438.8092, 6394390.0285, 37.6336, 372.7301, 267.2192
143443.8026, 6394392.9939, 37.9771, 524.3422, 268.6650
143444.7101, 6394392.9976, 37.6953, 554.5854, 279.1125
143446.3698, 6394397.4711, 38.0126, 557.4979, 282.5725
143446.4107, 6394397.4789, 37.8905, 558.7051, 286.4344
143446.4107, 6394397.4789, 37.8905, 558.7051, 286.4344
143445.7938, 6394397.4801, 37.8567, 540.4893, 287.2244
143439.3763, 6394367.6188, 35.1664, 855.3959, 294.2750
143439.0417, 6394366.6411, 34.9599, 876.8414, 306.2632
143436.2029, 6394367.9253, 34.9774, 578.3272, 311.0634
143436.2256, 6394367.9190, 34.9415, 580.6357, 314.4767
143438.8664, 6394394.4852, 36.6738, 342.3928, 316.8772
143436.0742, 6394367.9784, 34.9014, 565.2065, 318.5981
143436.2075, 6394367.9294, 34.8875, 578.7880, 319.6983
143436.2075, 6394367.9294, 34.8875, 578.7880, 319.6983
143435.9994, 6394368.0072, 34.8645, 557.6403, 322.2739
143439.3311, 6394367.6475, 34.8331, 850.8911, 324.4915
143440.5247, 6394371.1167, 34.8886, 794.8492, 336.2029
143434.6831, 6394381.5390, 28.0192, 266.4437, 725.9796
143465.6133, 6394401.6502, 48.6343, 976.2426, 29.3965
143458.4753, 6394386.9760, 44.3629, 1078.0797, 31.4626
143434.5803, 6394368.9812, 37.9090, 394.7130, 39.7301
143458.2567, 6394387.6019, 44.0229, 1057.4796, 48.2841
143457.7686, 6394388.6403, 43.7502, 1020.8409, 64.9051
143458.8954, 6394391.4579, 43.8619, 993.8622, 84.4187
143454.8654, 6394379.6249, 42.4871, 1165.6272, 21.3612
143463.9356, 6394403.1357, 46.2359, 919.6806, 95.7994
143458.5300, 6394386.5580, 44.4778, 1089.5345, 23.7602
143456.9012, 6394387.1518, 42.4655, 1029.0509, 96.8540
143457.2400, 6394385.0885, 43.6684, 1087.8837, 36.3644
143456.9700, 6394386.9725, 42.3177, 1035.1472, 101.0210
143458.5099, 6394387.9406, 44.4103, 1056.8898, 38.2087
143434.3697, 6394368.9795, 37.8743, 375.1427, 41.4264
143434.7926, 6394369.0052, 37.5864, 414.6547, 72.4060
143459.1648, 6394392.5617, 44.5049, 979.6712, 72.1352
143463.9697, 6394402.9801, 45.9629, 922.6556, 101.9391
143459.0935, 6394391.9824, 44.3371, 988.8318, 73.2521
143434.5738, 6394369.0797, 37.4868, 393.1533, 81.9286
143450.2829, 6394376.8727, 40.1801, 1084.9598, 84.2581
143463.9697, 6394402.9801, 45.9629, 922.6556, 101.9391
143450.3822, 6394376.8273, 40.0361, 1090.5496, 91.4597
143447.9443, 6394371.1012, 38.6806, 1213.1960, 91.6037
143455.6861, 6394385.0533, 41.6959, 1041.8701, 106.8439
143435.0309, 6394371.5045, 37.5971, 385.4565, 117.9750
143449.6884, 6394376.5765, 39.3462, 1070.7657, 122.2040
143458.5866, 6394392.4691, 43.4835, 966.5931, 102.5658
143450.0827, 6394376.9090, 39.6443, 1075.6992, 111.3503
143457.8951, 6394392.0562, 42.6123, 956.2557, 126.4540
143434.6917, 6394372.0676, 37.5013, 349.3601, 132.6662
143448.6584, 6394373.1092, 38.6165, 1156.6967, 123.0852
143449.1167, 6394376.1028, 38.7206, 1063.0841, 148.8895
143457.8366, 6394392.9843, 42.5827, 937.7738, 132.7293
143448.7958, 6394374.4610, 38.4156, 1108.7225, 149.2273
143431.5701, 6394374.5129, 37.4224, 80.6991, 159.3974
143437.0482, 6394374.5196, 37.6657, 475.3191, 160.6872
143449.2453, 6394376.0890, 38.9066, 1068.9792, 139.2629
143448.5208, 6394375.1052, 38.2397, 1072.5890, 164.3064
143448.9047, 6394376.6313, 38.5296, 1036.3395, 163.0568
143438.0932, 6394378.0360, 37.8717, 477.0435, 185.2392
143438.0932, 6394378.0360, 37.8717, 477.0435, 185.2392
143448.9047, 6394376.6313, 38.5296, 1036.3395, 163.0568
143447.9204, 6394376.0708, 37.2751, 1012.9150, 223.1190
143448.6806, 6394375.5030, 38.3244, 1065.3400, 163.6234
143437.0907, 6394374.5271, 37.5497, 478.1394, 168.7783
143437.0907, 6394374.5271, 37.5497, 478.1394, 168.7783
143442.4605, 6394388.4900, 37.8194, 528.8840, 256.6800
143436.6796, 6394375.0165, 37.5420, 442.7658, 173.2808
143437.2080, 6394375.0110, 37.5088, 476.7766, 176.9642
143442.6339, 6394388.5305, 37.6232, 535.0754, 264.7778
143442.6339, 6394388.5305, 37.6232, 535.0754, 264.7778
143456.4208, 6394392.0643, 40.6086, 917.0292, 188.6848
143448.2812, 6394375.5812, 37.8219, 1045.2362, 190.6736
143434.3656, 6394381.9748, 36.6992, 231.0154, 270.7066
143436.1791, 6394367.9376, 34.9298, 575.8898, 315.6882
143436.1791, 6394367.9376, 34.9298, 575.8898, 315.6882
143435.3482, 6394375.9548, 35.2140, 346.9285, 331.4480
143435.3482, 6394375.9548, 35.2140, 346.9285, 331.4480
143454.3351, 6394387.5841, 39.6526, 944.1859, 196.4297
143454.1691, 6394387.0159, 39.4703, 951.1553, 199.9329
143438.7175, 6394379.4742, 37.7673, 488.1620, 204.0391
143439.0244, 6394379.4931, 37.6863, 503.8834, 209.1694
143439.0244, 6394379.4931, 37.6863, 503.8834, 209.1694
143435.7486, 6394378.0057, 34.9412, 347.5174, 354.6103
143439.3366, 6394367.6459, 34.4172, 851.8312, 361.8909
143447.9114, 6394374.5145, 37.3318, 1067.1039, 208.8338
143438.6151, 6394379.4987, 37.6548, 482.5982, 210.1556
143438.6151, 6394379.4987, 37.6548, 482.5982, 210.1556
143438.9989, 6394379.5239, 37.5517, 502.2595, 216.6377
143438.7134, 6394379.5358, 37.5373, 487.3095, 217.0003
143439.0797, 6394366.5432, 35.8612, 884.1232, 217.9663
143453.5857, 6394386.5988, 38.7403, 942.2523, 224.1932
143440.4868, 6394371.1440, 34.5094, 791.8367, 364.0499
143447.7889, 6394375.6313, 37.2025, 1021.9225, 223.8558
143439.1457, 6394366.5242, 35.7418, 890.7087, 229.5730
143441.9584, 6394387.5055, 37.9343, 521.7869, 247.3139
143439.3833, 6394367.6162, 35.2220, 855.9972, 289.2445
143439.4856, 6394368.1450, 35.2149, 839.6630, 293.8276
143433.8618, 6394380.9933, 34.8238, 212.5191, 368.2418
143433.8618, 6394380.9933, 34.8238, 212.5191, 368.2418
143440.6957, 6394399.4487, 35.2558, 371.3152, 371.9675
143437.4128, 6394390.4587, 36.5721, 315.3914, 310.0786
143436.1515, 6394367.9526, 34.8552, 573.0839, 322.9092
143442.6529, 6394404.4675, 35.3762, 396.1592, 372.3802
143439.6431, 6394368.6525, 34.2286, 830.3625, 380.7485
143435.9908, 6394375.4841, 33.9603, 397.3220, 411.8697
143440.5357, 6394371.1172, 33.6661, 796.7760, 425.4659
143444.9980, 6394395.0540, 33.4010, 544.5050, 427.5836
143444.9980, 6394395.0540, 33.4010, 544.5050, 427.5836
143437.1112, 6394373.0840, 32.8808, 516.4344, 486.0437
143436.7829, 6394372.9943, 32.7219, 496.2091, 498.5750
143438.8829, 6394370.6198, 32.6585, 704.4727, 505.9441
143438.0780, 6394368.1270, 32.8289, 733.7195, 506.4167
143437.3058, 6394370.0206, 32.6664, 608.3187, 513.7694
143437.1004, 6394369.9956, 32.6594, 593.3160, 515.2605
143435.9893, 6394367.9750, 32.6155, 562.5330, 536.2200
143436.2995, 6394367.9781, 32.5740, 590.0659, 538.5615
143436.0676, 6394367.9682, 32.5474, 569.8917, 542.3041
143459.1338, 6394388.5303, 45.2277, 1060.8966, 16.7194
143434.6555, 6394374.5012, 34.9216, 318.8477, 346.1216
143439.8123, 6394369.0274, 34.5851, 826.5337, 352.0083
143439.8123, 6394369.0274, 34.5851, 826.5337, 352.0083
143459.1629, 6394388.5588, 45.0670, 1061.0874, 22.5769
143438.7789, 6394385.9537, 35.1702, 412.3474, 358.4874
143439.6473, 6394369.1197, 34.3545, 811.1427, 371.3485
143439.6473, 6394369.1197, 34.3545, 811.1427, 371.3485
143459.1629, 6394388.5588, 45.0670, 1061.0874, 22.5769
143440.2861, 6394398.4567, 35.0555, 365.1392, 377.5419
143460.3114, 6394392.0721, 46.0253, 1018.2758, 23.2683
143440.2861, 6394398.4567, 35.0555, 365.1392, 377.5419
143457.1488, 6394384.6167, 43.8256, 1097.0592, 25.6845
143458.8299, 6394388.0274, 44.7324, 1063.8160, 28.6074
143443.3440, 6394400.4905, 35.0493, 443.8900, 378.4357
143440.5954, 6394371.5629, 34.2551, 784.5517, 383.2324
143440.1353, 6394370.6297, 34.0105, 787.6526, 400.4220
143458.8299, 6394388.0274, 44.7324, 1063.8160, 28.6074
143443.6676, 6394399.4610, 34.2487, 462.2220, 401.9568
143465.6295, 6394402.5662, 48.7665, 962.8672, 31.8145
143442.4253, 6394397.9754, 33.6206, 437.1839, 422.0211
143436.9840, 6394373.0342, 32.7413, 509.0967, 496.4527
143436.9840, 6394373.0342, 32.7413, 509.0967, 496.4527
143458.3312, 6394387.0347, 44.1758, 1072.6323, 38.2516
143437.9293, 6394371.4745, 32.6568, 612.3096, 505.6535
143437.9293, 6394371.4745, 32.6568, 612.3096, 505.6535
143437.9293, 6394371.4745, 32.6568, 612.3096, 505.6535
143435.7017, 6394368.0329, 32.9076, 534.2057, 509.5120
143435.7017, 6394368.0329, 32.9076, 534.2057, 509.5120
143438.6326, 6394369.9618, 32.6123, 708.7612, 513.4474
143457.3810, 6394385.6806, 43.6086, 1077.4507, 44.3628
143457.3810, 6394385.6806, 43.6086, 1077.4507, 44.3628
143457.3810, 6394385.6806, 43.6086, 1077.4507, 44.3628
143458.3788, 6394387.9898, 44.1442, 1052.1521, 47.5683
143458.0989, 6394388.6284, 44.0170, 1030.2927, 56.4267
143455.8223, 6394383.1715, 42.4327, 1093.9421, 62.7124
143431.2944, 6394370.0015, 38.1898, 59.3948, 11.0105
143431.2944, 6394370.0015, 38.1898, 59.3948, 11.0105
143458.8374, 6394386.5708, 44.8406, 1097.9435, 11.7345
143458.8374, 6394386.5708, 44.8406, 1097.9435, 11.7345
143458.7106, 6394386.5834, 44.7069, 1094.0485, 16.2771
143458.7106, 6394386.5834, 44.7069, 1094.0485, 16.2771
143460.2949, 6394392.0833, 46.0296, 1017.6344, 23.1775
143460.3894, 6394391.9427, 45.9541, 1022.8271, 24.6998
143460.3894, 6394391.9427, 45.9541, 1022.8271, 24.6998
143458.3942, 6394386.6764, 44.4590, 1082.8293, 25.1046
143459.0215, 6394388.7044, 44.9628, 1054.0121, 27.0014
143458.3364, 6394389.1385, 44.3147, 1025.8831, 50.8873
143456.0449, 6394383.6528, 42.7939, 1088.1704, 53.3833
143457.8239, 6394387.0027, 43.6249, 1058.9468, 56.3150
143434.3567, 6394368.9884, 37.7098, 374.1924, 57.2985
143456.3821, 6394385.1337, 42.8080, 1061.0101, 66.8916
143457.7246, 6394388.0762, 43.4924, 1031.9169, 69.3805
143457.8556, 6394388.4795, 43.5268, 1026.7990, 71.6209
143455.7417, 6394384.0887, 42.2916, 1067.4772, 76.1567
143435.8661, 6394370.5535, 37.4695, 472.1445, 117.4768
143435.8661, 6394370.5535, 37.4695, 472.1445, 117.4768
143435.1097, 6394371.5136, 37.5989, 391.5886, 118.3453
143435.0875, 6394371.5034, 37.5351, 390.1455, 123.2830
143434.9739, 6394371.5189, 37.5217, 380.8114, 124.0811
143434.9739, 6394371.5189, 37.5217, 380.8114, 124.0811
143457.9625, 6394392.5310, 42.7895, 949.2331, 123.7621
143448.3757, 6394372.5827, 38.3188, 1166.0535, 134.1759
143448.3757, 6394372.5827, 38.3188, 1166.0535, 134.1759
143463.3819, 6394404.0615, 44.6979, 895.6547, 137.9297
143463.3318, 6394403.5057, 44.6521, 902.1653, 136.5136
143463.3318, 6394403.5057, 44.6521, 902.1653, 136.5136
143454.4178, 6394383.5702, 40.5668, 1038.8424, 137.1803
143433.0038, 6394374.5503, 37.7146, 191.1994, 143.4730
143456.1002, 6394388.1178, 41.2118, 984.8979, 146.4495
143456.1002, 6394388.1178, 41.2118, 984.8979, 146.4495
143431.5613, 6394374.4992, 37.5066, 79.7687, 152.8483
143448.8346, 6394375.5618, 38.5068, 1069.9110, 154.6539
143462.8622, 6394403.6077, 43.8859, 891.0073, 155.5748
143462.8622, 6394403.6077, 43.8859, 891.0073, 155.5748
143462.8667, 6394404.0443, 43.5942, 885.3096, 164.6696
143462.8667, 6394404.0443, 43.5942, 885.3096, 164.6696
143440.1504, 6394368.3635, 36.7038, 877.7662, 168.7609
143456.8482, 6394393.0560, 41.1208, 910.7985, 177.6654
143456.8482, 6394393.0560, 41.1208, 910.7985, 177.6654
143448.9032, 6394377.0606, 38.3162, 1022.3743, 177.6257
143448.1355, 6394374.6146, 37.8089, 1073.4451, 183.1274
143448.1239, 6394374.1051, 37.7189, 1092.1763, 183.8614
143448.1239, 6394374.1051, 37.7189, 1092.1763, 183.8614
143456.5512, 6394393.5145, 40.7214, 895.1235, 191.9993
143440.0250, 6394368.3846, 36.4109, 867.8994, 193.7314
143440.0250, 6394368.3846, 36.4109, 867.8994, 193.7314
143454.9953, 6394389.0921, 39.9191, 933.1280, 195.4885
143438.9574, 6394379.4778, 37.7777, 500.5431, 203.9722
143437.3862, 6394378.5326, 37.5368, 430.6829, 207.1036
143437.3862, 6394378.5326, 37.5368, 430.6829, 207.1036
143433.8820, 6394380.9891, 37.3852, 208.7949, 227.1173
143439.0965, 6394366.5614, 35.6955, 884.7302, 234.3715
143439.0965, 6394366.5614, 35.6955, 884.7302, 234.3715
143433.0399, 6394378.4701, 36.8924, 172.6893, 236.8721
143439.1341, 6394367.0501, 35.5895, 863.0953, 249.9165
143435.0884, 6394384.4746, 37.2381, 251.6148, 256.7530
143442.4891, 6394388.4895, 37.7362, 530.0436, 260.0109
143442.3721, 6394388.5143, 37.6138, 525.4445, 264.8815
143442.3721, 6394388.5143, 37.6138, 525.4445, 264.8815
143433.8997, 6394380.9830, 36.6475, 211.2502, 267.8856
143433.8997, 6394380.9830, 36.6475, 211.2502, 267.8856
143443.9530, 6394392.9583, 37.9384, 529.7825, 270.0063
143445.8299, 6394397.4791, 37.9725, 541.4901, 283.5982
143445.8299, 6394397.4791, 37.9725, 541.4901, 283.5982
143445.9537, 6394397.4840, 37.7979, 545.2357, 289.1503
143440.1210, 6394397.9619, 37.2188, 361.0503, 306.7869
143438.2396, 6394392.9599, 36.5624, 330.1182, 317.1603
143438.5826, 6394393.9618, 36.5752, 335.8820, 319.1334
143434.2929, 6394368.9830, 37.7795, 368.1037, 50.0304
143456.6830, 6394385.1156, 43.0982, 1070.5306, 56.5595
143439.0583, 6394394.9710, 36.5344, 346.0065, 322.9277
143459.3048, 6394391.4162, 44.2677, 1005.3710, 71.9534
143448.7933, 6394373.0449, 38.8304, 1165.6211, 110.1019
143430.7911, 6394371.9696, 36.8505, 15.5928, 169.2968
143436.5479, 6394379.4481, 35.3252, 375.7284, 336.3566
143449.2053, 6394377.6567, 38.5817, 1015.9578, 169.5599
143448.3778, 6394374.5013, 37.9654, 1088.5674, 173.8890
143437.5070, 6394382.4562, 35.3432, 391.1401, 343.4427
143439.1322, 6394367.1653, 34.5505, 858.4275, 347.9753
143440.3324, 6394370.6372, 34.6406, 799.7642, 352.9194
143448.3778, 6394374.5013, 37.9654, 1088.5674, 173.8890
143430.9273, 6394372.4755, 36.8639, 28.7640, 175.5012
143454.0781, 6394386.1190, 39.6197, 967.7909, 189.4625
143456.2320, 6394392.6127, 40.5063, 902.2053, 194.2982
143448.1554, 6394375.4827, 37.5009, 1043.2073, 207.1671
143431.7821, 6394374.9776, 36.8390, 98.0843, 208.5310
143431.5785, 6394373.9922, 36.6466, 84.6435, 212.5854
143431.5785, 6394373.9922, 36.6466, 84.6435, 212.5854
143437.8417, 6394379.4885, 37.5772, 442.0182, 212.8974
143432.2069, 6394375.9804, 36.7723, 127.0826, 223.5237
143432.4374, 6394376.4813, 36.7355, 141.7646, 230.7139
143439.2701, 6394366.5167, 35.7291, 901.3919, 231.0710
143439.2701, 6394366.5167, 35.7291, 901.3919, 231.0710
143432.0103, 6394375.9856, 36.1084, 114.4445, 269.2277
143444.3418, 6394392.9883, 37.8368, 542.4436, 273.9183
143440.2919, 6394398.4543, 35.5392, 364.8847, 362.0154
143446.1622, 6394397.4798, 37.9539, 551.3329, 284.3389
143446.1622, 6394397.4798, 37.9539, 551.3329, 284.3389
143439.2313, 6394366.5440, 35.0960, 897.3821, 292.6001
143434.1268, 6394372.4648, 35.2375, 304.5566, 314.0710
143434.1268, 6394372.4648, 35.2375, 304.5566, 314.0710
143439.7208, 6394368.6020, 35.0261, 837.3805, 313.1875
143439.3195, 6394367.6579, 34.9302, 849.3984, 315.7985
143439.8185, 6394369.0181, 34.9942, 826.9292, 318.2188
143433.8910, 6394380.9895, 35.5513, 212.8138, 328.2913
143433.8910, 6394380.9895, 35.5513, 212.8138, 328.2913
143439.5903, 6394369.1451, 34.8412, 805.4743, 331.3948
143435.3445, 6394375.9560, 35.2059, 346.6897, 331.9827
143435.3445, 6394375.9560, 35.2059, 346.6897, 331.9827
143433.5853, 6394371.5104, 34.8792, 273.3687, 338.1674
143433.5853, 6394371.5104, 34.8792, 273.3687, 338.1674
143434.1110, 6394372.4853, 34.9394, 303.7789, 337.4389
