143438.5528, 6394369.9692, 32.6036, 709.2686, 513.4174
143437.2552, 6394370.0224, 32.6674, 604.8514, 513.9871
143439.4384, 6394372.5440, 32.6567, 686.2723, 494.6551
143438.3372, 6394372.5308, 32.6934, 611.6765, 496.1999
143438.3372, 6394372.5308, 32.6934, 611.6765, 496.1999
143437.9196, 6394371.5364, 32.6939, 610.0261, 501.7066
143435.8691, 6394369.0720, 32.8794, 514.0403, 506.7326
143436.3363, 6394371.4984, 32.6993, 490.0909, 508.3724
143436.4543, 6394371.4855, 32.6943, 499.7306, 508.3097
143438.3195, 6394370.5432, 32.6481, 671.1987, 508.0017
143435.8537, 6394371.0271, 32.7249, 462.1210, 510.7296
143435.8537, 6394371.0271, 32.7249, 462.1210, 510.7296
143437.8005, 6394370.4758, 32.6367, 633.6937, 511.6758
143438.1361, 6394368.5307, 32.6088, 732.1021, 523.1116
143437.5134, 6394368.5362, 32.6325, 678.9887, 524.3219
143436.4440, 6394368.9662, 32.6050, 570.0035, 530.2250
143437.2481, 6394368.5010, 32.4108, 657.9113, 547.1193
143437.2481, 6394368.5010, 32.4108, 657.9113, 547.1193
143435.4429, 6394369.0185, 32.4736, 477.5382, 548.4527
143435.4429, 6394369.0185, 32.4736, 477.5382, 548.4527
143437.8732, 6394368.0230, 32.3020, 732.0043, 557.3790
143438.1165, 6394368.0021, 32.2784, 753.9304, 558.2175
143434.5011, 6394369.4928, 32.3264, 377.5823, 564.7944
143434.5011, 6394369.4928, 32.3264, 377.5823, 564.7944
143458.5424, 6394387.9444, 44.3085, 1061.9388, 22.9197
143434.7627, 6394370.0119, 37.8687, 370.9747, 37.3121
143434.8978, 6394369.9920, 37.8030, 384.2788, 44.0510
143434.8978, 6394369.9920, 37.8030, 384.2788, 44.0510
143436.5888, 6394368.5419, 32.5959, 597.2897, 533.1417
143458.6431, 6394391.0777, 43.5680, 996.9050, 74.3725
143436.8692, 6394368.5132, 32.3686, 624.1367, 553.4622
143446.4203, 6394403.9189, 33.7088, 496.4817, 413.4088
143449.7702, 6394377.0879, 39.9462, 1068.4139, 74.6691
143459.1420, 6394391.5398, 44.3149, 1000.6456, 54.1065
143450.3545, 6394376.8860, 39.8910, 1100.0765, 77.1321
143439.7228, 6394368.6025, 34.8106, 852.0464, 317.0293
143439.5178, 6394367.5389, 34.7410, 888.7695, 316.9925
143436.1729, 6394369.0197, 34.8327, 537.0656, 318.7903
143449.7657, 6394377.1217, 39.8335, 1067.1235, 81.0219
143446.4203, 6394403.9189, 33.7088, 496.4817, 413.4088
143436.7829, 6394377.4584, 33.8591, 406.3551, 413.9568
143440.5275, 6394371.1251, 33.6837, 805.7451, 416.7631
143440.8264, 6394372.1470, 33.5811, 788.2528, 423.7640
143440.8264, 6394372.1470, 33.5811, 788.2528, 423.7640
143440.9616, 6394382.5139, 33.1543, 550.0286, 443.4364
143458.6345, 6394394.0719, 43.9330, 939.2296, 83.5746
143440.9616, 6394382.5139, 33.1543, 550.0286, 443.4364
143436.6660, 6394368.9734, 32.5086, 589.7011, 537.9429
143435.9988, 6394368.9969, 32.2760, 530.0228, 563.9143
143464.0098, 6394403.5930, 46.3876, 912.9238, 80.9770
143458.4433, 6394391.1493, 43.3008, 990.1519, 83.4189
143435.9223, 6394370.5327, 37.5071, 464.8286, 88.7807
143436.0075, 6394370.5557, 37.4984, 471.6056, 90.4386
143434.6634, 6394371.5623, 37.5343, 334.8239, 99.1128
143434.6473, 6394372.0529, 37.6214, 325.2646, 100.1595
143449.8580, 6394377.0073, 39.4231, 1075.2706, 101.7947
143434.7787, 6394373.0462, 37.7751, 320.6481, 104.6604
143434.7787, 6394373.0462, 37.7751, 320.6481, 104.6604
143464.0098, 6394403.5930, 46.3876, 912.9238, 80.9770
143438.2721, 6394369.0825, 37.3962, 709.5473, 83.1813
143438.2721, 6394369.0825, 37.3962, 709.5473, 83.1813
143438.3180, 6394369.5158, 37.4860, 696.3535, 83.6998
143438.3685, 6394369.4920, 37.4838, 701.3291, 83.7054
143438.0881, 6394369.5198, 37.4681, 677.5959, 84.1769
143438.0881, 6394369.5198, 37.4681, 677.5959, 84.1769
143437.4755, 6394369.5769, 37.4291, 625.0367, 85.5981
143437.4755, 6394369.5769, 37.4291, 625.0367, 85.5981
143437.5556, 6394369.5564, 37.4295, 632.4427, 85.5822
143437.5556, 6394369.5564, 37.4295, 632.4427, 85.5822
143435.8216, 6394370.5443, 37.4869, 455.9155, 90.3122
143434.8333, 6394369.9803, 38.1336, 377.2727, 11.6130
143434.4679, 6394370.0055, 38.0816, 342.3672, 14.5391
143434.4679, 6394370.0055, 38.0816, 342.3672, 14.5391
143436.8004, 6394371.5627, 37.7413, 510.9214, 91.5503
143436.8004, 6394371.5627, 37.7413, 510.9214, 91.5503
143434.6090, 6394371.5748, 37.5228, 329.9286, 100.0917
143431.1549, 6394373.0167, 37.4275, 6.4820, 117.7831
143459.9561, 6394397.1440, 43.8141, 919.9130, 108.5841
143433.6078, 6394374.0499, 37.7569, 214.8550, 117.0746
143448.4064, 6394373.0980, 38.2562, 1165.0430, 120.3083
143448.4064, 6394373.0980, 38.2562, 1165.0430, 120.3083
143449.4162, 6394376.5555, 39.0260, 1072.6595, 117.0582
143431.2103, 6394373.0237, 37.3894, 11.8915, 121.4673
143432.9645, 6394374.5426, 37.7359, 159.4071, 123.6152
143432.9645, 6394374.5426, 37.7359, 159.4071, 123.6152
143460.0043, 6394391.0662, 45.3488, 1032.9042, 18.1231
143449.1923, 6394376.1342, 38.8088, 1078.2690, 123.9310
143431.7288, 6394374.4967, 37.5028, 58.0094, 136.8144
143431.7288, 6394374.4967, 37.5028, 58.0094, 136.8144
143457.8864, 6394395.0713, 42.5757, 903.0582, 130.8321
143458.0195, 6394387.4983, 43.7705, 1057.5807, 37.0089
143443.8079, 6394406.9540, 36.9537, 400.9757, 327.6887
143440.3722, 6394370.6190, 34.7990, 812.7708, 328.4513
143448.9898, 6394377.0515, 38.4193, 1037.4738, 153.4987
143440.3722, 6394370.6190, 34.7990, 812.7708, 328.4513
143435.6300, 6394379.9710, 31.1151, 313.2578, 573.6742
143457.3644, 6394392.0612, 41.8218, 943.6428, 136.5893
143435.6300, 6394379.9710, 31.1151, 313.2578, 573.6742
143458.0195, 6394387.4983, 43.7705, 1057.5807, 37.0089
143432.1379, 6394376.0113, 37.4347, 88.8954, 163.2858
143432.1379, 6394376.0113, 37.4347, 88.8954, 163.2858
143448.3166, 6394374.1291, 38.0296, 1116.6964, 145.4469
143456.9720, 6394391.5567, 41.1972, 942.8348, 153.8113
143440.0240, 6394368.3808, 36.4953, 883.0589, 161.7616
143440.1403, 6394368.4108, 36.4665, 890.6447, 165.2551
143432.4634, 6394377.0096, 37.4472, 110.6275, 174.6855
143439.9589, 6394368.4203, 36.3617, 876.2888, 174.3880
143448.8768, 6394377.0305, 38.2525, 1033.4373, 161.9905
143437.2224, 6394375.9890, 37.5808, 448.7533, 165.9990
143456.5105, 6394392.1256, 40.8873, 919.4805, 166.6520
143448.3816, 6394376.0881, 37.9071, 1044.7129, 171.5303
143439.4719, 6394368.0225, 35.6295, 858.6021, 236.2801
143456.2660, 6394392.5983, 40.4686, 904.3080, 182.5984
143439.7123, 6394368.6177, 34.5884, 850.9424, 337.1534
143441.1149, 6394378.4722, 37.8183, 624.7879, 183.5556
143448.5741, 6394376.6585, 38.0018, 1033.1639, 171.6755
143440.0054, 6394368.3982, 36.3828, 880.9518, 172.2855
143440.0054, 6394368.3982, 36.3828, 880.9518, 172.2855
143447.6660, 6394377.0913, 36.5370, 979.7340, 252.9392
143440.4420, 6394378.9624, 37.8417, 579.5276, 185.2011
143440.4420, 6394378.9624, 37.8417, 579.5276, 185.2011
143446.1969, 6394397.4657, 37.9731, 545.7653, 276.3713
143456.2839, 6394391.0825, 40.4821, 933.1378, 174.3749
143439.5990, 6394378.9711, 37.7746, 534.6890, 187.5893
143439.5990, 6394378.9711, 37.7746, 534.6890, 187.5893
143446.1969, 6394397.4657, 37.9731, 545.7653, 276.3713
143439.5992, 6394381.0724, 30.3537, 512.5624, 592.3712
143436.7573, 6394380.0001, 37.6927, 362.2869, 196.0317
143433.6282, 6394375.0011, 31.4847, 229.1152, 593.1081
143454.9690, 6394388.5084, 40.0144, 946.9073, 175.0377
143439.9661, 6394368.4127, 36.3148, 877.3049, 178.6073
143439.9661, 6394368.4127, 36.3148, 877.3049, 178.6073
143433.6282, 6394375.0011, 31.4847, 229.1152, 593.1081
143437.5248, 6394379.0159, 37.5641, 419.2247, 196.6010
143448.0726, 6394374.5285, 37.5316, 1089.4618, 178.4466
143436.4129, 6394380.0042, 37.6571, 342.6657, 197.5558
143446.1969, 6394397.4657, 37.9731, 545.7653, 276.3713
143433.6762, 6394370.9581, 35.2213, 263.7634, 295.7927
143433.6762, 6394370.9581, 35.2213, 263.7634, 295.7927
143434.1990, 6394372.4571, 35.1849, 290.0577, 308.8626
143439.6410, 6394368.6514, 34.8705, 843.2829, 311.9438
143437.2527, 6394378.0383, 37.5422, 417.6366, 188.8883
143433.9657, 6394371.9726, 35.0811, 276.9340, 314.8035
143433.7423, 6394371.4848, 34.9613, 263.9621, 322.5298
143433.7423, 6394371.4848, 34.9613, 263.9621, 322.5298
143440.3244, 6394370.6450, 34.8038, 808.4086, 328.2154
143436.5930, 6394380.0177, 37.6398, 352.8522, 198.9531
143448.5501, 6394377.1296, 37.7213, 1016.3585, 190.6308
143435.9508, 6394386.9675, 35.3783, 263.3376, 347.5776
143436.4470, 6394380.0200, 37.5736, 344.6366, 202.5568
143448.2881, 6394376.6551, 37.6433, 1020.9513, 190.6618
143435.9508, 6394386.9675, 35.3783, 263.3376, 347.5776
143435.4362, 6394380.5258, 37.5681, 281.2545, 205.3520
143435.9171, 6394386.9731, 34.7040, 263.0602, 378.4670
143435.4362, 6394380.5258, 37.5681, 281.2545, 205.3520
143432.9954, 6394378.5066, 37.4322, 142.4898, 192.0447
143448.0307, 6394375.5538, 37.4542, 1048.5034, 191.7875
143433.8662, 6394380.9866, 37.4852, 185.5132, 211.4344
143439.4000, 6394368.0577, 35.7822, 850.7308, 222.1119
143437.3131, 6394379.0118, 37.6019, 407.0348, 193.9759
143443.4389, 6394406.4476, 35.0043, 396.2813, 380.5992
143437.3131, 6394379.0118, 37.6019, 407.0348, 193.9759
143440.9292, 6394387.4969, 37.6654, 472.5903, 248.4822
143456.0967, 6394392.5849, 40.0980, 900.0998, 194.5143
143437.4483, 6394379.0170, 37.5471, 414.8602, 197.4859
143439.7144, 6394368.6156, 34.4614, 851.4411, 348.5834
143443.2608, 6394400.0118, 34.3929, 437.5342, 394.5289
143439.4432, 6394368.6341, 33.9600, 830.3989, 394.2553
143432.3043, 6394376.4865, 36.9601, 102.0757, 203.2678
143435.6960, 6394385.9727, 37.3721, 253.7509, 250.7813
143436.4208, 6394381.5186, 34.2051, 334.5802, 396.8489
143440.8407, 6394372.1290, 33.6247, 789.7309, 420.5546
143440.8407, 6394372.1290, 33.6247, 789.7309, 420.5546
143437.7303, 6394368.4685, 32.5775, 700.4374, 528.7080
143437.5388, 6394368.4799, 32.4447, 683.8757, 542.2799
143437.5388, 6394368.4799, 32.4447, 683.8757, 542.2799
143436.3383, 6394368.9803, 32.4519, 560.5884, 545.2051
143436.3383, 6394368.9803, 32.4519, 560.5884, 545.2051
143437.3599, 6394368.4919, 32.3747, 668.1036, 549.9175
143436.1528, 6394368.9848, 32.3812, 544.0034, 553.0184
143435.5592, 6394369.0098, 32.3952, 488.8848, 555.3232
143433.5594, 6394380.0091, 37.4025, 172.1423, 208.0887
143433.5594, 6394380.0091, 37.4025, 172.1423, 208.0887
143436.0069, 6394386.9688, 37.3902, 261.9684, 255.1400
143439.4957, 6394367.5536, 35.3457, 885.0281, 258.5299
143447.9144, 6394376.0225, 37.2166, 1026.5233, 208.7369
143447.9144, 6394376.0225, 37.2166, 1026.5233, 208.7369
143432.5650, 6394377.4835, 36.9863, 117.9422, 211.3675
143439.3790, 6394368.0703, 35.6927, 848.5799, 230.6780
143439.3707, 6394367.5745, 35.6257, 873.0424, 231.3273
143437.6806, 6394390.5218, 37.6080, 310.4239, 262.5139
143435.0787, 6394384.4746, 37.4841, 232.2470, 236.4994
143439.3396, 6394368.1037, 35.6133, 843.9185, 238.4878
143439.3396, 6394368.1037, 35.6133, 843.9185, 238.4878
143442.3151, 6394388.4757, 37.9503, 515.7001, 242.0380
143437.6806, 6394390.5218, 37.6080, 310.4239, 262.5139
143435.2548, 6394384.9730, 37.3880, 238.3135, 244.3180
143447.5278, 6394376.1622, 36.5784, 1004.5706, 244.9520
143438.0759, 6394392.4607, 37.2935, 313.2063, 282.4990
143440.8933, 6394388.0081, 37.6557, 465.1446, 251.2498
143440.8933, 6394388.0081, 37.6557, 465.1446, 251.2498
143443.6020, 6394392.5525, 37.9656, 514.7779, 259.3280
143438.0759, 6394392.4607, 37.2935, 313.2063, 282.4990
143434.8778, 6394383.4630, 36.8574, 229.5190, 262.8088
143449.5108, 6394396.5364, 37.6723, 654.9118, 283.9804
143444.7527, 6394392.9812, 37.7153, 549.5704, 270.3869
143439.6253, 6394367.5313, 35.1815, 897.1726, 274.3575
143445.1944, 6394402.4815, 35.4854, 472.7947, 362.5292
143449.5108, 6394396.5364, 37.6723, 654.9118, 283.9804
143443.0138, 6394397.4521, 35.2211, 450.2026, 366.1659
143439.6638, 6394367.5358, 35.1269, 900.1851, 279.7044
143443.0138, 6394397.4521, 35.2211, 450.2026, 366.1659
143443.7153, 6394403.9989, 37.9024, 417.1373, 295.2998
143446.3462, 6394397.4771, 37.8010, 550.3319, 281.9591
143446.3462, 6394397.4771, 37.8010, 550.3319, 281.9591
143439.6841, 6394368.6258, 35.1178, 847.3651, 289.4346
143445.9114, 6394401.9989, 37.8774, 494.5625, 291.4548
143443.7153, 6394403.9989, 37.9024, 417.1373, 295.2998
143445.9114, 6394401.9989, 37.8774, 494.5625, 291.4548
143439.6782, 6394396.4489, 37.0766, 344.9769, 302.6098
143452.2286, 6394410.9923, 37.9159, 576.7806, 308.9928
143436.1300, 6394369.0341, 34.8311, 532.7244, 319.0582
143442.4686, 6394403.4416, 37.0014, 386.3160, 320.3910
143438.1480, 6394392.4773, 36.7005, 316.8391, 305.5182
143439.7921, 6394369.0269, 34.9554, 837.5504, 306.7455
143433.0742, 6394370.5173, 35.0526, 212.2043, 308.3711
143436.4372, 6394368.9429, 34.9210, 563.1423, 309.7262
143444.3515, 6394400.9627, 35.0643, 461.5054, 373.9449
143442.4686, 6394403.4416, 37.0014, 386.3160, 320.3910
143438.8898, 6394394.4809, 36.6824, 330.9965, 311.5759
143436.6598, 6394369.4358, 34.9094, 567.1556, 314.0206
143439.7960, 6394369.0316, 34.8542, 837.8215, 315.6843
143436.3384, 6394368.9838, 34.8440, 553.1476, 317.4132
143439.5141, 6394368.1470, 34.7744, 857.5250, 317.6568
143433.4885, 6394371.0054, 34.9434, 246.7533, 321.5254
143447.3192, 6394406.4153, 35.1262, 498.5449, 375.1748
143445.0904, 6394401.4622, 34.8289, 478.9678, 380.9759
143456.5780, 6394383.6282, 43.3670, 1112.6965, 11.0383
143445.2794, 6394401.4464, 34.7329, 484.6054, 383.6961
143440.1594, 6394370.1517, 34.8089, 816.5734, 325.4881
143457.9982, 6394388.1895, 43.8037, 1040.9340, 41.7915
143434.8920, 6394369.9961, 37.7925, 383.6888, 45.1072
143434.8920, 6394369.9961, 37.7925, 383.6888, 45.1072
143450.2038, 6394376.9540, 40.1182, 1091.2225, 65.3922
143450.2038, 6394376.9540, 40.1182, 1091.2225, 65.3922
143440.7025, 6394371.6228, 34.8076, 796.8904, 332.1083
143437.7548, 6394382.9485, 35.2891, 386.1718, 341.4616
143456.0693, 6394385.1091, 42.2464, 1057.9623, 68.5995
143448.6626, 6394375.5988, 38.3880, 1074.8073, 140.5730
143454.8219, 6394388.5722, 39.8624, 941.2332, 180.7312
143443.4176, 6394399.9689, 34.5150, 442.4734, 390.6028
143435.3512, 6394377.0087, 34.9198, 318.8712, 347.4534
143448.7558, 6394377.5134, 37.9893, 1012.3497, 179.8156
143438.8007, 6394385.9441, 35.2862, 402.6941, 348.0555
143453.2303, 6394385.4812, 39.0157, 959.8503, 193.4874
143438.8007, 6394385.9441, 35.2862, 402.6941, 348.0555
143431.6307, 6394374.4996, 36.6821, 52.9597, 202.0172
143443.4176, 6394399.9689, 34.5150, 442.4734, 390.6028
143440.1484, 6394370.6260, 34.0197, 798.3130, 390.8377
143431.6307, 6394374.4996, 36.6821, 52.9597, 202.0172
143431.4262, 6394374.0112, 36.5507, 35.9621, 206.7504
143431.2126, 6394373.4973, 36.2064, 17.9984, 229.4572
143431.5894, 6394374.4964, 36.1828, 51.4708, 241.6346
143436.7135, 6394388.9731, 35.4369, 284.1327, 348.7169
143439.1708, 6394386.9385, 35.2549, 408.5146, 351.2862
143433.3512, 6394379.5040, 36.5985, 163.7733, 253.1168
143451.3750, 6394401.0949, 34.0933, 654.9726, 397.9357
143439.4094, 6394387.4346, 35.2139, 413.6102, 353.8879
143433.3512, 6394379.5040, 36.5985, 163.7733, 253.1168
143439.4094, 6394387.4346, 35.2139, 413.6102, 353.8879
143447.6588, 6394378.1418, 36.5900, 946.4474, 256.0399
143431.5454, 6394373.9961, 35.7195, 49.9067, 274.6649
143445.8514, 6394395.5301, 34.0365, 560.1674, 401.7613
143440.3148, 6394371.1187, 33.8522, 791.2759, 404.2321
143441.1577, 6394376.0610, 33.5265, 690.6553, 425.9861
143433.3245, 6394379.4810, 36.1036, 163.5976, 283.4167
143440.2545, 6394373.5839, 33.4858, 705.9169, 431.4117
143440.4335, 6394390.4428, 35.2223, 424.5846, 358.1157
143431.1148, 6394373.5025, 35.1776, 13.6206, 316.1383
143439.6268, 6394367.5391, 34.6897, 897.7930, 321.9030
143440.2545, 6394373.5839, 33.4858, 705.9169, 431.4117
143431.5158, 6394374.4962, 35.1494, 49.3815, 323.5347
143440.1024, 6394373.0831, 33.4929, 711.4014, 431.5191
143440.1024, 6394373.0831, 33.4929, 711.4014, 431.5191
143439.8249, 6394372.0680, 33.4772, 725.5436, 433.9186
143439.0840, 6394370.0899, 33.4409, 743.1512, 440.5220
143439.0840, 6394370.0899, 33.4409, 743.1512, 440.5220
143438.5833, 6394373.0508, 32.7021, 614.3211, 492.8112
143436.1412, 6394369.0066, 32.8624, 540.7763, 507.2729
143437.7852, 6394370.9703, 32.6586, 616.9565, 507.5913
143437.6408, 6394370.9722, 32.6588, 605.8875, 508.2165
143440.4335, 6394390.4428, 35.2223, 424.5846, 358.1157
143438.5488, 6394370.5098, 32.6352, 689.6296, 508.1754
143437.5581, 6394370.4809, 32.6640, 614.5500, 510.4986
143438.1270, 6394370.0317, 32.6374, 674.0217, 512.2704
143438.1270, 6394370.0317, 32.6374, 674.0217, 512.2704
143438.3720, 6394369.9821, 32.6084, 694.8732, 513.8140
143436.0505, 6394369.0159, 32.7928, 532.5031, 514.3254
143436.3322, 6394368.9934, 32.7209, 558.8005, 519.7322
143437.0068, 6394369.4971, 32.6479, 601.3178, 519.8683
143437.0068, 6394369.4971, 32.6479, 601.3178, 519.8683
143437.0582, 6394369.4763, 32.6397, 606.3574, 520.4552
143439.1289, 6394386.9441, 35.3638, 406.4602, 346.5188
143440.5305, 6394371.1249, 34.5663, 804.4042, 348.6924
143440.9063, 6394372.0951, 34.5948, 793.4868, 349.5538
143436.9744, 6394368.5216, 32.4589, 632.9199, 544.0874
143435.1953, 6394369.4877, 32.4598, 442.3954, 547.6542
143435.1953, 6394369.4877, 32.4598, 442.3954, 547.6542
143436.7672, 6394368.5193, 32.4328, 614.6223, 547.9034
143435.1546, 6394369.4942, 32.4535, 438.4966, 548.4468
143435.1546, 6394369.4942, 32.4535, 438.4966, 548.4468
143435.1102, 6394369.4887, 32.4479, 434.5402, 549.3034
143435.1102, 6394369.4887, 32.4479, 434.5402, 549.3034
143436.5500, 6394368.9680, 32.3599, 580.0863, 552.6413
143434.8493, 6394369.4923, 32.4151, 410.2419, 554.0338
143434.8493, 6394369.4923, 32.4151, 410.2419, 554.0338
143436.5725, 6394368.9614, 32.3298, 582.3840, 555.3765
143434.5833, 6394369.4986, 32.3818, 385.0896, 558.8917
143434.5833, 6394369.4986, 32.3818, 385.0896, 558.8917
143434.4964, 6394369.4947, 32.3339, 377.0740, 564.0924
143433.2438, 6394379.4887, 34.9712, 161.6429, 352.9669
143442.5816, 6394396.4741, 35.1528, 444.8911, 367.5536
143439.7387, 6394396.9528, 35.3352, 346.0323, 363.5490
143439.7387, 6394396.9528, 35.3352, 346.0323, 363.5490
143436.9035, 6394389.4733, 34.6382, 290.3482, 383.2614
143439.8869, 6394388.9383, 35.2595, 417.8888, 354.4043
143440.4184, 6394390.4431, 35.3185, 423.8564, 354.3203
143444.7498, 6394399.9344, 33.2808, 483.8481, 427.4425
143439.6551, 6394370.4485, 33.4795, 771.2343, 435.3264
143438.1792, 6394369.0090, 32.6162, 716.2576, 519.3658
143437.5694, 6394368.4934, 32.4405, 685.9911, 542.3855
143437.5694, 6394368.4934, 32.4405, 685.9911, 542.3855
143440.6716, 6394390.9351, 35.2818, 428.8018, 356.4335
143439.5809, 6394368.1056, 34.3347, 865.7383, 358.3234
143440.7127, 6394371.6262, 34.4188, 798.1043, 361.3490
143440.3149, 6394370.6495, 34.2846, 808.5089, 369.5419
143443.6225, 6394399.4758, 35.1432, 452.0053, 370.5070
143445.6261, 6394402.4571, 34.9894, 485.6012, 376.7256
143440.2321, 6394370.5871, 34.1724, 805.4017, 378.4492
143440.1510, 6394370.6326, 34.1100, 798.0696, 383.6483
143444.9391, 6394401.4670, 34.7155, 474.7116, 384.4460
143444.9391, 6394401.4670, 34.7155, 474.7116, 384.4460
143439.9227, 6394381.0762, 34.3288, 521.5869, 385.4790
143440.2963, 6394380.9534, 34.1440, 542.3985, 394.5242
143445.5650, 6394395.0377, 33.9387, 556.7557, 405.1051
143445.5650, 6394395.0377, 33.9387, 556.7557, 405.1051
143449.7154, 6394411.9154, 33.6110, 515.8189, 414.3316
143452.9497, 6394405.0960, 34.1071, 651.1871, 398.0663
143446.0273, 6394393.4365, 33.6284, 590.7723, 414.8776
143434.6600, 6394370.0079, 37.8699, 361.3743, 36.4029
143452.9497, 6394405.0960, 34.1071, 651.1871, 398.0663
143457.0222, 6394393.1153, 41.5539, 914.9825, 150.9125
143446.0273, 6394393.4365, 33.6284, 590.7723, 414.8776
143436.8875, 6394374.5872, 37.5411, 452.0356, 151.6751
143451.2587, 6394401.0634, 33.9915, 652.3754, 400.9048
143445.2671, 6394394.4952, 33.3163, 554.0306, 426.4391
143456.6004, 6394391.9738, 40.7021, 924.9111, 172.0843
143445.2671, 6394394.4952, 33.3163, 554.0306, 426.4391
143445.3790, 6394396.5563, 34.0213, 534.4022, 403.0736
143456.6004, 6394391.9738, 40.7021, 924.9111, 172.0843
143444.9827, 6394394.0153, 33.2487, 550.3328, 429.1585
143438.5792, 6394368.5801, 33.3956, 764.8226, 448.1791
143438.4244, 6394369.1197, 32.8619, 731.1179, 495.5620
143438.4918, 6394371.4855, 32.6427, 653.4017, 503.5257
143437.7362, 6394370.9906, 32.6679, 612.5873, 506.9551
143437.9008, 6394370.9994, 32.6553, 624.8264, 507.2057
143437.9008, 6394370.9994, 32.6553, 624.8264, 507.2057
143435.9318, 6394371.5039, 32.7163, 457.6244, 508.7908
143437.3667, 6394369.5362, 32.6637, 630.0249, 516.3618
143437.7016, 6394369.4842, 32.6196, 659.4611, 518.8510
143437.7016, 6394369.4842, 32.6196, 659.4611, 518.8510
143438.2471, 6394368.6098, 32.6398, 737.9661, 519.1708
143447.8570, 6394376.0258, 37.1533, 1023.8527, 212.2229
143439.6170, 6394367.5464, 35.6491, 894.8190, 229.1950
143445.3790, 6394396.5563, 34.0213, 534.4022, 403.0736
143442.2941, 6394378.4682, 33.5844, 691.6937, 420.3110
143437.8567, 6394368.0450, 32.4328, 729.2981, 544.7337
143435.8598, 6394369.0044, 32.4589, 516.5405, 547.3379
143435.8598, 6394369.0044, 32.4589, 516.5405, 547.3379
143434.9141, 6394369.4945, 32.4239, 416.2359, 552.7696
143434.9141, 6394369.4945, 32.4239, 416.2359, 552.7696
143436.4804, 6394368.9677, 32.3375, 573.9945, 555.1957
143434.6056, 6394369.4898, 32.3482, 387.5218, 562.0311
143434.3451, 6394369.5017, 32.3502, 362.3530, 563.4797
143434.3451, 6394369.5017, 32.3502, 362.3530, 563.4797
143434.3336, 6394369.4987, 32.3056, 361.4802, 567.8820
143441.1924, 6394373.0151, 33.5864, 781.5428, 422.4602
143441.2535, 6394376.0532, 33.5411, 696.1433, 424.9071
143441.2535, 6394376.0532, 33.5411, 696.1433, 424.9071
143439.6016, 6394371.5934, 33.4468, 726.3275, 437.1510
143439.5480, 6394371.5966, 33.4286, 722.5634, 438.6911
143439.0590, 6394370.0867, 33.4138, 741.4648, 442.8716
143438.5358, 6394368.6026, 33.4139, 760.2602, 446.6085
143437.5288, 6394373.0052, 33.0346, 541.9587, 472.2677
143437.5288, 6394373.0052, 33.0346, 541.9587, 472.2677
143437.1162, 6394373.0810, 32.8511, 511.3421, 487.1753
143439.0505, 6394373.9801, 32.6812, 620.5091, 489.6339
143439.1236, 6394373.9822, 32.6810, 625.1282, 489.3904
143439.1236, 6394373.9822, 32.6810, 625.1282, 489.3904
143438.2664, 6394368.6270, 32.9592, 738.0988, 489.5344
143439.7006, 6394373.4876, 32.6594, 675.4310, 490.4005
143438.4534, 6394369.1129, 32.9156, 733.5864, 490.6704
143438.2844, 6394368.6050, 32.8561, 740.7507, 499.0610
143435.9326, 6394369.0633, 32.9387, 519.9042, 500.7992
143438.4197, 6394369.1083, 32.7847, 731.3656, 502.5271
143438.8672, 6394370.9916, 32.6298, 696.5996, 505.0407
143438.8672, 6394370.9916, 32.6298, 696.5996, 505.0407
143435.9606, 6394369.0513, 32.8836, 522.9832, 505.9662
143438.2513, 6394370.9758, 32.6444, 651.8716, 506.6373
143438.2513, 6394370.9758, 32.6444, 651.8716, 506.6373
143436.0520, 6394369.0201, 32.8569, 532.3154, 508.1965
143436.0336, 6394371.5193, 32.7153, 465.4596, 508.3326
143435.9787, 6394369.0438, 32.8574, 524.9342, 508.4083
143435.9787, 6394369.0438, 32.8574, 524.9342, 508.4083
143435.6942, 6394370.5108, 32.7105, 460.9642, 515.4062
143437.9219, 6394369.9823, 32.6134, 659.7061, 515.5759
143435.5753, 6394370.0235, 32.7132, 462.5345, 518.4795
143435.5753, 6394370.0235, 32.7132, 462.5345, 518.4795
143436.9577, 6394369.4858, 32.6454, 597.5522, 520.4149
143437.4914, 6394369.0096, 32.6262, 659.1938, 522.1221
143437.4649, 6394368.4839, 32.5855, 676.9642, 529.3793
143437.4649, 6394368.4839, 32.5855, 676.9642, 529.3793
143437.6718, 6394368.4881, 32.5706, 694.6634, 529.5620
143437.0366, 6394368.5210, 32.4499, 638.4661, 544.5696
143436.7711, 6394368.5143, 32.4014, 615.2383, 550.9398
143434.9855, 6394369.4956, 32.4329, 422.8479, 551.4486
143434.9855, 6394369.4956, 32.4329, 422.8479, 551.4486
143436.1640, 6394368.9734, 32.3172, 545.5653, 559.1121
143439.4174, 6394367.6010, 34.9023, 876.9390, 301.8449
143434.3451, 6394374.5316, 34.9177, 276.9184, 339.8240
143434.3451, 6394374.5316, 34.9177, 276.9184, 339.8240
143433.9681, 6394380.9822, 34.9171, 198.3768, 359.2252
143439.7491, 6394396.9490, 35.3142, 346.4428, 364.2557
143442.7510, 6394400.5254, 35.1898, 417.2367, 370.5947
143443.3463, 6394398.4738, 33.5718, 453.7709, 419.8534
143438.9170, 6394370.6133, 32.7262, 713.1205, 498.6671
143436.6563, 6394368.5263, 32.4415, 604.3899, 547.7180
143459.3515, 6394391.1414, 44.4195, 1014.3282, 48.0157
143463.9237, 6394403.5560, 46.0153, 911.7846, 90.1438
143463.9237, 6394403.5560, 46.0153, 911.7846, 90.1438
143448.2424, 6394374.4733, 37.6984, 1099.4860, 168.4231
143448.2424, 6394374.4733, 37.6984, 1099.4860, 168.4231
143433.4905, 6394370.4690, 35.0919, 253.1215, 304.2808
143434.4885, 6394373.4708, 35.0651, 300.5352, 323.8910
143435.2785, 6394375.9783, 35.0589, 326.2002, 334.6805
143437.2673, 6394381.9797, 35.0242, 372.7896, 353.0770
143439.1664, 6394367.6161, 34.1031, 856.9379, 379.4118
143436.1881, 6394369.0030, 32.4926, 546.2712, 542.1097
143447.3882, 6394373.1549, 36.9448, 1113.6957, 200.5973
143434.3214, 6394382.4798, 36.3402, 206.3404, 285.1664
143440.9783, 6394372.6456, 34.5015, 779.1276, 357.9338
143435.3959, 6394385.4761, 34.9783, 247.2990, 363.8028
143437.3939, 6394390.4687, 34.7317, 303.8753, 379.9976
143431.8596, 6394375.4862, 36.4749, 71.5055, 228.4942
143432.8594, 6394378.4898, 35.2227, 140.1412, 334.3539
143434.3500, 6394382.4841, 35.0784, 210.9916, 353.4177
143437.5548, 6394368.4385, 32.1476, 687.6674, 570.5689
143454.9743, 6394384.1123, 41.2791, 1049.2018, 96.0578
143449.0828, 6394378.6259, 38.0514, 990.8217, 185.8549
143431.8283, 6394375.4981, 35.3325, 73.2824, 314.3740
143439.6002, 6394369.1389, 34.2758, 819.2504, 367.0699
143435.5646, 6394369.0225, 32.5606, 488.4687, 539.2868
143437.0404, 6394368.5231, 32.4858, 638.6234, 541.1054
143437.0404, 6394368.5231, 32.4858, 638.6234, 541.1054
143434.7941, 6394381.4965, 27.8818, 259.8391, 744.0337
143458.7260, 6394387.1054, 44.6667, 1087.0166, 2.5893
143459.9543, 6394390.5856, 45.4147, 1041.6765, 11.6805
143461.8790, 6394396.0606, 46.8790, 983.6281, 14.7281
143458.6087, 6394388.1196, 44.5805, 1059.6340, 14.9450
143434.9150, 6394369.9742, 38.0995, 385.1807, 15.3412
143458.7320, 6394388.3630, 44.5780, 1057.5236, 17.5945
143434.6390, 6394369.9915, 37.9629, 359.3578, 26.9083
143458.2249, 6394387.9407, 44.0270, 1053.0599, 32.1710
143458.1033, 6394388.6188, 44.0448, 1034.1182, 37.1540
143457.6433, 6394386.6669, 43.5356, 1066.5432, 37.2345
143459.4074, 6394390.6810, 44.5414, 1025.3427, 40.4080
143459.0182, 6394391.5681, 44.1595, 996.8354, 59.1786
143457.5413, 6394388.0855, 43.2140, 1030.4006, 61.0128
143456.2555, 6394384.9850, 42.4259, 1066.8569, 60.9191
143455.5729, 6394384.1636, 42.0400, 1066.7882, 67.1507
143458.8209, 6394391.6325, 43.9075, 990.3707, 67.5595
143458.8092, 6394391.4908, 43.7428, 992.9746, 71.9309
143439.6650, 6394368.9903, 37.4828, 824.5772, 80.9517
143439.6650, 6394368.9903, 37.4828, 824.5772, 80.9517
143439.6690, 6394368.5917, 37.3984, 843.3946, 80.8311
143464.0831, 6394403.0299, 46.2666, 922.6072, 81.0758
143439.3747, 6394369.0117, 37.4616, 801.0416, 81.7285
143439.3747, 6394369.0117, 37.4616, 801.0416, 81.7285
143438.4972, 6394369.4714, 37.4955, 712.4377, 82.9332
143438.4972, 6394369.4714, 37.4955, 712.4377, 82.9332
143438.5680, 6394369.4834, 37.5027, 717.6172, 82.8846
143437.6641, 6394369.5626, 37.4424, 641.2254, 85.1046
143436.8659, 6394370.0367, 37.4931, 558.8466, 85.4656
143437.5124, 6394369.5620, 37.4278, 628.6375, 85.6256
143436.8061, 6394370.0130, 37.4791, 554.5345, 85.9565
143437.0872, 6394370.0494, 37.4791, 577.0648, 88.1249
143437.1357, 6394370.0311, 37.4788, 581.6806, 88.0556
143436.6816, 6394372.0011, 37.8130, 490.7662, 92.6371
143436.1362, 6394370.5397, 37.4755, 483.0859, 92.8472
143436.1362, 6394370.5397, 37.4755, 483.0859, 92.8472
143436.3067, 6394372.0525, 37.7549, 460.4298, 96.5641
143448.6732, 6394373.0894, 38.6526, 1177.9889, 96.3721
143434.8847, 6394371.5189, 37.5267, 354.7197, 100.0589
143434.7563, 6394372.0473, 37.5496, 334.8086, 106.6795
143458.2174, 6394394.5798, 42.9692, 919.9048, 116.2425
143432.7832, 6394375.0387, 37.7894, 141.9539, 126.0184
143432.7832, 6394375.0387, 37.7894, 141.9539, 126.0184
143432.6811, 6394375.0389, 37.7734, 133.8810, 126.8763
143432.6811, 6394375.0389, 37.7734, 133.8810, 126.8763
143432.4077, 6394375.5319, 37.8156, 110.0450, 129.6565
143432.4077, 6394375.5319, 37.8156, 110.0450, 129.6565
143431.3846, 6394374.0045, 37.4787, 28.3491, 130.2079
143432.0441, 6394375.4947, 37.7450, 81.5141, 133.1953
143448.4517, 6394374.1729, 38.1887, 1121.1251, 136.7458
143455.6880, 6394389.5645, 40.5212, 946.0897, 163.8898
143448.2840, 6394375.6588, 37.9311, 1055.8291, 166.1198
143456.4251, 6394392.1341, 40.7973, 917.0098, 169.5719
143448.2287, 6394375.5351, 37.7842, 1057.9823, 173.2172
143448.6957, 6394377.0697, 38.0404, 1024.4363, 173.3289
143448.7667, 6394376.9845, 37.9852, 1030.4362, 175.7031
143439.8090, 6394368.5081, 36.3353, 860.3826, 177.6003
143448.5420, 6394376.6508, 37.8628, 1032.1296, 179.1081
143447.7065, 6394373.6630, 37.3618, 1107.3885, 179.9199
143448.6820, 6394377.0742, 37.8554, 1023.8328, 183.2384
143456.3162, 6394392.5250, 40.4027, 907.0631, 184.4482
143439.3885, 6394378.9769, 37.8087, 523.1548, 185.3124
143437.2416, 6394379.0257, 37.6269, 402.6612, 192.4897
143437.2416, 6394379.0257, 37.6269, 402.6612, 192.4897
143448.0343, 6394376.1005, 37.4846, 1028.9862, 194.5495
143448.2085, 6394376.5773, 37.5182, 1020.1843, 196.7533
143438.5259, 6394379.4938, 37.6264, 467.9462, 198.5730
143436.2108, 6394380.0519, 37.5996, 330.6547, 200.9396
143436.1695, 6394380.5032, 37.6491, 323.3964, 201.6604
143435.9229, 6394380.5166, 37.6184, 309.2723, 203.1362
143433.4481, 6394380.0107, 37.4653, 164.9630, 204.1334
143447.8627, 6394376.1110, 37.3103, 1020.9895, 204.0981
143447.8627, 6394376.1110, 37.3103, 1020.9895, 204.0981
143435.5229, 6394380.5104, 37.5779, 286.3997, 204.7995
143435.1090, 6394380.5288, 37.5289, 262.2355, 207.1444
143435.1090, 6394380.5288, 37.5289, 262.2355, 207.1444
143447.8462, 6394376.0735, 37.2271, 1021.6240, 208.4385
143447.7909, 6394376.1166, 37.2213, 1017.6087, 209.0070
143447.7909, 6394376.1166, 37.2213, 1017.6087, 209.0070
143434.6777, 6394381.0231, 37.5454, 233.1452, 209.4153
143434.6777, 6394381.0231, 37.5454, 233.1452, 209.4153
143439.4817, 6394367.9892, 35.9070, 860.5030, 209.6130
143448.5592, 6394378.6540, 37.5391, 968.5651, 211.2599
143448.5592, 6394378.6540, 37.5391, 968.5651, 211.2599
143433.7904, 6394380.9964, 37.4673, 180.9607, 212.4373
143439.5028, 6394367.9846, 35.8533, 862.5494, 214.7031
143439.4104, 6394368.0556, 35.7526, 851.7409, 224.9054
143447.5960, 6394375.5562, 36.7863, 1028.9359, 229.2617
143447.5960, 6394375.5562, 36.7863, 1028.9359, 229.2617
143439.4424, 6394367.5881, 35.5640, 878.3995, 237.6161
143447.7867, 6394378.1252, 36.8779, 952.2332, 241.0493
143435.3237, 6394385.0050, 37.4457, 241.4675, 241.6982
143447.5909, 6394376.1169, 36.5630, 1009.0322, 245.5885
143443.1737, 6394388.0282, 37.7943, 555.0980, 246.9462
143439.7766, 6394367.4557, 35.4515, 913.1258, 247.6052
143447.4653, 6394377.6562, 36.6766, 952.7751, 248.5955
143439.7546, 6394367.4663, 35.4160, 910.8187, 251.1394
143442.3242, 6394388.4946, 37.7265, 516.1260, 251.3298
143436.0026, 6394386.9715, 37.4628, 261.6063, 251.8011
143435.8340, 6394386.4669, 37.3821, 257.1201, 252.9236
143442.9764, 6394388.4774, 37.6751, 541.6443, 253.7249
143439.8220, 6394389.4989, 37.6871, 405.9743, 255.9778
143447.5368, 6394377.6277, 36.4940, 956.9809, 258.1772
143438.4824, 6394390.0163, 37.6277, 347.1332, 259.9625
143446.4127, 6394397.4537, 38.0326, 552.3412, 274.4785
143446.4127, 6394397.4537, 38.0326, 552.3412, 274.4785
143439.6550, 6394369.1185, 35.2714, 822.4012, 279.5423
143439.6550, 6394369.1185, 35.2714, 822.4012, 279.5423
143436.0636, 6394369.0135, 35.1401, 526.2982, 289.0880
143436.0636, 6394369.0135, 35.1401, 526.2982, 289.0880
143435.9260, 6394369.0312, 35.1380, 513.1272, 289.3853
143439.5328, 6394368.1281, 34.9945, 859.5236, 296.9862
143439.7779, 6394396.9664, 37.2511, 344.6518, 297.9679
143440.3849, 6394370.6025, 35.1812, 813.6233, 297.8559
143439.5517, 6394396.4565, 37.1757, 340.4064, 299.1846
143436.7345, 6394369.4013, 34.9951, 574.4798, 305.8285
143438.5424, 6394393.4758, 36.6632, 325.0635, 309.6832
143440.5616, 6394371.0959, 35.0728, 806.7235, 309.3093
143440.5616, 6394371.0959, 35.0728, 806.7235, 309.3093
143434.5085, 6394381.4966, 27.7245, 244.2173, 754.3875
143459.1922, 6394389.1821, 44.8917, 1051.7344, 15.1718
143459.1922, 6394389.1821, 44.8917, 1051.7344, 15.1718
143457.9901, 6394387.1035, 43.8897, 1066.0454, 29.0187
143461.6324, 6394396.6318, 46.3922, 967.9072, 32.7677
143461.6324, 6394396.6318, 46.3922, 967.9072, 32.7677
143457.8309, 6394388.5042, 43.7225, 1029.0579, 46.9665
143457.8309, 6394388.5042, 43.7225, 1029.0579, 46.9665
143457.5899, 6394388.5246, 43.3129, 1021.8831, 61.1718
143455.6078, 6394384.6930, 41.9206, 1054.2001, 76.7144
143453.7979, 6394378.6051, 41.8185, 1173.5481, 12.4699
143435.0142, 6394369.9784, 37.8463, 395.2541, 40.3646
143458.5671, 6394391.0838, 43.3900, 994.8051, 80.2132
143435.0658, 6394371.4951, 37.6117, 370.3974, 93.0825
143449.3279, 6394375.5561, 39.1142, 1105.5801, 101.0256
143448.5737, 6394373.0955, 38.5241, 1173.0320, 104.1132
143459.0470, 6394394.6349, 44.3107, 939.6485, 76.3562
143449.5344, 6394376.6033, 39.1472, 1075.9608, 111.3336
143458.4774, 6394395.1090, 43.1765, 917.3465, 113.4155
143459.0470, 6394394.6349, 44.3107, 939.6485, 76.3562
143458.1083, 6394394.4950, 42.7288, 918.6774, 123.0615
143458.2574, 6394391.9717, 42.9560, 969.0034, 100.1729
143449.0271, 6394375.1310, 38.7678, 1108.7760, 114.9907
143450.7940, 6394379.0177, 39.3302, 1046.7833, 128.8071
143448.4193, 6394373.0656, 38.3397, 1167.0688, 114.7488
143448.1607, 6394372.5967, 38.0578, 1176.0028, 126.1003
143431.5877, 6394374.5082, 37.4580, 46.1373, 140.0660
143449.1329, 6394376.0990, 38.6884, 1077.0332, 130.0520
143436.8181, 6394375.0017, 37.6125, 439.4598, 151.4492
143437.0232, 6394374.5289, 37.6564, 462.1959, 143.0925
143437.0739, 6394374.5302, 37.5689, 465.8752, 149.5302
143437.0739, 6394374.5302, 37.5689, 465.8752, 149.5302
143448.7503, 6394376.5784, 38.3215, 1043.4302, 153.9164
143456.2536, 6394392.5194, 40.2288, 905.5428, 190.0630
143448.7503, 6394376.5784, 38.3215, 1043.4302, 153.9164
143447.9237, 6394375.6533, 37.3661, 1040.0439, 197.4327
143448.6797, 6394376.6587, 38.1979, 1037.6415, 161.2242
143449.7869, 6394380.6322, 37.9346, 960.7090, 206.5254
143448.1488, 6394374.6177, 37.7515, 1089.3463, 166.4661
143447.7733, 6394375.0373, 37.0405, 1056.1499, 211.0198
143448.0551, 6394374.6478, 37.6128, 1083.8794, 174.7182
143447.7636, 6394376.1146, 37.0410, 1016.5829, 219.0362
143438.2040, 6394378.4521, 37.8454, 466.1173, 176.2020
143447.6194, 6394377.0942, 36.7656, 977.3658, 240.5733
143439.7101, 6394367.4982, 35.4674, 905.3572, 246.4313
143454.2064, 6394386.6491, 39.4992, 964.1740, 182.5962
143447.9403, 6394374.0052, 37.3636, 1104.4242, 183.4451
143434.0959, 6394381.4763, 36.7834, 198.1809, 255.1731
143439.5805, 6394368.0909, 35.2405, 864.7129, 273.6981
143433.8698, 6394380.9864, 36.0096, 189.6362, 296.6105
143439.7334, 6394367.4917, 34.8726, 908.6964, 303.9241
143436.7100, 6394369.4142, 34.9471, 572.0801, 310.3734
143436.7100, 6394369.4142, 34.9471, 572.0801, 310.3734
143436.6664, 6394369.4354, 34.8754, 567.8398, 317.1669
143456.3294, 6394392.0144, 40.3126, 916.8677, 184.8997
143435.4971, 6394376.4507, 35.2210, 334.5605, 325.4731
143435.4971, 6394376.4507, 35.2210, 334.5605, 325.4731
143435.9828, 6394379.0121, 34.9519, 335.1061, 350.7176
143439.6991, 6394368.6264, 34.4140, 849.8373, 352.9081
143447.9558, 6394375.1279, 37.4782, 1060.8817, 186.6704
143439.6991, 6394368.6264, 34.4140, 849.8373, 352.9081
143437.5733, 6394378.5259, 37.5493, 429.2383, 193.3697
143437.5733, 6394378.5259, 37.5493, 429.2383, 193.3697
143438.6987, 6394379.5092, 37.5690, 477.2366, 202.2330
143442.6754, 6394404.4633, 35.3476, 387.4453, 369.7472
143439.4879, 6394368.6062, 34.1418, 834.8284, 377.6958
143434.9459, 6394372.4810, 34.0285, 355.0576, 402.8922
143438.9640, 6394379.5091, 37.5819, 491.5745, 201.9109
143439.5725, 6394367.5772, 35.8413, 889.1705, 210.8238
143447.6895, 6394375.5484, 36.9956, 1033.3724, 217.3669
143447.5926, 6394375.6282, 36.9642, 1026.0394, 219.6233
143439.7058, 6394367.4940, 35.6653, 904.8694, 227.1713
143439.5521, 6394367.9852, 35.5245, 867.1465, 245.9251
143444.1501, 6394399.4564, 34.0875, 469.2854, 403.0619
143433.9024, 6394380.9818, 36.6647, 189.8826, 258.8598
143433.9024, 6394380.9818, 36.6647, 189.8826, 258.8598
143439.6913, 6394367.5166, 35.2876, 903.1673, 264.0057
143444.1501, 6394399.4564, 34.0875, 469.2854, 403.0619
143436.4021, 6394376.4566, 34.0079, 397.0248, 404.6868
143436.4021, 6394376.4566, 34.0079, 397.0248, 404.6868
143436.0366, 6394375.4739, 33.9173, 388.1086, 410.8883
143440.5240, 6394371.1271, 33.6902, 805.4188, 416.2751
143434.8277, 6394383.4812, 36.7420, 226.9935, 268.8934
143445.0352, 6394395.0316, 33.3404, 540.5875, 425.8187
143445.9831, 6394397.4737, 37.8026, 539.3849, 281.8271
143445.0352, 6394395.0316, 33.3404, 540.5875, 425.8187
143436.5551, 6394371.0669, 32.9420, 517.5618, 489.1086
143436.7628, 6394372.5259, 32.7356, 498.5912, 499.2795
143438.2462, 6394372.0046, 32.6807, 620.1547, 499.5003
143438.9767, 6394370.9753, 32.6154, 705.0992, 505.7825
143438.2079, 6394368.6341, 32.7770, 733.3912, 506.5882
143437.1159, 6394369.9902, 32.6616, 594.5197, 515.3542
143437.7508, 6394368.4944, 32.5654, 701.1721, 529.5612
143436.3848, 6394368.9823, 32.5473, 564.3857, 535.9072
143436.4584, 6394368.9900, 32.4756, 570.9108, 542.1650
143436.1924, 6394378.4448, 35.2142, 353.7979, 333.0512
143440.1664, 6394397.9460, 35.0586, 354.0692, 373.7456
143443.3773, 6394400.4830, 34.9949, 436.6263, 376.1971
143443.0074, 6394400.0030, 34.6908, 429.5888, 385.4563
143443.0074, 6394400.0030, 34.6908, 429.5888, 385.4563
143442.7055, 6394404.4559, 34.7739, 388.9765, 386.1583
143442.4332, 6394400.0399, 34.6884, 411.7945, 385.9522
143444.2531, 6394400.4932, 34.3160, 463.3129, 396.3814
143440.2919, 6394371.1313, 33.9228, 789.1215, 398.8276
143442.4732, 6394397.9628, 33.5757, 430.6646, 420.6042
143441.1735, 6394373.0252, 33.5819, 780.0548, 422.8093
143438.2190, 6394371.9834, 32.6690, 618.8515, 500.5993
143438.1584, 6394368.0908, 32.8256, 752.2901, 505.0842
143436.0867, 6394369.0075, 32.8416, 535.8890, 509.5359
143436.0867, 6394369.0075, 32.8416, 535.8890, 509.5359
143437.9317, 6394370.0420, 32.6487, 658.3378, 512.1991
143437.9317, 6394370.0420, 32.6487, 658.3378, 512.1991
143437.9317, 6394370.0420, 32.6487, 658.3378, 512.1991
143458.5934, 6394386.9376, 44.5063, 1087.3402, 6.4657
143456.6631, 6394384.0512, 43.4154, 1103.7838, 13.7669
143456.6631, 6394384.0512, 43.4154, 1103.7838, 13.7669
143458.5581, 6394388.4728, 44.5352, 1050.1086, 19.6394
143458.5581, 6394388.4728, 44.5352, 1050.1086, 19.6394
143458.3843, 6394388.0495, 44.3840, 1054.9418, 20.7363
143458.1518, 6394388.0764, 44.0330, 1047.8237, 32.9650
143458.0122, 6394388.6480, 43.9358, 1030.9203, 41.0479
143456.6948, 6394385.6127, 43.0095, 1064.2443, 45.0514
143450.2983, 6394376.8338, 40.2512, 1099.3810, 57.1944
143450.2983, 6394376.8338, 40.2512, 1099.3810, 57.1944
143457.6142, 6394388.6052, 43.3742, 1020.7565, 59.6973
143458.8935, 6394391.1194, 43.9857, 1002.6396, 61.2719
143456.1733, 6394385.0526, 42.3482, 1062.5994, 64.3669
143457.1878, 6394387.6359, 42.8360, 1030.5408, 70.2367
143457.1878, 6394387.6359, 42.8360, 1030.5408, 70.2367
143449.7066, 6394377.1209, 40.0142, 1064.5345, 71.2421
143434.4062, 6394370.0049, 38.1640, 336.1628, 6.0734
143457.3674, 6394385.1099, 43.8429, 1097.2858, 9.8633
143458.6943, 6394388.0440, 44.5992, 1063.8156, 13.8158
143457.4880, 6394385.6141, 43.8354, 1087.9568, 15.5370
143460.0110, 6394391.4203, 45.3188, 1025.7504, 22.0990
143456.4705, 6394384.0178, 43.1525, 1098.7328, 23.4076
143449.8895, 6394376.9781, 39.9864, 1077.2510, 71.6364
143464.0252, 6394402.6043, 46.0211, 927.6646, 84.9697
143435.0867, 6394371.5060, 37.5372, 372.2307, 99.8622
143435.0867, 6394371.5060, 37.5372, 372.2307, 99.8622
143434.9259, 6394373.5363, 37.8257, 325.0639, 109.0295
143457.5369, 6394391.6141, 42.1888, 956.7471, 121.9721
143457.5369, 6394391.6141, 42.1888, 956.7471, 121.9721
143449.0895, 6394377.0938, 38.5223, 1040.2413, 148.6086
143436.7234, 6394375.0106, 37.5427, 433.0308, 156.2069
143456.4466, 6394390.5816, 40.9248, 947.2808, 156.7443
143456.6957, 6394392.1300, 41.0595, 924.4156, 161.2140
143440.1028, 6394368.4319, 36.4865, 886.6586, 163.6114
143440.1028, 6394368.4319, 36.4865, 886.6586, 163.6114
143434.3335, 6394370.0112, 38.0006, 329.7078, 21.5461
143435.0201, 6394369.9756, 37.8517, 395.8402, 39.8296
143434.7508, 6394369.9685, 37.7103, 371.3230, 51.4449
143437.3203, 6394375.0591, 37.4538, 472.5470, 164.5870
143448.1818, 6394374.0609, 37.7036, 1113.3668, 163.9938
143448.7012, 6394376.5860, 38.0882, 1041.1910, 166.5869
143457.5246, 6394389.1399, 43.2561, 1006.5332, 67.9613
143455.8845, 6394391.1060, 40.1217, 921.5892, 186.2643
143439.2795, 6394379.0181, 37.7766, 516.5786, 187.3072
143458.7666, 6394391.5828, 43.7508, 989.9799, 72.2550
143438.9601, 6394379.4776, 37.8014, 491.4478, 189.2192
143439.5747, 6394367.5591, 35.9454, 890.1140, 200.4693
143456.5087, 6394387.0935, 41.8770, 1023.4180, 99.8342
143454.5463, 6394389.1071, 39.4100, 922.2307, 199.5773
143448.9460, 6394377.5179, 38.2799, 1020.1036, 164.9101
143447.9352, 6394376.0505, 37.3385, 1026.3792, 202.1600
143439.6108, 6394367.5435, 35.9009, 893.9906, 204.6814
143437.9277, 6394377.5353, 37.8296, 465.2345, 167.7325
143437.9277, 6394377.5353, 37.8296, 465.2345, 167.7325
143433.8743, 6394380.9909, 37.5155, 185.8945, 209.7240
143439.6726, 6394367.5285, 35.7353, 900.1753, 220.7197
143439.7575, 6394367.4580, 35.6762, 911.0297, 225.7772
143448.1768, 6394375.5173, 37.6615, 1056.3652, 179.9405
143441.5220, 6394387.9728, 37.6939, 490.9051, 249.8547
143439.7297, 6394367.4849, 35.3941, 907.8142, 253.4156
143454.0713, 6394386.1261, 39.3750, 971.8812, 184.1588
143442.3783, 6394388.5113, 37.6325, 518.1511, 255.2912
143438.8570, 6394379.4970, 37.6908, 485.7773, 195.4753
143438.8570, 6394379.4970, 37.6908, 485.7773, 195.4753
143444.2942, 6394392.9738, 37.9887, 533.8047, 260.3561
143439.5270, 6394368.1297, 35.3934, 858.2120, 259.6878
143432.2575, 6394376.4957, 36.8564, 98.8776, 210.6804
143432.6752, 6394377.4842, 36.8099, 126.3993, 223.5233
143444.4449, 6394392.9862, 37.7175, 539.1025, 270.2244
143447.9948, 6394377.6303, 37.1273, 976.4143, 225.0644
143445.8553, 6394397.4680, 37.9978, 535.3547, 275.5018
143439.5672, 6394368.1038, 35.1903, 863.0966, 278.5044
143436.3109, 6394368.9695, 35.1577, 550.1454, 287.1233
143439.7522, 6394369.0531, 35.0589, 833.1410, 297.8069
143439.5778, 6394368.1082, 34.9532, 864.1863, 300.7046
143448.0679, 6394378.6105, 36.9549, 949.6287, 240.2031
143442.4469, 6394388.4642, 37.8531, 521.1088, 246.0649
143439.0654, 6394394.9692, 36.5481, 334.2170, 317.6409
143433.4928, 6394371.0047, 34.9457, 247.1565, 321.3095
143442.6566, 6394388.5220, 37.6405, 528.7918, 255.1564
143436.4535, 6394379.4668, 35.3574, 356.5401, 327.9289
143442.6566, 6394388.5220, 37.6405, 528.7918, 255.1564
143434.8532, 6394383.9794, 35.5811, 227.8832, 330.7456
143439.6662, 6394367.5242, 34.5912, 901.9828, 331.2847
143439.5847, 6394369.1559, 34.6294, 816.6342, 336.1927
143444.3701, 6394392.9766, 37.8581, 536.5082, 265.1053
143439.6025, 6394367.5460, 35.2581, 894.3798, 267.0617
143439.5037, 6394368.1529, 34.8655, 856.2290, 309.1978
143437.2343, 6394381.4466, 35.2978, 376.6133, 337.1792
143440.5572, 6394371.1034, 34.6180, 806.9382, 344.5942
143439.8063, 6394369.0300, 34.4955, 839.3585, 347.1775
143439.5395, 6394368.1181, 34.2819, 861.9233, 363.3326
143433.8599, 6394380.9911, 35.5937, 190.1154, 320.5405
143435.3954, 6394375.9484, 35.1776, 334.2621, 326.3787
143435.3954, 6394375.9484, 35.1776, 334.2621, 326.3787
143434.3412, 6394373.5014, 34.9659, 288.8178, 331.8731
143439.8182, 6394369.0234, 34.5497, 840.4563, 342.3834
143442.5854, 6394396.4732, 35.1475, 445.0281, 367.7293
143442.5854, 6394396.4732, 35.1475, 445.0281, 367.7293
143440.7311, 6394371.6148, 34.6144, 799.3990, 346.5932
143435.8849, 6394378.5196, 34.9427, 334.8855, 350.0037
143438.5869, 6394393.9574, 35.4372, 325.2834, 356.3938
143439.5177, 6394368.1426, 34.3568, 858.8340, 356.4847
143444.2022, 6394408.4478, 35.1948, 403.7817, 376.5145
143440.2346, 6394370.5857, 34.1748, 805.6254, 378.2533
143440.2110, 6394370.6000, 34.1127, 803.5302, 383.2683
143440.5046, 6394371.6160, 34.1097, 785.2727, 384.8638
143439.0335, 6394394.9788, 35.1034, 335.1092, 369.6838
143440.3554, 6394371.0965, 34.0888, 794.4476, 385.8063
143444.0646, 6394407.9391, 34.7044, 403.8599, 389.2709
143444.1607, 6394399.4534, 34.0728, 469.6451, 403.5114
143439.8219, 6394369.6103, 33.8263, 816.4318, 406.1991
143436.0293, 6394375.4755, 33.9243, 387.5694, 410.4242
143442.9123, 6394399.9881, 34.5217, 427.0081, 390.7731
143442.9123, 6394399.9881, 34.5217, 427.0081, 390.7731
143443.3859, 6394399.5082, 34.3158, 445.4846, 396.5787
143445.4705, 6394401.4758, 34.0092, 490.5397, 405.0146
143444.9027, 6394400.4314, 33.8988, 483.3338, 408.5087
143440.4955, 6394371.6206, 33.8040, 785.0421, 407.8891
143443.4591, 6394381.4357, 33.6017, 682.3087, 417.7170
143440.8589, 6394372.1292, 33.4840, 791.1274, 430.7542
143439.9370, 6394372.5953, 33.4548, 715.9813, 434.9349
143439.2237, 6394372.5418, 32.6719, 671.9639, 494.3619
143436.0267, 6394369.0367, 32.9988, 529.0630, 494.7343
143436.0267, 6394369.0367, 32.9988, 529.0630, 494.7343
143439.4384, 6394372.5440, 32.6567, 686.2723, 494.6551
143439.4384, 6394372.5440, 32.6567, 686.2723, 494.6551
