143437.9077, 6394369.4733, 32.5016, 677.4478, 528.6780
143437.9131, 6394369.0544, 32.5304, 694.7496, 528.7724
143437.9131, 6394369.0544, 32.5304, 694.7496, 528.7724
143435.1118, 6394370.4687, 32.2810, 396.4093, 561.1983
143437.4686, 6394374.4881, 32.7321, 494.7650, 487.9155
143436.6707, 6394371.5780, 32.9151, 503.5964, 487.5527
143438.2997, 6394371.9829, 32.6729, 620.7691, 498.0472
143448.3754, 6394373.1286, 38.2632, 1177.5557, 97.1184
143438.2997, 6394371.9829, 32.6729, 620.7691, 498.0472
143438.4355, 6394369.1002, 32.7456, 737.1530, 504.6197
143437.0448, 6394369.5293, 32.5343, 599.7562, 530.8777
143438.2488, 6394369.0224, 32.4543, 725.4484, 534.0417
143436.7853, 6394369.9670, 32.3609, 562.4971, 545.8198
143449.4267, 6394376.5591, 38.9792, 1081.5294, 98.7607
143456.2077, 6394383.6265, 42.9477, 1104.6321, 5.9529
143435.2190, 6394370.9687, 38.0166, 370.5770, 18.0952
143438.5201, 6394369.5001, 37.5384, 712.9019, 50.5620
143439.1679, 6394369.0616, 37.4610, 787.1163, 52.0348
143439.3244, 6394369.0417, 37.4668, 801.1031, 51.9473
143432.9645, 6394374.0544, 37.6796, 128.2112, 99.3305
143439.3244, 6394369.0417, 37.4668, 801.1031, 51.9473
143449.1627, 6394375.5081, 38.7448, 1110.7184, 99.3534
143431.8186, 6394374.9790, 37.6318, 24.5595, 114.1349
143431.8186, 6394374.9790, 37.6318, 24.5595, 114.1349
143448.8238, 6394375.5849, 38.4564, 1092.3746, 116.2455
143464.5095, 6394404.1401, 47.0871, 910.1276, 51.7864
143436.6634, 6394370.0387, 37.4739, 530.2339, 57.9943
143437.1186, 6394370.0369, 37.4940, 571.1651, 58.6042
143437.1186, 6394370.0369, 37.4940, 571.1651, 58.6042
143437.1573, 6394370.0220, 37.4936, 575.0978, 58.5316
143437.1573, 6394370.0220, 37.4936, 575.0978, 58.5316
143456.7403, 6394390.5780, 41.2050, 953.9361, 131.9772
143456.7403, 6394390.5780, 41.2050, 953.9361, 131.9772
143458.5468, 6394391.0795, 43.4660, 992.9237, 60.2793
143436.2229, 6394370.5184, 37.4893, 476.1677, 64.4621
143436.6689, 6394372.0066, 37.8166, 474.9926, 67.0399
143435.1653, 6394371.5064, 37.5888, 356.6779, 70.0432
143432.1703, 6394375.5387, 37.8023, 53.8638, 110.3266
143448.6069, 6394375.6622, 38.3240, 1079.4465, 124.3290
143432.4011, 6394376.5415, 37.4429, 72.6783, 152.9081
143432.4615, 6394377.0043, 37.4936, 76.1724, 155.0300
143442.0407, 6394376.1209, 37.5440, 728.5742, 162.5208
143442.0407, 6394376.1209, 37.5440, 728.5742, 162.5208
143442.2944, 6394377.9207, 37.8232, 693.7092, 163.6691
143455.7023, 6394388.6368, 40.8015, 964.8632, 132.4356
143442.2944, 6394377.9207, 37.8232, 693.7092, 163.6691
143444.0370, 6394407.4492, 36.9139, 390.9145, 321.9977
143440.6616, 6394371.6468, 34.7656, 797.3024, 323.3194
143440.6802, 6394371.6389, 34.7202, 799.0004, 326.8582
143442.2140, 6394377.9592, 37.8249, 688.4624, 163.7870
143440.6802, 6394371.6389, 34.7202, 799.0004, 326.8582
143439.6920, 6394369.0996, 34.4837, 836.1939, 336.5333
143440.4961, 6394371.1445, 34.5546, 806.2144, 338.2575
143448.6664, 6394376.6555, 38.1693, 1044.7947, 143.6163
143442.2140, 6394377.9592, 37.8249, 688.4624, 163.7870
143432.3492, 6394376.4921, 37.4554, 68.5622, 151.2106
143440.2203, 6394378.5593, 37.8242, 566.1685, 165.9718
143448.6529, 6394377.0848, 37.9309, 1029.0214, 160.9811
143440.4230, 6394378.6043, 37.8029, 576.5378, 168.0331
143440.4230, 6394378.6043, 37.8029, 576.5378, 168.0331
143447.9208, 6394374.0845, 37.3883, 1112.6102, 163.0144
143439.4384, 6394378.9765, 37.8438, 514.1285, 167.3800
143447.9819, 6394375.6140, 37.5513, 1052.9125, 168.0676
143434.8584, 6394381.4516, 27.7199, 246.2672, 761.6946
143454.7008, 6394388.5711, 39.7898, 936.5107, 168.2734
143437.9052, 6394378.4986, 37.6738, 433.4874, 170.4468
143437.4760, 6394378.0335, 37.5472, 415.0031, 173.1080
143437.3531, 6394378.0349, 37.5539, 407.3074, 172.4724
143437.2277, 6394378.0476, 37.5308, 399.3332, 173.8565
143432.9865, 6394378.5022, 37.4778, 110.9280, 174.2345
143437.4195, 6394378.0529, 37.5158, 411.2727, 175.2151
143433.2241, 6394378.9964, 37.5042, 125.6546, 177.9725
143437.2469, 6394378.5593, 37.5463, 392.8364, 177.8907
143454.5608, 6394388.5596, 39.6075, 932.5856, 174.8498
143437.2469, 6394378.5593, 37.5463, 392.8364, 177.8907
143437.1803, 6394378.5720, 37.5675, 388.4945, 176.5651
143437.3271, 6394379.0379, 37.5411, 390.8034, 182.8290
143437.1803, 6394378.5720, 37.5675, 388.4945, 176.5651
143447.9169, 6394375.5303, 37.2274, 1053.4169, 186.3947
143436.8073, 6394379.9993, 37.7165, 346.5140, 180.0924
143439.1208, 6394379.4904, 37.7011, 487.4296, 180.0380
143453.2834, 6394385.4783, 38.8001, 962.3578, 187.0133
143436.7402, 6394379.9917, 37.7097, 342.6421, 180.3260
143437.5577, 6394379.0066, 37.5788, 405.0117, 180.5820
143448.5219, 6394378.0919, 37.5535, 989.3383, 189.8185
143436.4025, 6394380.0044, 37.6751, 322.4105, 182.0045
143447.7779, 6394376.1307, 37.2135, 1024.2208, 192.1164
143437.1606, 6394379.0581, 37.5423, 380.4604, 182.6773
143436.2166, 6394380.0417, 37.6620, 310.8372, 182.8452
143453.9996, 6394389.0938, 39.1677, 904.3513, 193.5894
143434.9557, 6394370.9847, 38.0233, 345.4254, 16.0704
143436.5150, 6394380.0035, 37.6001, 329.3830, 186.6834
143440.6761, 6394390.9355, 35.2514, 415.8448, 350.1685
143436.5632, 6394379.9935, 37.6000, 332.3814, 186.6760
143454.1329, 6394389.0046, 39.1666, 910.3270, 193.2753
143440.6761, 6394390.9355, 35.2514, 415.8448, 350.1685
143434.6458, 6394381.0206, 37.6005, 206.7474, 192.8403
143458.1042, 6394388.5908, 44.1377, 1034.6912, 14.4929
143435.1826, 6394370.9794, 37.9355, 367.2993, 25.8848
143448.8143, 6394379.0796, 37.5574, 970.4260, 197.3417
143439.7722, 6394368.5482, 35.8603, 866.8714, 200.5980
143439.7722, 6394368.5482, 35.8603, 866.8714, 200.5980
143434.6797, 6394381.0216, 37.5640, 208.9314, 195.0711
143439.7364, 6394368.5671, 35.7985, 863.0933, 206.7771
143455.7764, 6394383.5791, 42.3954, 1092.2012, 27.4073
143448.1900, 6394377.4807, 37.1710, 995.4599, 205.5807
143447.5240, 6394375.6432, 36.5771, 1031.1438, 225.3912
143439.7144, 6394369.0776, 35.6605, 836.0867, 226.1621
143440.0010, 6394370.0989, 35.7772, 811.1190, 227.1547
143440.0010, 6394370.0989, 35.7772, 811.1190, 227.1547
143449.9968, 6394376.9237, 39.8474, 1092.0573, 56.4443
143448.1111, 6394378.0969, 37.2092, 971.5017, 207.8999
143442.8329, 6394378.0470, 36.7331, 720.8433, 229.6055
143448.9046, 6394374.0975, 38.6669, 1158.4216, 85.8149
143436.6162, 6394373.9676, 37.6434, 427.9389, 114.4806
143433.0855, 6394378.9848, 37.0149, 117.8732, 210.1307
143448.0554, 6394373.0554, 37.7363, 1165.5190, 129.6796
143442.8329, 6394378.0470, 36.7331, 720.8433, 229.6055
143447.6592, 6394375.0343, 36.7277, 1061.1090, 211.8964
143448.2052, 6394374.1146, 37.7982, 1124.8013, 138.2502
143441.8876, 6394388.4945, 37.8157, 486.9311, 236.0501
143448.7895, 6394377.0016, 38.0127, 1037.9856, 155.9166
143452.2452, 6394386.1163, 38.0103, 913.1757, 221.7115
143447.7189, 6394378.0916, 36.6799, 954.8635, 236.1242
143447.7844, 6394377.5211, 36.8826, 976.1827, 221.3673
143440.9601, 6394391.9572, 35.1953, 416.8300, 353.8368
143447.7488, 6394377.5560, 36.8195, 973.4866, 225.0541
143439.5841, 6394368.5656, 35.5943, 851.0679, 226.3833
143439.9716, 6394368.5298, 35.5636, 884.9185, 229.4374
143448.2170, 6394376.0033, 37.6577, 1048.9537, 165.8591
143436.0501, 6394386.9716, 37.4084, 243.5433, 244.0674
143438.9028, 6394379.4775, 37.7278, 475.3305, 178.0106
143447.6996, 6394377.4890, 36.6877, 973.6425, 231.8487
143438.9028, 6394379.4775, 37.7278, 475.3305, 178.0106
143437.7522, 6394379.0467, 37.5380, 416.1230, 183.7595
143440.6906, 6394371.6413, 34.3366, 800.4925, 357.2366
143437.7522, 6394379.0467, 37.5380, 416.1230, 183.7595
143439.7838, 6394389.5021, 37.6756, 389.5568, 245.9422
143435.2986, 6394384.9674, 37.3958, 218.4959, 233.0475
143447.6931, 6394374.9940, 36.8089, 1064.2716, 206.6947
143443.0326, 6394388.5420, 37.5951, 532.5057, 246.0575
143447.6931, 6394374.9940, 36.8089, 1064.2716, 206.6947
143447.7029, 6394377.5862, 36.8432, 970.3818, 223.9165
143440.1562, 6394368.4091, 35.3135, 906.9936, 252.4623
143443.2144, 6394388.0143, 37.7908, 546.6643, 235.3727
143443.2144, 6394388.0143, 37.7908, 546.6643, 235.3727
143436.2204, 6394387.4641, 37.4093, 248.4894, 246.6384
143444.4805, 6394392.9874, 37.8534, 529.5201, 254.8373
143442.8781, 6394388.4915, 37.7601, 526.8004, 238.8315
143447.5690, 6394377.1684, 36.5066, 978.6726, 239.7806
143446.3375, 6394397.4674, 37.9599, 539.6793, 266.9080
143442.9490, 6394388.4892, 37.6591, 529.8077, 243.0968
143436.4217, 6394387.9638, 37.3888, 254.7209, 250.1598
143442.9490, 6394388.4892, 37.6591, 529.8077, 243.0968
143439.7391, 6394369.0741, 35.4130, 838.8807, 249.4154
143439.7391, 6394369.0741, 35.4130, 838.8807, 249.4154
143439.7557, 6394368.5846, 35.3598, 864.8730, 249.5161
143446.3375, 6394397.4674, 37.9599, 539.6793, 266.9080
143433.9347, 6394371.9634, 35.2746, 246.3783, 286.4279
143433.9347, 6394371.9634, 35.2746, 246.3783, 286.4279
143439.7360, 6394368.5954, 34.8431, 863.9843, 299.4391
143439.7360, 6394368.5954, 34.8431, 863.9843, 299.4391
143434.4601, 6394373.4667, 35.2197, 273.5882, 301.2695
143434.1438, 6394372.4758, 35.0799, 259.7394, 307.3271
143433.9160, 6394371.9893, 34.9677, 245.7394, 314.6251
143433.9160, 6394371.9893, 34.9677, 245.7394, 314.6251
143435.6922, 6394376.9563, 35.1699, 321.5027, 321.7442
143440.5496, 6394371.1068, 34.7456, 811.1113, 322.4278
143439.7521, 6394368.5977, 34.5790, 865.8398, 324.8179
143439.7521, 6394368.5977, 34.5790, 865.8398, 324.8179
143443.7282, 6394400.4763, 35.0627, 435.0580, 366.9665
143436.0650, 6394387.4828, 35.4097, 245.7547, 340.2339
143433.5526, 6394375.0048, 31.4742, 198.3041, 599.9706
143433.5526, 6394375.0048, 31.4742, 198.3041, 599.9706
143438.0059, 6394390.0388, 37.5939, 310.0887, 251.2961
143436.9772, 6394389.4577, 37.4054, 269.9121, 256.5703
143440.0719, 6394368.4626, 35.2730, 897.3521, 256.8630
143436.0650, 6394387.4828, 35.4097, 245.7547, 340.2339
143435.9438, 6394386.9706, 34.6911, 245.0443, 373.1574
143434.9909, 6394383.9723, 36.9176, 209.5113, 252.1225
143439.7152, 6394368.5874, 35.3071, 861.5319, 254.6126
143446.7075, 6394397.4665, 38.0094, 551.0130, 265.3141
143444.9017, 6394393.0089, 37.6976, 544.0797, 260.7396
143446.4955, 6394397.4698, 37.9060, 544.5938, 268.6979
143439.7908, 6394368.5609, 35.1559, 869.4894, 268.9928
143443.1540, 6394399.0156, 34.2691, 430.4713, 391.6431
143446.4221, 6394397.0389, 37.9808, 546.9332, 264.8641
143445.9250, 6394397.4866, 37.8826, 526.7939, 269.4833
143433.9405, 6394374.9705, 31.5374, 229.1333, 592.8600
143444.5108, 6394400.9624, 34.9577, 454.7433, 370.0888
143433.9405, 6394374.9705, 31.5374, 229.1333, 592.8600
143446.4221, 6394397.0389, 37.9808, 546.9332, 264.8641
143446.1268, 6394387.6284, 36.8335, 666.5915, 274.5491
143449.5103, 6394411.4167, 33.7732, 504.5358, 403.9153
143440.0416, 6394370.0923, 33.7583, 819.4022, 403.6052
143439.5561, 6394381.0858, 30.3542, 500.9872, 592.8511
143437.2841, 6394378.9496, 33.8148, 399.8264, 410.6391
143437.9634, 6394369.0405, 32.5504, 699.6640, 526.6085
143446.6179, 6394397.4777, 37.8851, 548.2974, 269.4142
143446.1268, 6394387.6284, 36.8335, 666.5915, 274.5491
143439.5979, 6394381.0610, 30.2680, 503.7340, 597.4120
143446.6179, 6394397.4777, 37.8851, 548.2974, 269.4142
143439.6140, 6394369.1311, 35.1859, 826.6216, 271.1951
143439.6140, 6394369.1311, 35.1859, 826.6216, 271.1951
143436.6845, 6394369.9567, 35.1940, 543.3618, 277.3948
143440.1144, 6394368.4417, 35.0012, 902.5616, 282.8848
143439.7209, 6394369.0793, 34.9844, 838.2386, 289.6265
143437.0417, 6394370.4155, 35.0035, 561.1001, 298.8002
143436.8271, 6394369.9255, 34.9270, 558.1725, 302.7087
143440.5420, 6394371.1110, 34.9824, 809.8535, 303.0804
143440.5420, 6394371.1110, 34.9824, 809.8535, 303.0804
143437.9638, 6394369.4470, 32.3564, 683.7409, 542.1138
143437.9638, 6394369.4470, 32.3564, 683.7409, 542.1138
143438.4154, 6394368.9696, 32.2219, 742.7169, 555.4682
143448.9845, 6394401.4566, 38.0648, 574.6526, 275.3258
143436.2069, 6394370.0464, 35.1551, 497.2429, 281.9438
143436.2069, 6394370.0464, 35.1551, 497.2429, 281.9438
143439.7515, 6394368.5874, 34.7430, 865.9164, 309.0031
143440.0957, 6394368.4592, 34.7123, 900.7873, 310.8036
143439.1537, 6394394.9506, 37.2031, 320.5156, 285.3948
143440.3913, 6394370.6089, 34.7609, 820.5258, 318.7723
143440.0949, 6394368.4564, 34.6242, 901.0762, 319.2503
143440.2188, 6394368.3726, 34.6043, 915.6766, 320.5233
143443.0535, 6394404.0074, 37.8103, 384.8450, 289.6525
143445.2713, 6394401.4496, 34.6968, 473.3395, 377.8622
143439.9783, 6394370.1295, 34.0555, 812.2716, 378.0199
143439.9783, 6394370.1295, 34.0555, 812.2716, 378.0199
143443.0535, 6394404.0074, 37.8103, 384.8450, 289.6525
143439.8185, 6394368.5557, 34.5957, 873.4033, 322.8907
143439.7817, 6394368.5794, 34.5802, 869.2000, 324.5656
143445.5429, 6394401.9263, 34.6454, 477.1508, 379.5338
143440.3312, 6394398.4537, 37.3471, 337.9186, 290.3871
143452.1083, 6394403.1017, 34.3465, 643.8074, 383.5011
143445.3072, 6394396.5592, 33.9676, 522.3789, 398.1259
143438.6919, 6394393.9750, 36.7002, 310.8081, 301.5014
143445.6586, 6394394.5276, 33.8853, 556.6260, 399.7244
143445.6586, 6394394.5276, 33.8853, 556.6260, 399.7244
143437.9498, 6394383.4377, 35.2713, 374.8240, 335.4360
143445.2792, 6394396.0484, 33.9091, 527.0499, 399.9254
143441.0441, 6394372.6400, 33.6615, 788.0406, 409.8517
143440.7382, 6394371.6224, 33.6605, 806.0334, 410.4381
143442.0008, 6394378.0248, 33.5871, 683.8110, 413.6052
143440.0911, 6394373.0889, 33.4242, 710.2164, 430.1907
143440.0911, 6394373.0889, 33.4242, 710.2164, 430.1907
143439.4695, 6394369.9634, 33.4805, 781.8889, 429.8492
143439.5669, 6394371.5896, 33.4283, 725.2583, 432.6652
143439.2172, 6394370.5859, 33.3719, 737.1738, 439.6520
143439.2172, 6394370.5859, 33.3719, 737.1738, 439.6520
143438.9950, 6394370.0973, 33.3585, 739.3963, 442.3445
143437.5323, 6394374.0644, 33.0129, 507.9327, 468.2126
143437.5323, 6394374.0644, 33.0129, 507.9327, 468.2126
143437.5323, 6394374.0644, 33.0129, 507.9327, 468.2126
143436.5863, 6394371.0598, 32.9813, 510.2935, 484.2012
143439.1708, 6394372.4955, 32.6536, 668.1159, 493.3824
143439.4379, 6394372.4642, 32.6388, 687.9533, 493.4191
143438.8217, 6394371.5135, 32.6459, 675.2316, 499.6653
143436.3730, 6394370.0081, 32.8738, 522.4181, 499.8515
143436.6304, 6394369.9848, 32.8215, 546.4697, 503.4186
143438.0710, 6394370.9867, 32.6414, 635.3861, 506.4001
143438.2906, 6394370.9853, 32.6286, 652.7707, 506.3204
143437.8792, 6394370.9765, 32.6475, 620.4452, 506.9718
143437.8792, 6394370.9765, 32.6475, 620.4452, 506.9718
143437.7732, 6394370.9749, 32.6472, 612.0016, 507.5803
143437.5448, 6394370.4864, 32.6560, 609.4570, 510.6281
143437.4735, 6394370.4718, 32.6580, 604.0001, 510.9381
143438.3619, 6394369.9873, 32.6058, 695.0226, 513.1387
143438.3619, 6394369.9873, 32.6058, 695.0226, 513.1387
143437.0732, 6394369.5283, 32.6530, 601.9079, 519.3441
143437.0732, 6394369.5283, 32.6530, 601.9079, 519.3441
143442.8160, 6394404.4505, 37.0092, 376.0729, 314.2978
143435.5250, 6394370.4704, 32.3808, 434.3459, 548.7899
143435.5250, 6394370.4704, 32.3808, 434.3459, 548.7899
143436.8018, 6394369.5189, 32.3531, 578.9295, 550.0352
143435.4196, 6394370.4767, 32.3700, 424.5141, 550.4949
143435.4196, 6394370.4767, 32.3700, 424.5141, 550.4949
143435.3822, 6394370.4855, 32.3622, 420.8808, 551.4208
143435.3822, 6394370.4855, 32.3622, 420.8808, 551.4208
143435.2068, 6394370.4870, 32.3417, 404.6239, 554.6008
143434.8208, 6394370.4816, 32.2916, 368.5488, 562.2459
143434.8208, 6394370.4816, 32.2916, 368.5488, 562.2459
143442.8160, 6394404.4505, 37.0092, 376.0729, 314.2978
143439.1650, 6394386.9402, 35.2631, 393.9462, 343.2432
143439.1650, 6394386.9402, 35.2631, 393.9462, 343.2432
143455.5917, 6394382.0294, 42.1303, 1131.9174, 21.7653
143457.3704, 6394386.6697, 43.1709, 1059.8140, 30.8960
143454.7380, 6394383.6628, 41.0560, 1056.2596, 82.1833
143437.2323, 6394375.9849, 37.5968, 433.7666, 146.8676
143439.6858, 6394368.6372, 34.3736, 858.8952, 344.8095
143440.5306, 6394371.1266, 34.4500, 809.6329, 346.6701
143438.4246, 6394378.5637, 37.8182, 463.0222, 163.0725
143449.4716, 6394379.5964, 38.1494, 981.3507, 171.8425
143440.0651, 6394389.4470, 35.2042, 406.4466, 349.9948
143454.1125, 6394387.5317, 39.3889, 941.1921, 176.7032
143440.0651, 6394389.4470, 35.2042, 406.4466, 349.9948
143439.7513, 6394368.5974, 34.2275, 866.6641, 358.5070
143431.6796, 6394374.4974, 36.7054, 16.6056, 184.2983
143440.1505, 6394368.4060, 35.7354, 905.7084, 211.5703
143452.0731, 6394385.5769, 37.8472, 919.9073, 225.5467
143431.6319, 6394374.9998, 36.2606, 14.8440, 226.9024
143447.6182, 6394377.5445, 36.7182, 968.0673, 230.4698
143443.1112, 6394397.9710, 35.1196, 436.8202, 362.9196
143440.2431, 6394370.5819, 34.2148, 812.1185, 364.9210
143433.3934, 6394379.5010, 36.6087, 138.3175, 241.0874
143433.3934, 6394379.5010, 36.6087, 138.3175, 241.0874
143439.6439, 6394368.6245, 35.3605, 853.6115, 249.7825
143433.7320, 6394380.9937, 36.4287, 153.9038, 262.2426
143433.3250, 6394379.5035, 35.6180, 137.2509, 304.8205
143433.3250, 6394379.5035, 35.6180, 137.2509, 304.8205
143440.1733, 6394368.4030, 34.6978, 910.1271, 311.7632
143440.1733, 6394368.4030, 34.6978, 910.1271, 311.7632
143433.2737, 6394379.4878, 34.9740, 136.1725, 346.1030
143448.0153, 6394407.9290, 35.0025, 493.7539, 372.0742
143439.8638, 6394397.4676, 35.3660, 331.8472, 356.4403
143440.4287, 6394371.0644, 34.2157, 805.4660, 365.8034
143436.9307, 6394389.4668, 34.5934, 273.9774, 379.3174
143445.7693, 6394402.4319, 34.8517, 479.0170, 373.5905
143434.6469, 6394381.4854, 27.7485, 233.5926, 761.2623
143440.0360, 6394381.0409, 34.2307, 517.8972, 383.2044
143443.8183, 6394407.4511, 34.8820, 387.5342, 378.0157
143440.0360, 6394381.0409, 34.2307, 517.8972, 383.2044
143436.0557, 6394375.4699, 33.9362, 372.4261, 404.0977
143445.3624, 6394401.4343, 33.1184, 478.1391, 425.5302
143438.5313, 6394368.9966, 32.4323, 750.7599, 534.4155
143437.0822, 6394369.5028, 32.3464, 604.7018, 548.7900
143437.0822, 6394369.5028, 32.3464, 604.7018, 548.7900
143452.1095, 6394403.1016, 34.2157, 643.9669, 387.1431
143452.1095, 6394403.1016, 34.2157, 643.9669, 387.1431
143447.1630, 6394405.9198, 35.0788, 487.7773, 368.9939
143445.8119, 6394396.5279, 34.1264, 538.4682, 392.2635
143434.7071, 6394381.5068, 27.8696, 236.5873, 753.7723
143445.8119, 6394396.5279, 34.1264, 538.4682, 392.2635
143440.5271, 6394371.6057, 33.7749, 791.8477, 401.9889
143457.5395, 6394387.5403, 43.1493, 1043.5540, 40.0751
143456.1937, 6394388.5093, 41.1992, 982.2014, 117.6256
143446.5885, 6394404.4251, 34.6620, 485.1808, 379.9342
143441.7060, 6394377.5527, 33.5709, 679.7846, 415.1703
143455.9082, 6394387.1396, 41.0461, 1005.1273, 113.0863
143444.9750, 6394395.5409, 33.3282, 523.5403, 419.9850
143454.7888, 6394387.6121, 40.0396, 960.1712, 153.0902
143445.0498, 6394393.4529, 33.2084, 550.1310, 424.3116
143446.3488, 6394403.9232, 34.5907, 482.9025, 381.8291
143445.5720, 6394393.4903, 33.0942, 567.3831, 427.6227
143455.1302, 6394389.6514, 39.9588, 926.6702, 168.7812
143445.8774, 6394392.0362, 32.8661, 596.7568, 435.8926
143446.3488, 6394403.9232, 34.5907, 482.9025, 381.8291
143440.6650, 6394372.1157, 34.0367, 781.2971, 381.8304
143455.1302, 6394389.6514, 39.9588, 926.6702, 168.7812
143447.7329, 6394374.1651, 37.2062, 1100.0842, 174.9040
143445.8774, 6394392.0362, 32.8661, 596.7568, 435.8926
143436.4654, 6394369.9973, 32.9377, 530.8445, 493.3237
143436.4654, 6394369.9973, 32.9377, 530.8445, 493.3237
143436.5477, 6394369.9904, 32.8541, 538.7644, 500.7942
143438.4623, 6394371.4785, 32.6395, 649.3244, 502.1719
143437.6464, 6394370.9704, 32.6573, 601.8948, 507.4276
143436.1206, 6394371.5174, 32.7106, 459.9178, 508.4292
143438.1318, 6394370.0307, 32.6330, 674.3880, 511.7837
143438.1318, 6394370.0307, 32.6330, 674.3880, 511.7837
143437.5838, 6394369.9759, 32.6266, 630.5223, 515.9317
143437.7243, 6394369.5030, 32.6235, 660.1205, 518.1951
143437.7243, 6394369.5030, 32.6235, 660.1205, 518.1951
143448.0298, 6394377.5633, 37.1122, 985.5626, 209.2487
143447.7789, 6394376.0165, 36.9589, 1028.7749, 206.0133
143449.1963, 6394410.9362, 34.3790, 500.1210, 389.0062
143437.9071, 6394369.4699, 32.4653, 677.6455, 532.1121
143437.9071, 6394369.4699, 32.4653, 677.6455, 532.1121
143436.2241, 6394369.9874, 32.3960, 511.3676, 546.2725
143436.2241, 6394369.9874, 32.3960, 511.3676, 546.2725
143436.3127, 6394369.9842, 32.3879, 519.5444, 546.4437
143436.3127, 6394369.9842, 32.3879, 519.5444, 546.4437
143436.4803, 6394369.9883, 32.3689, 534.6064, 547.0295
143436.4803, 6394369.9883, 32.3689, 534.6064, 547.0295
143438.3600, 6394369.0061, 32.2838, 736.1951, 549.6678
143436.6167, 6394369.9627, 32.2444, 548.0742, 557.9911
143435.0171, 6394370.4724, 32.2791, 387.4227, 562.0526
143447.7285, 6394376.5992, 36.9489, 1005.2708, 210.9922
143449.1963, 6394410.9362, 34.3790, 500.1210, 389.0062
143436.7807, 6394369.9306, 35.0963, 553.2257, 286.5478
143449.6436, 6394411.9384, 34.3378, 503.1740, 390.1168
143434.4334, 6394374.5191, 34.8999, 259.6735, 332.5180
143434.4334, 6394374.5191, 34.8999, 259.6735, 332.5180
143434.0054, 6394380.9813, 34.9586, 175.9098, 350.2395
143442.7565, 6394400.0049, 35.0899, 408.7998, 366.3835
143449.4130, 6394396.0863, 33.9812, 654.1751, 393.0535
143443.4053, 6394397.9772, 34.5577, 447.0334, 381.2874
143449.4001, 6394396.0921, 33.9035, 653.8015, 395.6006
143445.2176, 6394395.5593, 33.8720, 530.4705, 401.0793
143443.4053, 6394397.9772, 34.5577, 447.0334, 381.2874
143447.6664, 6394391.5796, 33.7529, 662.4077, 400.8966
143443.4828, 6394398.4491, 33.4530, 446.8933, 417.6455
143438.9085, 6394370.6188, 32.7130, 713.9305, 497.5313
143447.6664, 6394391.5796, 33.7529, 662.4077, 400.8966
143438.9085, 6394370.6188, 32.7130, 713.9305, 497.5313
143438.8675, 6394368.9367, 32.5803, 781.3633, 518.5920
143437.0861, 6394369.5024, 32.3560, 605.0298, 547.8496
143447.6664, 6394391.5796, 33.7529, 662.4077, 400.8966
143441.3344, 6394376.5516, 33.5124, 685.0413, 419.6237
143440.8866, 6394372.1163, 33.5224, 797.3478, 420.7537
143446.8557, 6394393.0986, 33.1686, 614.8652, 423.1932
143438.8195, 6394369.6230, 33.3775, 744.8873, 442.0399
143438.8195, 6394369.6230, 33.3775, 744.8873, 442.0399
143438.6873, 6394369.1214, 33.3918, 755.6053, 442.0117
143438.6801, 6394369.0938, 33.3365, 756.3832, 447.3342
143437.1658, 6394372.0087, 33.0252, 531.6544, 474.4108
143436.6021, 6394370.5150, 32.9960, 527.1485, 484.9204
143436.6021, 6394370.5150, 32.9960, 527.1485, 484.9204
143436.6021, 6394370.5150, 32.9960, 527.1485, 484.9204
143436.6021, 6394370.5150, 32.9960, 527.1485, 484.9204
143439.7768, 6394373.4594, 32.6502, 679.4704, 487.5460
143439.6998, 6394373.1261, 32.6675, 684.6229, 487.7190
143439.5174, 6394373.4718, 32.6599, 661.7616, 487.8943
143439.5174, 6394373.4718, 32.6599, 661.7616, 487.8943
143439.5174, 6394373.4718, 32.6599, 661.7616, 487.8943
143438.4592, 6394369.1121, 32.9060, 738.1789, 489.2098
143439.4729, 6394372.9925, 32.6542, 673.4219, 490.1578
143439.6360, 6394372.9520, 32.6457, 685.8593, 490.2193
143439.1029, 6394372.9774, 32.6698, 648.3140, 490.6688
143439.5812, 6394372.9778, 32.6470, 681.3041, 490.2723
143438.8453, 6394373.0019, 32.6806, 629.5453, 490.9119
143438.6920, 6394370.1325, 32.7057, 715.7351, 501.5755
143436.3637, 6394370.0091, 32.8434, 521.6600, 502.7901
143436.3637, 6394370.0091, 32.8434, 521.6600, 502.7901
143438.4445, 6394371.0578, 32.6532, 662.1953, 503.0568
143438.3850, 6394371.0140, 32.6512, 659.0933, 503.7475
143438.7821, 6394370.9656, 32.6233, 691.5803, 504.2446
143437.9219, 6394371.0187, 32.6731, 622.3774, 504.3287
143438.8548, 6394370.9674, 32.6188, 697.0968, 504.2354
143438.8548, 6394370.9674, 32.6188, 697.0968, 504.2354
143436.3944, 6394369.9968, 32.8145, 524.9215, 505.4059
143438.1379, 6394370.9912, 32.6393, 640.5247, 506.1927
143438.1379, 6394370.9912, 32.6393, 640.5247, 506.1927
143436.4954, 6394370.0033, 32.7841, 533.9365, 507.6481
143438.2706, 6394370.0329, 32.6436, 685.6780, 510.0102
143438.2706, 6394370.0329, 32.6436, 685.6780, 510.0102
143435.8807, 6394370.5215, 32.7173, 464.0767, 514.6773
143435.8682, 6394370.5053, 32.6865, 463.4968, 517.7089
143435.8682, 6394370.5053, 32.6865, 463.4968, 517.7089
143436.5241, 6394369.9934, 32.6776, 537.2224, 517.5891
143436.5241, 6394369.9934, 32.6776, 537.2224, 517.5891
143437.9020, 6394369.0680, 32.6263, 692.9079, 519.5136
143437.0345, 6394369.5428, 32.6467, 597.9644, 520.1011
143437.0707, 6394369.5266, 32.6190, 601.8667, 522.6233
143437.9077, 6394369.4733, 32.5016, 677.4478, 528.6780
143435.0851, 6394370.9802, 38.1560, 357.1477, 4.0576
143458.3970, 6394388.5645, 44.4057, 1043.6129, 5.2471
143458.3970, 6394388.5645, 44.4057, 1043.6129, 5.2471
143457.7709, 6394386.6567, 43.7361, 1071.8710, 10.1779
143435.0368, 6394370.9846, 38.0889, 352.8027, 10.2936
143458.2002, 6394387.6658, 43.9762, 1059.5344, 12.0190
143458.2002, 6394387.6658, 43.9762, 1059.5344, 12.0190
143456.6894, 6394385.0911, 43.1701, 1079.5325, 13.6770
143459.6603, 6394393.0554, 45.2829, 981.7775, 17.6827
143459.5889, 6394393.0606, 45.1813, 979.8535, 20.8820
143457.4837, 6394388.6167, 43.2805, 1016.5627, 44.5152
143456.5588, 6394385.0715, 42.9666, 1076.0670, 21.2975
143454.4564, 6394383.1534, 40.7770, 1061.1395, 88.9169
143436.9152, 6394374.5743, 37.5756, 438.2883, 129.3868
143436.9152, 6394374.5743, 37.5756, 438.2883, 129.3868
143448.1024, 6394373.5392, 37.7394, 1145.4247, 135.2524
143457.5681, 6394387.0976, 43.3829, 1055.0220, 27.3083
143448.1024, 6394373.5392, 37.7394, 1145.4247, 135.2524
143448.1024, 6394373.5392, 37.7394, 1145.4247, 135.2524
143439.7247, 6394368.6047, 35.0498, 862.0612, 279.6076
143439.9707, 6394368.5176, 34.9256, 887.0239, 290.8064
143433.6055, 6394379.9841, 35.8196, 152.8748, 294.2065
143456.3529, 6394385.1665, 42.7932, 1067.1404, 28.6542
143433.6055, 6394379.9841, 35.8196, 152.8748, 294.2065
143434.7556, 6394374.4777, 35.0875, 285.0515, 317.2953
143435.4847, 6394376.4650, 35.0358, 313.8899, 329.2315
143437.6084, 6394382.9942, 35.0111, 362.9276, 348.1884
143457.8984, 6394388.1387, 43.6109, 1039.6066, 29.1568
143457.4612, 6394387.1038, 43.1789, 1051.7957, 34.8318
143442.1587, 6394397.9955, 33.8027, 407.6039, 407.6969
143436.8254, 6394369.5187, 32.4277, 580.8016, 542.6950
143437.7309, 6394369.4750, 32.3588, 662.6303, 543.2769
143455.6967, 6394384.1243, 42.3073, 1074.4261, 36.4198
143456.2504, 6394385.0914, 42.4993, 1066.0763, 39.4854
143439.6958, 6394369.0011, 37.4833, 833.6491, 51.6244
143439.6958, 6394369.0011, 37.4833, 833.6491, 51.6244
143439.4178, 6394368.9886, 37.4607, 811.4135, 51.8961
143439.4178, 6394368.9886, 37.4607, 811.4135, 51.8961
143449.9285, 6394376.9616, 39.9233, 1087.6254, 52.5041
143438.7750, 6394369.4937, 37.5244, 734.7252, 53.2280
143437.6324, 6394370.0043, 37.5697, 617.1443, 53.5534
143438.4339, 6394369.5026, 37.5026, 705.5668, 53.5563
143438.4339, 6394369.5026, 37.5026, 705.5668, 53.5563
143438.3516, 6394369.4999, 37.4922, 698.6735, 54.0244
143437.7772, 6394369.5743, 37.4591, 645.9926, 55.5592
143449.7000, 6394377.1634, 39.8920, 1070.3462, 56.0297
143449.9456, 6394376.9671, 39.8512, 1088.2264, 56.6144
143437.4125, 6394370.0064, 37.5196, 598.0594, 57.1407
143437.4125, 6394370.0064, 37.5196, 598.0594, 57.1407
143437.0240, 6394370.0452, 37.4874, 562.4860, 58.8786
143437.0240, 6394370.0452, 37.4874, 562.4860, 58.8786
143436.9640, 6394370.0080, 37.4701, 558.3875, 59.4040
143436.9640, 6394370.0080, 37.4701, 558.3875, 59.4040
143449.8482, 6394377.0644, 39.8007, 1080.4702, 60.3004
143450.2996, 6394376.8300, 40.2421, 1108.2782, 34.4638
143455.6065, 6394384.5948, 41.8000, 1059.0845, 61.6480
143464.2305, 6394402.5897, 46.3774, 927.3008, 60.6383
143434.5396, 6394381.4806, 27.6785, 227.5557, 766.0497
143449.1660, 6394375.6234, 38.9174, 1106.0924, 90.6396
143453.6674, 6394384.0714, 39.6070, 1010.1534, 144.7639
143447.0966, 6394372.1032, 36.9513, 1163.0043, 169.4053
143448.4967, 6394377.4529, 37.5802, 1009.6304, 183.2623
143456.8704, 6394387.0467, 42.3320, 1035.9125, 65.1353
143447.5035, 6394373.6138, 36.6526, 1113.2467, 204.6483
143433.7412, 6394371.4755, 35.1340, 234.8770, 295.9266
143437.3693, 6394390.4740, 34.7167, 285.7444, 374.6366
143439.6589, 6394368.5271, 34.0442, 863.1539, 376.1000
143440.2329, 6394368.3865, 32.4443, 920.9235, 526.2648
143433.0953, 6394378.9857, 36.4404, 120.7048, 248.2192
143432.9384, 6394378.4863, 35.2218, 116.2320, 326.8105
143458.6146, 6394391.4542, 43.3431, 987.1046, 67.4506
143434.9910, 6394371.5183, 37.5887, 340.5353, 69.3940
143434.3250, 6394382.4873, 35.0949, 186.0980, 345.8355
143450.0954, 6394376.9264, 39.5567, 1096.4675, 72.8221
143458.2580, 6394391.1210, 43.0162, 984.3492, 75.4445
143434.2671, 6394373.5321, 37.8056, 245.4277, 85.0719
143434.2671, 6394373.5321, 37.8056, 245.4277, 85.0719
143432.7536, 6394374.5477, 37.7359, 107.0633, 102.0488
143432.7536, 6394374.5477, 37.7359, 107.0633, 102.0488
143432.6259, 6394375.0384, 37.8033, 93.8534, 104.0314
143432.0841, 6394375.5366, 37.7921, 46.5823, 110.7997
143432.0841, 6394375.5366, 37.7921, 46.5823, 110.7997
143457.0798, 6394390.5644, 41.7207, 963.5737, 114.3466
143457.0790, 6394391.6628, 41.4328, 941.5298, 131.3443
143447.9668, 6394373.0575, 37.6645, 1161.0342, 134.1839
143455.6159, 6394389.1566, 40.5162, 951.2170, 146.1447
143447.8573, 6394373.0506, 37.4776, 1156.0131, 146.1032
143447.7518, 6394373.1539, 37.4456, 1145.8866, 149.1152
143448.7439, 6394377.0617, 38.0929, 1033.7292, 151.9333
143448.1158, 6394375.5678, 37.6609, 1060.8916, 161.3887
143432.6959, 6394377.5068, 37.4514, 93.0035, 164.5788
143441.6399, 6394378.4628, 37.8611, 645.6571, 165.3928
143441.6399, 6394378.4628, 37.8611, 645.6571, 165.3928
143448.1121, 6394375.5835, 37.5949, 1060.1729, 165.4298
143454.2610, 6394386.5393, 39.4534, 968.5987, 168.3833
143440.0425, 6394378.9598, 37.8286, 548.2317, 169.1796
143435.6437, 6394379.9639, 31.0806, 296.4731, 577.5593
143432.8673, 6394378.0015, 37.4503, 104.1709, 170.5439
143439.7022, 6394378.9729, 37.8024, 529.1125, 170.2746
143435.6437, 6394379.9639, 31.0806, 296.4731, 577.5593
143439.7022, 6394378.9729, 37.8024, 529.1125, 170.2746
143439.4871, 6394378.9725, 37.7858, 517.0889, 170.8947
143439.4871, 6394378.9725, 37.7858, 517.0889, 170.8947
143437.9706, 6394378.5033, 37.6585, 437.3860, 171.5655
143448.0149, 6394375.5979, 37.4943, 1055.1501, 171.3466
143437.1436, 6394378.0650, 37.5298, 393.8019, 173.9435
143437.7187, 6394378.5031, 37.6010, 422.3414, 174.7162
143432.0070, 6394375.9969, 35.3444, 50.9929, 307.3345
143440.0516, 6394370.1043, 34.1710, 818.6335, 367.7488
143440.0516, 6394370.1043, 34.1710, 818.6335, 367.7488
143436.0086, 6394370.0092, 32.5002, 490.6145, 537.6824
143453.3981, 6394385.3555, 39.0264, 968.9858, 177.1605
143448.1764, 6394376.6057, 37.5084, 1025.0385, 179.7374
143437.0967, 6394379.9857, 37.7237, 363.7580, 179.9942
143437.0128, 6394379.9962, 37.6945, 358.7668, 181.7011
143447.9281, 6394375.5726, 37.3181, 1052.2162, 181.4074
143447.9281, 6394375.5726, 37.3181, 1052.2162, 181.4074
143447.6619, 6394374.0760, 37.0887, 1100.5200, 181.3176
143438.9708, 6394379.4983, 37.6473, 479.0097, 183.0593
143448.1469, 6394376.5661, 37.4127, 1025.2173, 184.8009
143435.6510, 6394380.5046, 37.6641, 271.9552, 185.9871
143433.3798, 6394379.5047, 37.4489, 134.3511, 186.8243
143435.7267, 6394380.5110, 37.6146, 276.6200, 189.1188
143435.6204, 6394380.5181, 37.6052, 270.1601, 189.5927
143448.2378, 6394377.6048, 37.4629, 993.0801, 190.5644
143432.4643, 6394376.9807, 37.0026, 78.5439, 190.8708
143433.7758, 6394380.9920, 37.5065, 153.0817, 197.0990
143433.9183, 6394380.9788, 37.5090, 162.1146, 197.0212
143447.7795, 6394376.0919, 37.1243, 1025.8314, 196.9863
143447.7392, 6394376.1366, 37.0401, 1022.3871, 202.1903
143439.7328, 6394368.5750, 35.8446, 862.2739, 202.4028
143454.1725, 6394389.0475, 38.9010, 910.8940, 203.3410
143439.6873, 6394368.5639, 35.7347, 859.3564, 212.8551
143447.7637, 6394377.5834, 36.9625, 973.0803, 217.3806
143433.3475, 6394379.4703, 36.9607, 134.0754, 218.0795
143440.8674, 6394383.9899, 37.6559, 504.3922, 217.8564
143434.4479, 6394381.4796, 27.6349, 222.3091, 769.2088
143441.0036, 6394383.9951, 37.6225, 510.7161, 219.6359
143439.6376, 6394368.5615, 35.6618, 855.5443, 219.8358
143447.8482, 6394378.1382, 36.9574, 958.8067, 221.5285
143447.5641, 6394375.6113, 36.5800, 1034.2573, 225.0196
143447.5641, 6394375.6113, 36.5800, 1034.2573, 225.0196
143435.1271, 6394384.4776, 37.4173, 212.3688, 228.8189
143435.2904, 6394385.0067, 37.4801, 217.5919, 228.9563
143435.4317, 6394385.4793, 37.5115, 221.9158, 230.3154
143435.6722, 6394385.9749, 37.4705, 231.1588, 235.4033
143436.1979, 6394387.5006, 37.4959, 246.9621, 242.7567
143440.5317, 6394389.0049, 37.6850, 425.6782, 243.4995
143440.5317, 6394389.0049, 37.6850, 425.6782, 243.4995
143439.7371, 6394368.6011, 35.3902, 862.4172, 246.7376
143434.5254, 6394381.4614, 27.5954, 227.1091, 771.0685
143447.7434, 6394377.4923, 36.3844, 975.8703, 248.6286
143437.7232, 6394390.5196, 37.6193, 294.4008, 252.2888
143436.3947, 6394387.9650, 37.3163, 253.6190, 253.4982
143436.7304, 6394388.9693, 37.4223, 262.1140, 253.5310
143439.7930, 6394368.5619, 35.2062, 869.4930, 264.1453
143439.6187, 6394369.1407, 35.2320, 826.4188, 266.9634
143439.6305, 6394368.6520, 35.1676, 851.5980, 268.6629
143438.4801, 6394393.4479, 37.2732, 305.1994, 277.8486
143438.4801, 6394393.4479, 37.2732, 305.1994, 277.8486
143445.7462, 6394401.0446, 37.7618, 486.9036, 283.4542
143439.8274, 6394369.0113, 35.0316, 850.0012, 284.6483
143440.3728, 6394370.6173, 35.1151, 817.9878, 288.9468
143440.3728, 6394370.6173, 35.1151, 817.9878, 288.9468
143452.3491, 6394410.9662, 37.9799, 569.9744, 298.5522
143452.4799, 6394411.0021, 37.8483, 572.7842, 301.8267
143452.4799, 6394411.0021, 37.8483, 572.7842, 301.8267
143439.7255, 6394368.6062, 34.7803, 862.7223, 305.5627
143436.8108, 6394369.9341, 34.8891, 556.5812, 306.4045
143442.0224, 6394402.4491, 37.0562, 365.6960, 309.0681
143442.0224, 6394402.4491, 37.0562, 365.6960, 309.0681
143436.7101, 6394369.9744, 34.8379, 546.4377, 311.6521
143436.5480, 6394370.0101, 34.8290, 530.7305, 312.8842
143458.3157, 6394388.0424, 44.1373, 1053.7518, 9.9264
143449.8788, 6394376.9672, 40.0506, 1085.1494, 45.3772
143458.8001, 6394393.1299, 44.3293, 958.0505, 47.6233
143456.0005, 6394385.5825, 41.9979, 1045.7041, 63.5049
143448.1071, 6394371.6727, 38.3337, 1237.1138, 70.7956
143455.4638, 6394385.6632, 41.2611, 1027.1071, 92.4181
143449.2283, 6394376.1644, 38.9386, 1087.7123, 95.9941
143448.9588, 6394374.9837, 38.5778, 1122.9220, 102.4639
143448.3196, 6394373.0858, 38.1312, 1176.9310, 104.9936
143449.1588, 6394376.5997, 38.7475, 1068.3389, 111.5546
143448.0274, 6394372.5688, 37.8492, 1187.4813, 116.1294
143437.0607, 6394374.5047, 37.7251, 449.7572, 117.5528
143456.7314, 6394390.0864, 41.3921, 963.7594, 122.2007
143449.1780, 6394377.1124, 38.6366, 1050.5896, 123.2090
143437.0989, 6394374.5165, 37.6094, 452.6543, 126.5847
143437.0989, 6394374.5165, 37.6094, 452.6543, 126.5847
143448.5536, 6394375.6314, 38.2245, 1078.2795, 129.7164
143436.6852, 6394375.0096, 37.5897, 413.3299, 133.5520
143454.1769, 6394386.5124, 39.3799, 966.5798, 171.0078
143449.3503, 6394379.6299, 38.0434, 975.4351, 177.2824
143437.1535, 6394379.9940, 37.7061, 367.0352, 181.2075
143437.1535, 6394379.9940, 37.7061, 367.0352, 181.2075
143437.9938, 6394379.0315, 37.5490, 430.6231, 183.3175
143439.0394, 6394379.5052, 37.6116, 482.8351, 185.3262
143448.7493, 6394378.6357, 37.7261, 981.4175, 185.1585
143447.5845, 6394376.6111, 36.7739, 998.3638, 220.9340
143440.0463, 6394368.4897, 35.6400, 892.9504, 221.6833
143440.9263, 6394384.0553, 37.5516, 506.3613, 223.4216
143440.9263, 6394384.0553, 37.5516, 506.3613, 223.4216
143433.3717, 6394379.4775, 36.8542, 136.0719, 225.0476
143439.9258, 6394368.5277, 35.4214, 881.6340, 243.0992
143433.9381, 6394380.9798, 36.6608, 166.1565, 248.2423
143439.8096, 6394369.0157, 35.1062, 848.1740, 277.6888
143433.8861, 6394380.9856, 36.0084, 165.0116, 287.5020
143439.7855, 6394369.0433, 34.7769, 845.7017, 308.7410
143433.8664, 6394380.9938, 35.6311, 164.9779, 310.1871
143440.8765, 6394372.1141, 34.3552, 794.9133, 356.8806
143439.8031, 6394368.5652, 34.2341, 872.5367, 357.6520
143440.2232, 6394370.5952, 34.1343, 810.2880, 371.7899
143440.2232, 6394370.5952, 34.1343, 810.2880, 371.7899
143440.2232, 6394370.5952, 34.1343, 810.2880, 371.7899
143444.9668, 6394401.4721, 34.8521, 464.0385, 373.4142
143443.0280, 6394405.4577, 34.6831, 378.6944, 382.9098
143443.0280, 6394405.4577, 34.6831, 378.6944, 382.9098
143441.8069, 6394399.0251, 34.3901, 387.1797, 389.0707
143440.5212, 6394371.6101, 33.8637, 791.0615, 394.9679
143436.7424, 6394377.4647, 33.9838, 387.7815, 400.5178
143436.7424, 6394377.4647, 33.9838, 387.7815, 400.5178
143436.1497, 6394375.4482, 33.8667, 379.7056, 408.8554
143440.7488, 6394371.6170, 33.6103, 807.0809, 414.3596
143442.5845, 6394398.0023, 33.4837, 421.9001, 417.7835
143441.2227, 6394372.9968, 33.4369, 787.2440, 425.8602
143441.2227, 6394372.9968, 33.4369, 787.2440, 425.8602
143436.8214, 6394369.9688, 32.4689, 565.2354, 535.4518
143436.7310, 6394369.5254, 32.4379, 571.9788, 542.3248
143436.4236, 6394369.9774, 32.3012, 530.1028, 553.9091
143438.6191, 6394368.9810, 32.1244, 759.7841, 563.1282
143457.9319, 6394387.1066, 43.7772, 1065.4214, 13.4222
143456.4630, 6394385.1681, 42.9134, 1070.5046, 24.1401
143457.9109, 6394388.4391, 43.7239, 1032.8633, 27.7434
143456.3215, 6394385.1206, 42.6449, 1067.4612, 34.0881
143455.7995, 6394384.0314, 42.3283, 1080.3354, 34.8931
143455.5951, 6394384.1261, 42.1171, 1071.1854, 44.0757
143456.1027, 6394385.0698, 42.2932, 1062.0826, 47.2170
143457.4490, 6394388.1098, 43.0173, 1027.4471, 49.7616
143435.9311, 6394370.5288, 37.5245, 449.0502, 59.6830
143450.2057, 6394376.8642, 39.7136, 1103.4092, 63.7617
143435.8626, 6394370.5608, 37.4701, 442.1411, 65.2383
143435.8626, 6394370.5608, 37.4701, 442.1411, 65.2383
143435.9583, 6394370.5318, 37.4761, 451.6817, 64.5673
143450.0295, 6394376.9453, 39.6620, 1092.8311, 67.0440
143436.3263, 6394372.0454, 37.7743, 445.7356, 69.8060
143434.7140, 6394371.5586, 37.5118, 314.6129, 75.9674
143448.9223, 6394375.5843, 38.5436, 1096.8490, 111.3771
143449.3203, 6394377.0550, 38.7773, 1058.7678, 115.1709
143455.7026, 6394388.6340, 40.8139, 964.9255, 131.9583
143432.1596, 6394376.0093, 37.4594, 53.9105, 144.0738
143454.9716, 6394387.6030, 40.2162, 965.9458, 146.5463
143448.6912, 6394376.5942, 38.0973, 1048.2264, 147.1431
143454.5716, 6394388.1239, 39.7514, 942.2444, 166.9158
143437.6631, 6394377.9940, 37.5936, 427.1106, 170.0825
143437.9181, 6394378.4932, 37.6853, 434.3216, 169.7011
143439.3228, 6394379.0003, 37.7980, 507.2748, 170.1474
143439.3228, 6394379.0003, 37.7980, 507.2748, 170.1474
143439.0198, 6394379.4752, 37.8468, 481.6667, 171.1455
143437.5017, 6394378.0469, 37.5318, 416.4308, 174.2752
143447.8965, 6394375.1115, 37.3006, 1068.8304, 178.2518
143455.7975, 6394391.0642, 39.8678, 917.9529, 180.3739
143437.4607, 6394379.0145, 37.5526, 399.1480, 182.1108
143456.0213, 6394392.1104, 39.9826, 904.0896, 182.0108
143432.6894, 6394377.9863, 37.0509, 92.7030, 197.9566
143433.9229, 6394380.9798, 37.4365, 162.6423, 201.4188
143447.8526, 6394376.0102, 37.0308, 1032.3883, 201.8580
143448.0790, 6394378.0546, 37.1884, 971.4743, 208.6879
143448.0790, 6394378.0546, 37.1884, 971.4743, 208.6879
143447.7022, 6394375.9837, 36.8881, 1026.4670, 209.8058
143439.5708, 6394368.5671, 35.6467, 849.7466, 221.2760
143439.9571, 6394368.5178, 35.6255, 884.2209, 223.2945
143439.9571, 6394368.5178, 35.6255, 884.2209, 223.2945
143447.5611, 6394375.6211, 36.5203, 1033.8104, 228.6267
143431.5454, 6394374.5027, 36.1582, 7.1817, 230.3741
143431.5454, 6394374.5027, 36.1582, 7.1817, 230.3741
143442.6006, 6394388.4876, 37.7499, 515.8295, 239.1256
143447.7408, 6394376.5299, 36.4237, 1008.9019, 240.4971
143442.4875, 6394388.5219, 37.6353, 511.0571, 244.0801
143442.4875, 6394388.5219, 37.6353, 511.0571, 244.0801
143444.4329, 6394392.9878, 38.0043, 527.6354, 249.2521
143444.0871, 6394392.9818, 37.9801, 515.6467, 250.0304
143444.5826, 6394392.9950, 37.6983, 533.2039, 260.6122
143440.1628, 6394368.3999, 35.2096, 908.2699, 262.4133
143439.7455, 6394368.5779, 35.2175, 864.7324, 263.1966
143445.9991, 6394397.4714, 37.9852, 529.1247, 266.0580
143445.9991, 6394397.4714, 37.9852, 529.1247, 266.0580
143446.5109, 6394397.5034, 37.7747, 544.8727, 273.1064
143436.6818, 6394369.9583, 35.1882, 543.0815, 277.9633
143439.6612, 6394368.6440, 35.0390, 854.8600, 280.9846
143433.4615, 6394379.9777, 36.0166, 142.7517, 281.8246
143440.0796, 6394368.4707, 35.0110, 898.1653, 282.1828
143437.0391, 6394370.4157, 35.0139, 560.8336, 297.8430
143436.8027, 6394380.4635, 35.3411, 347.2678, 323.4137
143437.5391, 6394382.4517, 35.3038, 364.7780, 331.2918
143440.5351, 6394371.1237, 34.5318, 809.8767, 339.9864
143439.1552, 6394386.9478, 35.1327, 393.6961, 349.1992
143436.1064, 6394387.4788, 34.5792, 249.7408, 378.8194
143440.1749, 6394370.6142, 34.0493, 806.1461, 379.0986
143440.4669, 6394371.6398, 34.0151, 785.7882, 383.1469
143442.1571, 6394399.5433, 34.4953, 394.3181, 385.6205
143442.1571, 6394399.5433, 34.4953, 394.3181, 385.6205
143456.5130, 6394384.6279, 43.0287, 1086.5183, 14.1295
143456.0027, 6394383.5177, 42.6188, 1101.2419, 18.0034
143446.4300, 6394403.9206, 33.8475, 486.0461, 403.0508
143440.9764, 6394372.5453, 33.7275, 786.9113, 405.0629
143440.4346, 6394371.0620, 33.7374, 807.0933, 404.8773
143456.4225, 6394384.7060, 42.8541, 1081.6276, 21.7801
143457.5468, 6394388.0764, 43.2342, 1030.9723, 41.6710
143450.0137, 6394376.9110, 40.0658, 1093.0607, 44.2691
143445.3950, 6394401.4424, 33.7381, 478.2309, 406.7688
143439.6775, 6394372.1024, 33.4039, 715.0479, 433.8058
143439.6775, 6394372.1024, 33.4039, 715.0479, 433.8058
143438.7757, 6394369.0751, 33.3615, 765.1750, 444.5776
143438.7757, 6394369.0751, 33.3615, 765.1750, 444.5776
143438.7382, 6394369.0631, 33.3154, 762.7029, 449.1296
143436.7527, 6394371.0487, 33.0285, 524.5060, 479.2268
143439.2380, 6394372.4639, 32.6392, 673.9110, 494.3052
143436.3062, 6394370.0252, 32.8079, 516.1116, 506.4052
143436.4949, 6394371.4887, 32.6956, 492.1547, 507.8149
143436.1599, 6394370.0699, 32.7996, 501.5281, 507.8305
143436.2428, 6394370.0443, 32.7958, 509.8312, 507.8322
143436.1716, 6394371.5015, 32.6918, 464.6913, 509.8731
143438.3577, 6394369.0277, 32.5805, 734.1712, 521.2342
143437.9330, 6394369.4805, 32.5526, 679.1630, 523.6809
143436.1697, 6394370.0008, 32.4007, 506.0026, 546.1009
143436.1697, 6394370.0008, 32.4007, 506.0026, 546.1009
143435.8821, 6394370.0028, 32.4082, 479.4861, 547.4119
143435.8821, 6394370.0028, 32.4082, 479.4861, 547.4119
143435.8821, 6394370.0028, 32.4082, 479.4861, 547.4119
143435.1968, 6394370.4831, 32.2893, 404.0020, 559.6575
143435.1968, 6394370.4831, 32.2893, 404.0020, 559.6575
143457.3478, 6394388.1204, 42.8313, 1024.3314, 56.5070
143455.3403, 6394384.1431, 41.7561, 1062.6106, 58.6129
143455.8125, 6394385.0288, 41.9168, 1054.1431, 61.3441
143449.7948, 6394377.1243, 39.7574, 1076.0068, 63.2536
143454.9093, 6394383.6484, 41.3291, 1062.2006, 70.8799
143435.1122, 6394371.5237, 37.5652, 351.6182, 72.3123
143435.1122, 6394371.5237, 37.5652, 351.6182, 72.3123
143455.4372, 6394385.0974, 41.3819, 1040.6516, 82.7677
143458.1730, 6394393.5530, 43.1730, 934.0029, 87.2938
143458.1730, 6394393.5530, 43.1730, 934.0029, 87.2938
143457.9682, 6394391.0282, 42.5834, 978.4866, 89.1025
143448.4346, 6394373.0595, 38.3126, 1183.7401, 93.1689
143457.6287, 6394390.6734, 42.2658, 976.5356, 96.9846
143448.7436, 6394375.6434, 38.4968, 1086.3287, 114.3278
143448.6169, 6394374.5411, 38.2765, 1125.7578, 114.5421
143431.6266, 6394374.5046, 37.4846, 7.7535, 118.2010
143456.9797, 6394391.1142, 41.4414, 949.6735, 127.4837
143455.0755, 6394386.6930, 40.3591, 990.2243, 135.0607
143437.0769, 6394374.5468, 37.4789, 450.8683, 136.7829
143448.6009, 6394376.6458, 37.9773, 1042.3885, 154.2436
143454.6230, 6394387.1084, 39.9143, 966.5375, 154.4620
143440.2771, 6394368.8403, 36.3829, 891.3408, 156.0072
143454.1190, 6394385.6550, 39.6213, 985.0488, 155.8452
143438.6258, 6394379.0608, 37.7597, 466.4754, 171.8230
143448.6459, 6394378.1065, 37.8091, 993.9935, 176.3992
143437.4379, 6394378.5190, 37.5601, 405.1080, 176.9586
143437.4379, 6394378.5190, 37.5601, 405.1080, 176.9586
143439.0641, 6394379.4760, 37.7502, 484.3787, 176.9310
143439.0641, 6394379.4760, 37.7502, 484.3787, 176.9310
143438.6549, 6394379.4916, 37.7216, 461.0704, 178.1151
143438.6549, 6394379.4916, 37.7216, 461.0704, 178.1151
143438.7334, 6394379.4947, 37.6043, 465.7679, 185.2198
143432.3855, 6394376.4832, 36.9683, 73.6404, 187.9338
143454.0474, 6394389.0387, 39.3136, 906.8423, 187.9406
143447.6102, 6394375.5468, 36.7817, 1038.6947, 212.6088
143447.6069, 6394376.0683, 36.8237, 1018.9281, 214.1072
143447.7466, 6394377.0322, 36.8857, 991.0278, 217.7458
143439.7849, 6394368.5693, 35.4111, 867.9367, 244.4148
143447.7857, 6394377.0202, 36.3924, 993.7965, 245.3608
143435.3900, 6394384.9801, 36.7276, 225.0113, 267.3908
143446.1320, 6394397.5050, 37.7826, 533.1522, 272.8387
143434.0345, 6394372.4708, 35.3440, 248.7629, 284.0004
143439.6513, 6394368.6507, 34.9453, 853.9347, 290.0644
143440.2993, 6394398.4557, 37.2524, 336.9790, 293.6100
143440.2993, 6394398.4557, 37.2524, 336.9790, 293.6100
143440.0865, 6394368.4627, 34.6857, 899.9131, 313.3967
143455.5584, 6394381.5801, 42.2756, 1144.6624, 10.1796
143436.3965, 6394378.9460, 35.1962, 341.9295, 327.1004
143439.6850, 6394369.1055, 34.4368, 835.4683, 340.9441
143439.6850, 6394369.1055, 34.4368, 835.4683, 340.9441
143439.6850, 6394369.1055, 34.4368, 835.4683, 340.9441
143455.7852, 6394382.5562, 42.1751, 1122.4401, 26.0864
143457.3020, 6394386.6322, 43.0289, 1058.7690, 35.8238
143453.2039, 6394379.5200, 41.0376, 1128.2451, 36.5519
143440.2994, 6394370.5491, 34.2358, 817.5936, 362.9409
143457.2507, 6394388.6729, 42.7665, 1008.7991, 63.2651
143440.2994, 6394370.5491, 34.2358, 817.5936, 362.9409
143440.2994, 6394370.5491, 34.2358, 817.5936, 362.9409
143455.6492, 6394385.0816, 41.7060, 1047.6617, 69.9763
143440.4585, 6394398.9692, 35.0119, 342.4391, 369.7375
143457.2188, 6394389.0485, 42.4829, 999.6225, 76.5139
143440.4585, 6394398.9692, 35.0119, 342.4391, 369.7375
143449.7668, 6394377.0743, 39.4604, 1076.8945, 78.9016
143448.9702, 6394375.6802, 38.7229, 1095.0741, 102.1159
143436.8447, 6394374.9953, 37.6565, 424.8398, 128.8636
143436.6675, 6394375.0136, 37.5933, 411.9734, 133.2899
143444.4351, 6394408.9819, 35.1222, 394.0011, 372.1815
143437.8264, 6394377.0610, 37.7970, 452.7471, 147.1943
143448.1207, 6394374.4844, 37.5441, 1105.0935, 157.7632
143448.0868, 6394375.5094, 37.4507, 1062.0145, 173.2336
143442.3671, 6394400.0554, 34.6836, 396.7904, 379.7343
143432.3129, 6394376.4797, 36.8664, 68.2777, 195.4453
143432.4968, 6394376.9779, 36.8532, 81.7222, 201.8573
143432.7192, 6394377.4817, 36.8188, 97.4376, 209.5515
143435.1566, 6394370.9817, 38.1732, 363.7654, 2.9467
143433.1737, 6394378.9835, 36.8503, 124.6424, 221.1292
143443.1454, 6394399.9883, 34.6091, 421.7272, 381.3521
143442.5587, 6394388.4727, 37.8600, 514.1628, 234.3823
143447.6866, 6394377.5226, 36.4912, 972.1656, 242.8943
143458.3338, 6394389.1730, 44.2218, 1027.9135, 17.3580
143443.1454, 6394399.9883, 34.6091, 421.7272, 381.3521
143442.7597, 6394388.5090, 37.6379, 522.0704, 244.0104
143431.5723, 6394373.9932, 35.7727, 11.2092, 258.5455
143457.7524, 6394386.9747, 43.5130, 1063.5011, 21.6943
143458.0759, 6394388.3686, 43.8485, 1039.2374, 22.9500
143445.1707, 6394401.4867, 34.5354, 470.2890, 382.8679
143439.7050, 6394369.0934, 34.8082, 836.7225, 306.2104
143439.7875, 6394369.0421, 34.7768, 845.9203, 308.7485
143434.5187, 6394373.9945, 34.9543, 272.7379, 325.7534
143440.7105, 6394371.6295, 34.5247, 801.9036, 342.2774
143436.1706, 6394379.5159, 34.9492, 321.9215, 344.3440
143457.1598, 6394387.5852, 42.6987, 1031.4360, 56.4908
143436.9255, 6394389.4715, 35.3155, 272.1320, 347.9350
143449.8906, 6394377.0191, 39.8345, 1083.9379, 58.0078
143439.7426, 6394369.0719, 34.3315, 841.9759, 350.5026
143436.3505, 6394370.0844, 37.4190, 500.3929, 62.5878
143439.7545, 6394368.5947, 34.3272, 866.8102, 348.9435
143436.3505, 6394370.0844, 37.4190, 500.3929, 62.5878
143444.8150, 6394401.0204, 34.4151, 464.0017, 386.5624
143439.8014, 6394369.6258, 33.9127, 821.5692, 390.1464
143438.7958, 6394394.4579, 35.3966, 313.8171, 351.7901
143456.8232, 6394387.1711, 42.3477, 1031.4532, 65.4889
143433.8398, 6394380.9973, 34.8761, 165.7733, 355.4058
143433.8398, 6394380.9973, 34.8761, 165.7733, 355.4058
143444.1234, 6394399.4547, 34.1732, 457.0542, 393.9507
143456.8232, 6394387.1711, 42.3477, 1031.4532, 65.4889
143439.1218, 6394394.9612, 35.0632, 323.0884, 364.6247
143455.0028, 6394383.6120, 41.4300, 1066.2699, 66.4933
143449.8011, 6394377.1350, 39.6976, 1075.9453, 66.6898
143436.3224, 6394372.0313, 37.7759, 445.7213, 69.3739
143443.1925, 6394398.4560, 34.0151, 436.8130, 399.6240
143439.1218, 6394394.9612, 35.0632, 323.0884, 364.6247
143440.3531, 6394371.1082, 34.1442, 798.4559, 371.9200
143439.4515, 6394368.6318, 34.1004, 840.5518, 371.5067
143440.3157, 6394371.1214, 34.0112, 795.5666, 382.9049
143439.6397, 6394369.1218, 33.9059, 832.3915, 390.4356
143436.5185, 6394381.5002, 34.1636, 322.5657, 393.2692
143436.7025, 6394380.5475, 34.0641, 343.9916, 397.8412
143455.1001, 6394384.1074, 41.4556, 1055.8715, 70.2328
143449.9993, 6394376.9932, 39.5810, 1089.8265, 71.9925
143434.6326, 6394371.5657, 37.5476, 306.7639, 72.3510
143434.6674, 6394372.0441, 37.6424, 301.7794, 73.3823
143434.6971, 6394371.5710, 37.4677, 313.0288, 80.2471
143443.1925, 6394398.4560, 34.0151, 436.8130, 399.6240
143436.8457, 6394377.4433, 33.8059, 395.2715, 411.8553
143436.8457, 6394377.4433, 33.8059, 395.2715, 411.8553
143448.9970, 6394375.1670, 38.7435, 1116.9658, 94.8796
143441.1459, 6394373.0404, 33.4913, 780.6658, 422.1142
143441.0875, 6394372.6169, 33.3849, 792.3071, 430.2977
143438.8851, 6394369.5905, 33.3920, 751.5733, 440.4918
143438.8851, 6394369.5905, 33.3920, 751.5733, 440.4918
143444.3425, 6394399.4413, 33.9146, 464.2552, 401.9360
143442.4713, 6394384.4600, 32.8007, 578.3909, 450.1254
143442.4713, 6394384.4600, 32.8007, 578.3909, 450.1254
143438.5718, 6394369.0312, 32.7408, 751.7587, 504.6410
143436.5317, 6394369.9895, 32.7675, 537.6881, 509.0778
143436.5317, 6394369.9895, 32.7675, 537.6881, 509.0778
143437.3204, 6394370.0233, 32.6671, 606.1996, 513.5131
143438.3098, 6394369.5146, 32.6293, 709.4532, 513.9780
143438.4067, 6394369.1028, 32.6503, 734.8809, 513.8242
143438.4037, 6394369.0323, 32.5337, 738.0379, 525.3726
143438.4037, 6394369.0323, 32.5337, 738.0379, 525.3726
143438.4569, 6394369.0220, 32.4600, 743.2429, 532.1008
143444.3425, 6394399.4413, 33.9146, 464.2552, 401.9360
143447.2474, 6394405.9226, 33.5581, 491.7117, 410.7080
143444.9392, 6394395.0795, 33.5559, 527.1390, 412.1834
143440.7518, 6394371.6152, 33.6027, 807.3774, 414.9474
143441.0564, 6394382.4796, 33.0971, 546.3775, 440.6775
