143436.2557, 6394371.0395, 37.7806, 449.4028, 32.5360
143434.0695, 6394372.4988, 34.9146, 232.3067, 313.2564
143439.7233, 6394369.0826, 34.3502, 834.1268, 343.0252
143440.2053, 6394370.6026, 34.2000, 802.1222, 361.3206
143455.6475, 6394384.0840, 42.1104, 1073.3058, 38.9350
143434.6342, 6394371.5290, 37.6979, 287.3014, 40.9582
143434.5653, 6394372.0400, 37.7966, 272.3714, 42.5197
143445.1121, 6394395.0153, 33.3953, 525.9149, 414.5987
143434.6131, 6394372.0318, 37.7993, 276.9872, 42.3800
143458.2348, 6394388.1226, 44.0920, 1048.4363, 7.2588
143444.2329, 6394408.4416, 35.1096, 384.0634, 368.6493
143439.7884, 6394369.0342, 34.0471, 842.5569, 371.7342
143445.1121, 6394395.0153, 33.3953, 525.9149, 414.5987
143455.6006, 6394384.6726, 42.0281, 1055.6417, 47.9726
143444.3945, 6394399.4355, 33.9309, 457.7524, 398.1137
143436.2999, 6394375.9611, 33.8661, 366.8496, 403.5401
143459.6825, 6394393.0120, 45.1099, 981.5084, 18.5559
143437.9343, 6394370.0648, 37.7702, 630.3304, 22.2148
143437.9343, 6394370.0648, 37.7702, 630.3304, 22.2148
143436.9743, 6394370.5463, 37.8012, 528.4209, 23.9574
143437.0029, 6394370.5360, 37.8018, 531.3152, 23.8524
143436.9222, 6394370.5650, 37.7987, 523.1607, 24.2810
143436.9539, 6394370.5542, 37.7979, 526.3517, 24.3209
143436.3444, 6394371.0591, 37.7651, 457.0085, 35.0457
143434.8371, 6394371.4985, 37.6727, 307.4236, 44.0193
143442.6287, 6394397.9904, 33.4336, 414.6639, 416.0806
143441.0329, 6394372.6454, 33.4481, 780.7932, 422.5220
143436.6127, 6394370.5020, 32.8401, 514.1838, 496.2338
143436.6873, 6394369.9922, 32.8365, 536.7249, 498.7983
143436.7093, 6394369.9821, 32.7418, 539.3895, 507.8929
143436.7093, 6394369.9821, 32.7418, 539.3895, 507.8929
143437.4783, 6394370.0206, 32.6404, 607.4828, 512.8892
143438.7204, 6394369.5243, 32.5891, 734.1686, 513.5183
143457.5329, 6394389.1251, 43.0988, 1004.9587, 50.9484
143443.2918, 6394398.5010, 33.3634, 431.9233, 417.6109
143436.5275, 6394370.5356, 32.9388, 505.1883, 487.2303
143438.2553, 6394371.5353, 32.6740, 620.2918, 497.7390
143438.5939, 6394369.4779, 32.3961, 725.9514, 532.8333
143438.1118, 6394369.5175, 32.3495, 682.9431, 540.0925
143438.1118, 6394369.5175, 32.3495, 682.9431, 540.0925
143445.1988, 6394401.4779, 34.5788, 463.3258, 378.1748
143449.7295, 6394377.1481, 39.8605, 1072.0182, 50.7266
143457.7550, 6394389.5740, 43.2246, 1001.2973, 50.6316
143434.3510, 6394372.5242, 37.7930, 245.6321, 51.9206
143438.6596, 6394369.4770, 32.4928, 731.3151, 523.2712
143438.4308, 6394369.5122, 32.4865, 710.3288, 525.0385
143449.9208, 6394377.0011, 39.8065, 1085.9396, 52.5675
143434.1044, 6394372.5471, 37.7551, 222.5261, 54.4297
143434.1044, 6394372.5471, 37.7551, 222.5261, 54.4297
143442.1255, 6394399.5498, 34.4962, 384.3630, 381.8830
143455.2676, 6394384.0698, 41.6632, 1061.3287, 56.5989
143438.8032, 6394369.4728, 32.3890, 743.8923, 532.2166
143458.7640, 6394393.0338, 44.0467, 956.9701, 51.7764
143434.0443, 6394372.5486, 37.7452, 216.9097, 55.0134
143433.8939, 6394373.0238, 37.8113, 197.5277, 57.8790
143433.8939, 6394373.0238, 37.8113, 197.5277, 57.8790
143432.5297, 6394374.0475, 37.7451, 64.9789, 76.3340
143442.1255, 6394399.5498, 34.4962, 384.3630, 381.8830
143457.1003, 6394387.5108, 42.5406, 1030.1096, 57.0819
143449.6630, 6394376.1516, 39.5070, 1107.4972, 57.7596
143458.3015, 6394393.4150, 43.3592, 937.4771, 76.3304
143439.8521, 6394369.0054, 34.4341, 848.4134, 334.4712
143439.8521, 6394369.0054, 34.4341, 848.4134, 334.4712
143449.5476, 6394396.5602, 34.0464, 645.6129, 388.4804
143440.1831, 6394370.6186, 33.8933, 800.4042, 387.8835
143449.6630, 6394376.1516, 39.5070, 1107.4972, 57.7596
143448.6160, 6394375.5670, 38.2758, 1083.5333, 119.8340
143439.5589, 6394381.0673, 30.2385, 490.4176, 598.2581
143432.2816, 6394376.5063, 37.5068, 40.2871, 134.3729
143439.5589, 6394381.0673, 30.2385, 490.4176, 598.2581
143456.8513, 6394387.0670, 42.3120, 1033.4570, 61.4374
143457.0188, 6394394.0082, 41.3914, 892.7125, 142.6325
143443.8192, 6394399.4894, 34.0979, 439.1569, 393.3038
143441.8515, 6394375.6307, 37.6298, 725.4258, 142.9236
143441.8515, 6394375.6307, 37.6298, 725.4258, 142.9236
143456.8513, 6394387.0670, 42.3120, 1033.4570, 61.4374
143440.0151, 6394377.5577, 37.8370, 566.6165, 146.0556
143440.1051, 6394377.5234, 37.8372, 572.7003, 145.8994
143449.7807, 6394377.1592, 39.6743, 1073.9844, 61.4458
143439.7974, 6394377.5749, 37.8196, 553.3517, 146.8123
143450.1083, 6394376.9073, 39.5834, 1097.8354, 64.5451
143440.3248, 6394377.5372, 37.8175, 585.3538, 147.8459
143433.0711, 6394373.5464, 37.7555, 117.3821, 68.6954
143432.9913, 6394373.5452, 37.7390, 110.0000, 69.7224
143432.5798, 6394374.0474, 37.7535, 69.6023, 75.8459
143432.1512, 6394374.5482, 37.7587, 29.0957, 82.4620
143432.1512, 6394374.5482, 37.7587, 29.0957, 82.4620
143440.0380, 6394378.0373, 37.8653, 557.5234, 149.4224
143444.0926, 6394399.4737, 34.0110, 447.9350, 395.8398
143440.0380, 6394378.0373, 37.8653, 557.5234, 149.4224
143437.9914, 6394378.4820, 37.8167, 426.8570, 152.2570
143438.2158, 6394378.4741, 37.7018, 441.0131, 159.9957
143457.8115, 6394390.5927, 42.4950, 981.1669, 84.6012
143436.8851, 6394379.9841, 37.8695, 337.8376, 161.6754
143437.2635, 6394378.0351, 37.5605, 388.9329, 162.4366
143440.6916, 6394371.6408, 34.4880, 793.9221, 340.0296
143440.7251, 6394371.6198, 34.4792, 797.1441, 340.6303
143436.4021, 6394379.9824, 37.8161, 308.5387, 163.9091
143444.0926, 6394399.4737, 34.0110, 447.9350, 395.8398
143433.0555, 6394378.5023, 37.4597, 96.3728, 164.4352
143457.6417, 6394390.6529, 42.3108, 975.1505, 91.1739
143440.3954, 6394390.4499, 35.3250, 399.6507, 341.9814
143436.8275, 6394379.9830, 37.8211, 334.4896, 164.5067
143436.8275, 6394379.9830, 37.8211, 334.4896, 164.5067
143449.1921, 6394376.1412, 38.8929, 1086.9857, 91.6974
143436.6215, 6394379.9959, 37.7533, 321.9937, 168.3590
143445.0996, 6394400.9522, 33.8163, 465.8650, 401.4647
143440.8521, 6394372.1266, 33.7225, 787.5695, 401.7908
143453.9415, 6394387.1526, 39.3676, 941.5247, 171.1462
143458.0568, 6394394.0406, 42.6560, 919.5529, 103.1004
143448.0347, 6394376.0281, 37.4649, 1038.7002, 171.3738
143448.0347, 6394376.0281, 37.4649, 1038.7002, 171.3738
143456.1531, 6394388.1194, 41.3377, 987.6176, 105.3952
143445.8093, 6394402.4399, 33.6967, 473.8037, 404.7230
143438.9238, 6394369.5381, 33.3327, 748.7798, 442.3722
143438.9238, 6394369.5381, 33.3327, 748.7798, 442.3722
143438.9238, 6394369.5381, 33.3327, 748.7798, 442.3722
143434.6829, 6394381.0038, 37.6911, 193.0419, 177.7612
143448.9057, 6394375.5047, 38.4933, 1099.4711, 106.9439
143441.2362, 6394382.4117, 32.9745, 546.9362, 443.5009
143439.1854, 6394372.0252, 32.6492, 674.8981, 493.2798
143439.1854, 6394372.0252, 32.6492, 674.8981, 493.2798
143438.9839, 6394371.0492, 32.6454, 694.3306, 498.8681
143436.4029, 6394370.5542, 32.7311, 494.1254, 507.3552
143436.4970, 6394370.5253, 32.7298, 503.4665, 507.1153
143436.5818, 6394370.4977, 32.7252, 511.9292, 507.2313
143436.2345, 6394371.0070, 32.6952, 466.6980, 509.0708
143437.7773, 6394370.0212, 32.6484, 633.5052, 510.4095
143437.8670, 6394370.0095, 32.6453, 641.6937, 510.2559
143438.0993, 6394369.5385, 32.5296, 680.4872, 522.7847
143434.6829, 6394381.0038, 37.6911, 193.0419, 177.7612
143440.2035, 6394368.9838, 35.9126, 875.1834, 192.4616
143440.1024, 6394369.0050, 35.8012, 866.0797, 203.2261
143440.0361, 6394368.9817, 35.7369, 861.9899, 208.9865
143456.0586, 6394387.9800, 41.0893, 988.0912, 113.5818
143444.3950, 6394387.5163, 37.9474, 593.3392, 221.4829
143444.3950, 6394387.5163, 37.9474, 593.3392, 221.4829
143440.0620, 6394368.9700, 34.3164, 867.6296, 345.3065
143443.0326, 6394388.4805, 37.9079, 524.9177, 227.0805
143456.0586, 6394387.9800, 41.0893, 988.0912, 113.5818
143436.2280, 6394370.4852, 32.3394, 481.5617, 545.8921
143436.2280, 6394370.4852, 32.3394, 481.5617, 545.8921
143436.2280, 6394370.4852, 32.3394, 481.5617, 545.8921
143436.6860, 6394370.0064, 32.3513, 537.8107, 545.5662
143437.8525, 6394369.5224, 32.3073, 660.1414, 545.8328
143437.8525, 6394369.5224, 32.3073, 660.1414, 545.8328
143440.6065, 6394390.9557, 35.2224, 403.2690, 346.9643
143456.7839, 6394390.5473, 41.2009, 953.3354, 128.0773
143435.8417, 6394386.5132, 37.5027, 222.8407, 229.4775
143456.7839, 6394390.5473, 41.2009, 953.3354, 128.0773
143439.6846, 6394389.4898, 37.8078, 375.3361, 234.0586
143455.0098, 6394386.5220, 40.3080, 990.1816, 131.5745
143432.4198, 6394376.5438, 37.4315, 51.9812, 141.1411
143439.8385, 6394389.4895, 37.8142, 381.8311, 233.8824
143440.1296, 6394368.9569, 34.2505, 873.9307, 351.4364
143439.0254, 6394378.0210, 37.8624, 497.8877, 146.9593
143440.5193, 6394371.1319, 34.3162, 802.6709, 352.5804
143447.8680, 6394373.5081, 37.4339, 1136.4030, 147.7433
143438.3045, 6394378.4323, 37.7932, 446.8985, 153.9719
143439.8385, 6394389.4895, 37.8142, 381.8311, 233.8824
143436.9537, 6394377.5494, 37.5806, 376.1309, 155.1586
143448.0675, 6394375.5409, 37.5648, 1059.1069, 160.9235
143445.4184, 6394402.4547, 35.3712, 460.4814, 354.8908
143447.6595, 6394376.5906, 36.4455, 1001.0250, 234.9334
143437.0213, 6394379.9796, 37.8698, 346.1158, 161.9043
143448.7039, 6394377.5115, 37.8413, 1015.0161, 164.3066
143438.8464, 6394389.5511, 37.7428, 339.0899, 236.6274
143437.1679, 6394378.5689, 37.6045, 374.8242, 164.8502
143436.1175, 6394380.4835, 37.8039, 285.7928, 168.8645
143445.4184, 6394402.4547, 35.3712, 460.4814, 354.8908
143436.1175, 6394380.4835, 37.8039, 285.7928, 168.8645
143440.2110, 6394368.8892, 36.1354, 880.3096, 169.6076
143436.1423, 6394387.4779, 37.3962, 231.8695, 240.1647
143454.3769, 6394388.5997, 39.4494, 923.2077, 176.9658
143433.5274, 6394380.0044, 37.4791, 123.8835, 179.5300
143443.9632, 6394399.9637, 35.1734, 438.2209, 359.0616
143434.2846, 6394381.0121, 37.6359, 168.0214, 180.4714
143449.8563, 6394380.6138, 38.0172, 964.3737, 181.7141
143436.6169, 6394388.4978, 37.4726, 247.7135, 242.1087
143449.8563, 6394380.6138, 38.0172, 964.3737, 181.7141
143440.2490, 6394368.9414, 35.9868, 880.9536, 184.8565
143443.7328, 6394400.4748, 35.0705, 426.9584, 363.0228
143447.8656, 6394376.0591, 37.2281, 1029.7112, 185.3486
143440.2153, 6394368.9646, 35.9802, 877.0121, 185.7209
143440.2153, 6394368.9646, 35.9802, 877.0121, 185.7209
143432.7374, 6394377.9839, 37.0183, 75.8343, 189.3500
143432.8894, 6394378.4871, 37.0339, 85.8002, 193.5247
143440.1528, 6394368.9889, 35.8986, 870.8207, 193.7471
143448.0034, 6394376.5600, 37.1695, 1017.6135, 193.1691
143448.2549, 6394377.4630, 37.2693, 996.9769, 195.0128
143447.6276, 6394375.6032, 36.9654, 1036.0109, 196.8245
143447.6276, 6394375.6032, 36.9654, 1036.0109, 196.8245
143447.9395, 6394377.0406, 37.0835, 997.4554, 201.7980
143440.8733, 6394383.9667, 37.8182, 495.6514, 203.0332
143440.3496, 6394368.9068, 35.7876, 891.3401, 203.8398
143444.5993, 6394400.9545, 34.9406, 449.5096, 367.0053
143438.0322, 6394392.4710, 37.3659, 283.1161, 264.7060
143440.0140, 6394370.1083, 34.0816, 809.5110, 370.7556
143435.0989, 6394384.4821, 37.4217, 196.4099, 220.5105
143451.9209, 6394385.0872, 37.8237, 923.1057, 220.1674
143447.6602, 6394376.0599, 36.6144, 1020.4381, 221.3881
143444.2276, 6394403.4821, 37.9726, 414.6240, 279.0209
143445.5634, 6394401.9205, 34.6612, 470.0840, 375.7163
143443.2617, 6394387.9799, 37.9446, 541.0464, 223.1189
143440.4384, 6394386.4929, 37.6495, 441.3788, 226.0863
143444.2276, 6394403.4821, 37.9726, 414.6240, 279.0209
143446.1805, 6394403.4274, 34.6151, 474.8676, 377.7027
143441.5147, 6394387.4454, 37.7657, 476.1446, 226.7974
143440.4985, 6394371.6223, 34.0198, 781.8905, 378.2531
143439.6960, 6394369.0886, 33.9585, 832.4323, 380.5250
143439.7268, 6394369.0705, 33.9460, 835.8932, 381.6069
143451.8456, 6394385.5840, 37.5634, 908.8763, 233.4683
143440.2758, 6394368.9745, 35.4792, 882.4009, 234.1248
143442.4001, 6394388.4978, 37.7011, 499.4620, 235.5725
143442.8574, 6394403.9932, 37.9243, 370.8450, 281.6525
143443.2058, 6394398.0344, 34.3459, 431.9136, 384.9757
143442.8966, 6394388.4925, 37.7003, 519.6089, 235.8949
143439.8271, 6394369.0324, 35.3906, 842.9448, 242.6554
143450.1942, 6394413.4331, 34.3497, 498.0680, 387.2281
143440.2633, 6394371.1491, 33.8980, 784.1437, 388.0284
143436.4198, 6394387.9726, 37.3221, 242.2039, 246.3510
143442.8574, 6394403.9932, 37.9243, 370.8450, 281.6525
143447.7586, 6394392.0651, 33.8978, 651.5502, 393.0551
143448.3421, 6394380.1450, 36.6035, 916.6784, 247.8970
143440.4888, 6394368.8349, 35.3137, 907.3267, 248.8000
143440.4888, 6394368.8349, 35.3137, 907.3267, 248.8000
143447.6803, 6394392.0992, 33.8160, 648.5298, 396.1374
143444.9203, 6394392.9882, 37.8406, 537.4913, 250.6583
143450.3935, 6394406.5100, 37.7750, 556.5284, 291.8621
143441.6564, 6394401.4446, 37.0849, 352.3531, 301.4654
143437.0309, 6394370.4296, 34.8840, 546.9388, 301.8494
143435.3422, 6394384.9769, 36.8991, 207.9564, 251.1469
143445.7543, 6394394.4928, 33.8746, 552.6775, 396.9781
143444.4140, 6394392.9878, 37.8141, 519.7558, 251.4445
143445.0107, 6394393.0038, 37.7442, 540.5812, 254.3354
143445.7543, 6394394.4928, 33.8746, 552.6775, 396.9781
143440.3602, 6394371.0955, 33.7758, 793.6840, 397.9639
143445.0107, 6394393.0038, 37.7442, 540.5812, 254.3354
143439.9617, 6394368.9963, 34.9491, 856.7783, 284.9315
143447.7014, 6394391.5636, 33.7177, 657.2933, 399.5300
143445.9037, 6394393.4838, 33.6558, 570.3339, 404.3076
143451.8910, 6394410.9694, 37.9826, 553.3874, 295.2585
143445.9037, 6394393.4838, 33.6558, 570.3339, 404.3076
143451.8910, 6394410.9694, 37.9826, 553.3874, 295.2585
143440.8086, 6394375.0645, 33.4906, 686.9624, 419.2113
143440.8086, 6394375.0645, 33.4906, 686.9624, 419.2113
143440.1306, 6394373.0694, 33.4335, 705.0652, 425.9358
143439.7031, 6394372.0895, 33.4255, 708.6607, 428.4914
143439.7031, 6394372.0895, 33.4255, 708.6607, 428.4914
143445.6076, 6394393.4787, 32.9508, 561.2795, 430.0348
143439.0484, 6394369.0318, 33.4611, 782.0737, 430.3258
143439.3940, 6394371.0669, 33.4178, 723.4030, 430.9963
143445.4540, 6394391.9643, 32.8658, 575.5576, 434.0294
143438.9579, 6394371.4852, 32.6266, 676.5942, 498.5638
143436.7149, 6394370.4814, 32.8035, 524.0897, 499.2256
143438.7041, 6394371.0031, 32.6352, 674.1367, 501.3717
143438.0556, 6394370.9944, 32.6557, 622.3874, 502.9362
143438.0227, 6394370.5425, 32.6530, 635.4174, 505.7083
143438.0227, 6394370.5425, 32.6530, 635.4174, 505.7083
143438.2217, 6394370.5175, 32.6425, 652.8651, 505.7148
143438.2217, 6394370.5175, 32.6425, 652.8651, 505.7148
143436.7569, 6394369.9665, 32.7583, 544.2033, 506.1117
143437.5128, 6394370.0336, 32.6678, 609.9592, 510.0262
143438.2392, 6394369.9804, 32.6190, 674.6710, 510.7643
143438.2392, 6394369.9804, 32.6190, 674.6710, 510.7643
143438.2737, 6394369.5321, 32.6357, 695.5867, 511.6503
143438.2737, 6394369.5321, 32.6357, 695.5867, 511.6503
143438.8110, 6394369.4762, 32.5726, 743.9382, 514.8356
143437.4155, 6394370.0043, 32.5843, 602.6971, 518.6702
143437.4155, 6394370.0043, 32.5843, 602.6971, 518.6702
143456.3177, 6394384.6404, 42.7603, 1079.4652, 19.4387
143435.9668, 6394370.4974, 32.3834, 457.0189, 543.3613
143435.9668, 6394370.4974, 32.3834, 457.0189, 543.3613
143436.5743, 6394370.4628, 32.3252, 513.6694, 545.1046
143436.5743, 6394370.4628, 32.3252, 513.6694, 545.1046
143437.0507, 6394370.0045, 32.3325, 571.0160, 544.9199
143435.8057, 6394370.5003, 32.3603, 442.0300, 546.6287
143437.5693, 6394369.9806, 32.2764, 618.0045, 546.9531
143437.5693, 6394369.9806, 32.2764, 618.0045, 546.9531
143435.7311, 6394370.5186, 32.3471, 434.6295, 548.2529
143435.7311, 6394370.5186, 32.3471, 434.6295, 548.2529
143435.6684, 6394370.5027, 32.3413, 429.1660, 549.3691
143435.5193, 6394370.5019, 32.3247, 415.1638, 552.0002
143435.5193, 6394370.5019, 32.3247, 415.1638, 552.0002
143435.4633, 6394370.4950, 32.3170, 410.0358, 553.1937
143435.5202, 6394370.9585, 32.2604, 404.6518, 554.2047
143435.5942, 6394370.5001, 32.2983, 422.4064, 554.0315
143454.8039, 6394383.5965, 41.1029, 1059.2546, 74.8276
143448.3290, 6394373.0593, 38.1984, 1180.5605, 93.1592
143436.5470, 6394373.9716, 37.6268, 408.5219, 103.3110
143436.5470, 6394373.9716, 37.6268, 408.5219, 103.3110
143437.0848, 6394374.5422, 37.4990, 438.3510, 123.9228
143437.0848, 6394374.5422, 37.4990, 438.3510, 123.9228
143438.7531, 6394379.0126, 37.8285, 463.6920, 158.6913
143448.0580, 6394375.6213, 37.6267, 1055.4310, 157.9561
143437.4607, 6394378.0403, 37.5359, 401.5041, 164.5444
143437.4607, 6394378.0403, 37.5359, 401.5041, 164.5444
143431.9609, 6394375.4763, 36.8945, 15.9617, 168.5740
143453.9722, 6394387.1350, 39.3461, 942.9349, 171.9207
143447.8180, 6394376.1552, 37.2695, 1023.7998, 183.6499
143447.5741, 6394374.6073, 36.7836, 1073.7286, 199.5658
143433.7668, 6394380.4927, 36.6334, 140.4680, 237.7491
143448.3909, 6394380.0897, 36.7916, 920.1669, 238.0683
143444.3634, 6394392.5346, 37.9796, 523.1595, 243.3977
143440.4799, 6394368.8448, 35.1884, 906.3160, 260.9073
143439.8306, 6394369.0176, 34.6805, 845.5063, 310.9092
143433.9615, 6394371.9618, 35.2617, 227.1333, 277.5326
143433.9615, 6394371.9618, 35.2617, 227.1333, 277.5326
143439.7359, 6394369.0698, 34.9935, 834.3939, 281.2021
143434.4868, 6394373.4634, 35.2228, 256.3858, 292.0543
143434.3436, 6394381.9854, 35.7295, 171.9518, 300.9197
143434.1732, 6394372.4747, 35.0613, 241.5867, 299.7813
143434.1732, 6394372.4747, 35.0613, 241.5867, 299.7813
143435.7148, 6394376.9537, 35.1700, 307.3645, 314.5439
143435.7148, 6394376.9537, 35.1700, 307.3645, 314.5439
143440.3839, 6394370.6154, 34.7130, 813.9047, 316.8454
143436.2739, 6394378.9809, 35.0400, 319.9039, 330.6469
143436.7259, 6394388.9747, 35.3152, 254.2184, 341.7434
143439.9680, 6394368.9911, 34.3590, 858.7917, 341.4556
143440.1526, 6394368.9724, 34.3595, 874.7732, 341.0815
143440.3435, 6394370.6356, 34.3300, 810.7900, 349.9966
143439.6432, 6394369.1287, 34.6784, 824.5204, 311.9052
143435.7219, 6394385.9714, 34.6679, 227.0133, 367.7984
143443.2011, 6394399.0033, 34.2274, 423.5946, 389.4351
143439.5831, 6394369.0820, 33.7526, 823.8979, 400.4792
143440.6816, 6394371.6446, 34.5332, 792.9697, 336.3892
143443.8487, 6394406.9455, 36.9484, 381.0134, 316.1382
143449.8866, 6394412.4214, 33.8072, 498.9140, 400.2477
143437.4628, 6394379.4529, 33.7857, 390.1569, 407.5459
143440.0297, 6394389.4510, 35.3463, 394.6201, 339.3603
143445.0270, 6394395.0547, 33.5701, 522.4291, 408.5861
143438.3106, 6394369.5017, 32.4869, 700.4328, 525.8105
143436.9701, 6394370.0120, 32.3421, 563.4799, 544.4848
143437.9598, 6394369.5208, 32.2819, 669.7217, 547.5580
143436.3468, 6394370.4740, 32.2651, 492.9776, 552.2056
143438.0596, 6394383.9576, 35.3096, 362.5444, 329.2680
143440.6528, 6394390.9415, 35.2810, 405.1526, 344.5325
143455.8604, 6394383.4422, 42.3258, 1098.5146, 23.8794
143441.0328, 6394391.9363, 35.2743, 410.2243, 346.2953
143457.1792, 6394388.1236, 42.5410, 1017.8757, 62.4037
143449.1730, 6394375.6016, 38.8748, 1107.6857, 86.1976
143448.4775, 6394374.4995, 38.0529, 1121.7109, 120.9845
143436.9481, 6394374.9972, 37.6185, 418.9648, 120.7142
143439.7230, 6394369.0822, 34.4591, 833.8825, 332.5953
143440.1067, 6394368.9721, 34.2781, 871.2357, 348.9006
143440.8390, 6394372.1341, 34.3518, 785.1555, 352.4098
143448.6666, 6394376.1536, 38.2841, 1062.7943, 125.8568
143449.3447, 6394378.5853, 38.3495, 1006.1340, 147.4924
143448.6254, 6394376.6270, 37.9740, 1043.2333, 148.5296
143443.1205, 6394397.9690, 35.1275, 428.6645, 358.8170
143454.8484, 6394389.0138, 39.8446, 928.6974, 165.1199
143445.2687, 6394403.4646, 35.5996, 447.6044, 349.3417
143439.6293, 6394369.1275, 34.2123, 824.4630, 356.5308
143454.8484, 6394389.0138, 39.8446, 928.6974, 165.1199
143448.1583, 6394377.5286, 37.3171, 990.2958, 192.7128
143447.6483, 6394375.0625, 36.9432, 1058.4918, 193.6532
143453.5161, 6394387.6308, 38.6691, 917.5012, 200.6407
143440.1391, 6394368.9886, 35.2209, 871.0995, 258.8662
143433.2197, 6394379.4944, 36.1655, 109.2927, 260.7360
143433.2197, 6394379.4944, 36.1655, 109.2927, 260.7360
143440.4539, 6394368.8516, 34.9942, 904.2281, 279.5522
143433.1592, 6394379.0049, 35.6140, 108.8060, 294.5759
143444.6630, 6394401.4535, 35.1848, 446.9104, 359.8960
143439.7493, 6394369.0575, 34.0686, 838.1281, 369.8267
143459.7415, 6394392.6061, 45.4402, 991.0776, 4.3617
143456.0864, 6394383.6360, 42.7517, 1100.1927, 8.5030
143433.9419, 6394371.9871, 34.9793, 226.2157, 304.2116
143435.7420, 6394385.9690, 35.3298, 226.4682, 334.8721
143440.2619, 6394370.5710, 34.1936, 807.7553, 361.6857
143445.1891, 6394401.4763, 34.5930, 463.0339, 377.7466
143458.3451, 6394388.3996, 44.1229, 1045.0339, 9.0410
143436.7539, 6394388.9692, 34.5946, 257.0595, 374.0024
143456.4225, 6394384.7179, 42.9876, 1080.6052, 11.1933
143445.1891, 6394401.4763, 34.5930, 463.0339, 377.7466
143443.6544, 6394406.9418, 34.8601, 378.1192, 374.7849
143458.0597, 6394388.6680, 44.0032, 1030.4166, 15.1608
143450.7443, 6394399.6043, 34.2079, 641.8093, 384.0790
143445.7495, 6394402.4287, 33.0597, 472.9058, 423.7789
143438.5157, 6394369.5164, 32.5639, 717.2070, 517.1483
143456.6022, 6394385.0256, 42.9940, 1077.9725, 14.6612
143439.9297, 6394369.0281, 37.7056, 846.6697, 17.6973
143439.9302, 6394369.5102, 37.8221, 822.5896, 18.0417
143439.9302, 6394369.5102, 37.8221, 822.5896, 18.0417
143438.5729, 6394369.5752, 37.7231, 705.7557, 19.5384
143438.5729, 6394369.5752, 37.7231, 705.7557, 19.5384
143438.6446, 6394369.5410, 37.7198, 713.4478, 19.5477
143438.6446, 6394369.5410, 37.7198, 713.4478, 19.5477
143438.0979, 6394370.0330, 37.7803, 645.8196, 21.6294
143438.0979, 6394370.0330, 37.7803, 645.8196, 21.6294
143450.7443, 6394399.6043, 34.2079, 641.8093, 384.0790
143457.6237, 6394387.0480, 43.3944, 1056.8923, 21.6872
143445.7648, 6394396.0823, 34.1046, 534.3760, 389.7144
143457.6237, 6394387.0480, 43.3944, 1056.8923, 21.6872
143455.9829, 6394384.0490, 42.5414, 1085.1161, 21.4441
143437.1683, 6394370.4960, 37.8172, 547.3748, 22.5678
143437.2614, 6394370.5204, 37.8328, 554.8356, 22.2980
143437.1112, 6394370.5175, 37.8159, 541.5750, 22.8025
143444.3564, 6394399.9649, 34.1293, 451.6510, 392.0155
143456.4055, 6394385.1235, 42.7904, 1069.1504, 23.3532
143456.6743, 6394385.6508, 42.9447, 1063.6001, 23.1350
143456.4055, 6394385.1235, 42.7904, 1069.1504, 23.3532
143437.9612, 6394370.0602, 37.7431, 632.9402, 24.9230
143437.2433, 6394370.5354, 37.8013, 552.8536, 25.5519
143437.2433, 6394370.5354, 37.8013, 552.8536, 25.5519
143437.2956, 6394370.5485, 37.8100, 557.0377, 25.3790
143437.2956, 6394370.5485, 37.8100, 557.0377, 25.3790
143436.8078, 6394370.5620, 37.7544, 513.0420, 27.7038
143436.8078, 6394370.5620, 37.7544, 513.0420, 27.7038
143436.6761, 6394370.5735, 37.7403, 500.7531, 28.4415
143436.6761, 6394370.5735, 37.7403, 500.7531, 28.4415
143445.5079, 6394394.0537, 33.7638, 549.8750, 401.0179
143441.0806, 6394372.6202, 33.6107, 784.5985, 410.0466
143440.7406, 6394371.6209, 33.5253, 800.0638, 417.6476
143455.8718, 6394383.4384, 42.3061, 1099.0145, 24.7163
143455.7449, 6394384.0834, 42.3076, 1076.4354, 30.9124
143445.3529, 6394393.9967, 33.1739, 546.0867, 422.2304
143457.3001, 6394387.1191, 43.0412, 1045.4882, 35.0101
143448.7211, 6394409.9248, 35.1662, 488.6439, 365.8056
143456.2928, 6394385.0506, 42.5167, 1067.6410, 33.4556
143435.9442, 6394371.0615, 37.7400, 420.3915, 34.8631
143436.1053, 6394371.0737, 37.7426, 434.9230, 35.9542
143434.8768, 6394371.4838, 37.7316, 311.2226, 38.2631
143450.0274, 6394376.9243, 39.7605, 1093.5400, 54.5501
143445.6764, 6394393.4582, 33.0525, 563.7350, 426.2875
143439.0469, 6394369.0327, 33.4644, 781.8981, 430.0115
143439.3597, 6394369.4185, 33.4426, 790.1136, 430.5398
143439.0646, 6394369.4931, 33.2971, 762.6200, 445.2462
143436.6761, 6394370.4889, 32.9752, 519.8056, 483.2581
143436.5982, 6394370.5145, 32.9694, 512.0648, 484.0852
143439.3956, 6394372.1079, 32.6470, 687.4984, 492.1636
143436.8124, 6394370.4843, 32.8600, 532.5020, 493.3885
143436.8124, 6394370.4843, 32.8600, 532.5020, 493.3885
143436.8124, 6394370.4843, 32.8600, 532.5020, 493.3885
143438.9843, 6394371.0485, 32.6370, 694.4080, 499.5924
143436.6367, 6394370.4812, 32.7456, 517.2838, 505.0951
143438.1636, 6394370.5430, 32.6460, 647.1215, 505.5804
143436.4014, 6394370.5547, 32.7312, 493.9760, 507.3563
143436.5854, 6394370.4964, 32.7240, 512.2994, 507.3277
143437.7367, 6394370.0013, 32.5987, 630.8682, 515.4309
143438.8454, 6394369.4655, 32.5540, 747.3468, 516.4579
143437.8800, 6394369.5436, 32.5999, 660.8733, 517.3479
143437.8800, 6394369.5436, 32.5999, 660.8733, 517.3479
143438.7550, 6394369.5019, 32.5399, 738.1822, 518.0925
143450.0274, 6394376.9243, 39.7605, 1093.5400, 54.5501
143448.7065, 6394373.6056, 38.6318, 1172.9733, 73.5752
143457.4580, 6394388.1775, 43.1267, 1024.6211, 41.6489
143449.1787, 6394375.5940, 38.8850, 1108.2499, 85.5187
143436.8566, 6394374.5191, 37.7479, 421.0369, 103.4611
143436.8566, 6394374.5191, 37.7479, 421.0369, 103.4611
143436.6492, 6394370.4631, 32.3192, 520.4019, 545.1783
143436.4253, 6394370.4816, 32.3293, 499.6602, 545.5610
143436.4253, 6394370.4816, 32.3293, 499.6602, 545.5610
143448.2365, 6394377.1071, 37.3917, 1008.4887, 185.2681
143455.5900, 6394384.1474, 42.0584, 1069.6658, 41.5835
143448.2365, 6394377.1071, 37.3917, 1008.4887, 185.2681
143449.9444, 6394376.9353, 39.9635, 1089.3491, 42.9931
143448.3203, 6394378.5748, 37.2567, 962.9020, 204.0472
143433.2142, 6394379.0033, 36.5921, 109.2233, 228.7973
143455.6652, 6394384.6059, 42.0757, 1059.5404, 45.5345
143447.5658, 6394376.1573, 36.4215, 1012.4730, 233.3709
143447.5658, 6394376.1573, 36.4215, 1012.4730, 233.3709
143455.6652, 6394384.6059, 42.0757, 1059.5404, 45.5345
143447.5658, 6394376.1573, 36.4215, 1012.4730, 233.3709
143433.2083, 6394379.4925, 36.1922, 108.4140, 258.9558
143437.0457, 6394370.4043, 35.1324, 548.2383, 278.0411
143437.0457, 6394370.4043, 35.1324, 548.2383, 278.0411
143434.4293, 6394374.5195, 34.9091, 240.1346, 323.8882
143434.4293, 6394374.5195, 34.9091, 240.1346, 323.8882
143457.3637, 6394388.0849, 42.9126, 1024.1097, 48.6146
143450.2460, 6394376.8014, 39.8003, 1107.7527, 51.5410
143434.5872, 6394372.5399, 37.8053, 267.1278, 52.5159
143445.8205, 6394402.4184, 34.7274, 473.1396, 373.9138
143450.1737, 6394376.8733, 39.7760, 1101.8632, 53.5575
143433.8469, 6394373.0304, 37.8075, 193.1346, 58.0872
143433.8469, 6394373.0304, 37.8075, 193.1346, 58.0872
143433.8082, 6394373.0352, 37.7979, 189.5518, 58.8281
143433.6690, 6394373.0387, 37.7718, 176.6947, 60.4726
143433.6690, 6394373.0387, 37.7718, 176.6947, 60.4726
143449.8955, 6394377.0622, 39.6746, 1082.6294, 60.6254
143439.7996, 6394369.0271, 34.0060, 843.9199, 375.6224
143456.9395, 6394386.9965, 42.3101, 1037.8989, 61.1182
143455.0412, 6394383.5776, 41.4374, 1067.6359, 60.9173
143449.8408, 6394377.1100, 39.6695, 1078.4521, 61.3136
143453.1514, 6394405.6034, 34.5445, 636.8369, 376.4412
143433.0956, 6394378.9911, 34.9959, 106.5531, 335.9995
143454.9722, 6394383.5473, 41.3182, 1066.2214, 65.5599
143433.0754, 6394373.5460, 37.7564, 117.7822, 68.6354
143432.0770, 6394374.5475, 37.7450, 22.2985, 83.2697
143432.0770, 6394374.5475, 37.7450, 22.2985, 83.2697
143432.0155, 6394374.5509, 37.7303, 16.6729, 84.3036
143432.0155, 6394374.5509, 37.7303, 16.6729, 84.3036
143439.7121, 6394396.9593, 35.3474, 320.1220, 352.0507
143449.0978, 6394375.0659, 38.7893, 1126.4927, 84.4209
143446.9247, 6394405.4386, 34.5835, 478.6076, 379.3731
143439.7121, 6394396.9593, 35.3474, 320.1220, 352.0507
143439.7844, 6394369.0362, 33.8887, 842.4680, 386.8817
143456.3486, 6394387.5673, 41.5541, 1006.3759, 93.4243
143449.0391, 6394375.9679, 38.5996, 1087.0028, 106.3638
143432.1183, 6394376.0040, 37.5077, 26.8427, 126.6777
143443.5152, 6394398.4404, 33.4340, 439.5251, 415.0329
143438.5575, 6394369.6210, 32.7655, 715.8110, 497.2621
143437.1948, 6394369.9966, 32.4229, 583.9003, 535.4125
143437.1948, 6394369.9966, 32.4229, 583.9003, 535.4125
143437.1948, 6394369.9966, 32.4229, 583.9003, 535.4125
143446.9247, 6394405.4386, 34.5835, 478.6076, 379.3731
143455.1162, 6394386.6496, 40.4229, 990.4271, 128.1281
143448.7421, 6394376.5745, 38.1700, 1050.3717, 137.0160
143452.0845, 6394403.1114, 34.3333, 637.0884, 381.4321
143453.9931, 6394385.1516, 39.8577, 991.1074, 138.2844
143441.6446, 6394373.4374, 37.2621, 784.9308, 141.7369
143441.6446, 6394373.4374, 37.2621, 784.9308, 141.7369
143432.5075, 6394377.0072, 37.4754, 58.1569, 144.1127
143441.3060, 6394377.0598, 37.8164, 653.8206, 145.2219
143432.5792, 6394377.5000, 37.5307, 62.7038, 146.4272
143452.0845, 6394403.1114, 34.3333, 637.0884, 381.4321
143439.8741, 6394377.5460, 37.8238, 558.5383, 146.4185
143448.7449, 6394377.0025, 37.9753, 1034.8774, 152.2717
143437.4780, 6394377.5013, 37.6227, 411.0698, 153.1005
143448.2377, 6394375.4621, 37.6776, 1070.2832, 153.7236
143437.0766, 6394377.0563, 37.5158, 392.1873, 154.3770
143432.7965, 6394377.9988, 37.5040, 78.3908, 154.9643
143453.8921, 6394407.6128, 34.3653, 634.1186, 381.8075
143437.1115, 6394377.5116, 37.5800, 387.1025, 155.1689
143456.2727, 6394391.0913, 40.4789, 927.8187, 156.0490
143437.0254, 6394379.0607, 37.7159, 358.7427, 162.3900
143449.5388, 6394411.9501, 34.5347, 493.6133, 382.4861
143448.1294, 6394376.0787, 37.6294, 1041.1025, 162.3122
143433.0115, 6394378.5016, 37.4808, 93.0693, 162.8497
143436.1865, 6394380.0244, 37.7999, 294.8279, 164.8664
143435.8240, 6394380.4900, 37.7664, 267.8594, 170.6256
143435.8240, 6394380.4900, 37.7664, 267.8594, 170.6256
143457.5637, 6394388.5650, 43.2422, 1018.6252, 40.9967
143448.6268, 6394372.5829, 38.7525, 1219.1217, 50.2418
143435.7299, 6394380.4907, 37.7506, 262.0998, 171.4087
143447.8203, 6394374.0877, 37.2172, 1107.9879, 167.7422
143435.7299, 6394380.4907, 37.7506, 262.0998, 171.4087
143449.3983, 6394396.0924, 33.8997, 647.4106, 393.1906
143447.7148, 6394377.0209, 36.7934, 987.9908, 217.9131
143435.6020, 6394380.4957, 37.7341, 254.1868, 172.2099
143435.3512, 6394380.5001, 37.7001, 238.6388, 173.8482
143449.3983, 6394396.0924, 33.8997, 647.4106, 393.1906
143435.3512, 6394380.5001, 37.7001, 238.6388, 173.8482
143445.2464, 6394394.0628, 33.6793, 541.0788, 404.3233
143456.2568, 6394393.4960, 40.3317, 881.5734, 173.9531
143443.3999, 6394381.4626, 33.6160, 667.0850, 406.8099
143440.8476, 6394375.0684, 33.5239, 689.1931, 416.8443
143453.4063, 6394385.3663, 38.9279, 966.6031, 177.2623
143447.6280, 6394375.6696, 37.0356, 1033.3971, 193.1507
143445.9274, 6394390.5952, 33.1992, 610.8196, 421.1975
143439.3479, 6394371.0889, 33.3941, 719.0884, 433.1581
143439.3479, 6394371.0889, 33.3941, 719.0884, 433.1581
143439.0977, 6394369.0037, 33.4189, 787.7079, 434.2689
143439.3577, 6394371.0833, 33.3590, 720.1332, 436.1246
143439.1641, 6394370.6107, 33.3636, 723.4858, 437.0112
143437.2139, 6394372.5234, 33.0380, 508.1542, 468.1366
143439.7013, 6394373.4591, 32.6535, 665.0269, 485.3008
143447.7368, 6394376.1304, 37.0906, 1021.0289, 193.8741
143439.4297, 6394373.0477, 32.6730, 659.0020, 486.3877
143438.7829, 6394369.5147, 32.8625, 739.1493, 487.4351
143439.2931, 6394373.0037, 32.6646, 650.7897, 487.7599
143439.2931, 6394373.0037, 32.6646, 650.7897, 487.7599
143438.7895, 6394372.9988, 32.6816, 614.9409, 488.5880
143438.7895, 6394372.9988, 32.6816, 614.9409, 488.5880
143439.4126, 6394372.5572, 32.6672, 673.5663, 488.7199
143447.6907, 6394376.0145, 36.7407, 1023.4944, 213.6030
143439.3837, 6394372.1166, 32.6917, 686.2274, 488.5936
143439.3487, 6394372.5505, 32.6670, 669.2038, 489.0321
143439.4575, 6394372.5366, 32.6638, 677.4624, 488.8724
143439.0522, 6394372.5484, 32.6694, 647.8541, 490.1396
143438.8841, 6394372.5530, 32.6726, 635.4346, 490.6071
143433.4216, 6394379.4836, 35.8290, 124.4968, 282.8441
143438.6401, 6394372.5163, 32.6840, 618.5701, 490.9210
143438.7246, 6394369.5467, 32.8217, 732.9547, 491.4438
143438.7537, 6394369.5256, 32.7729, 736.4485, 495.9919
143436.6563, 6394370.4867, 32.8290, 518.5955, 497.1172
143436.6563, 6394370.4867, 32.8290, 518.5955, 497.1172
143438.9071, 6394369.4733, 32.7491, 751.6939, 497.6712
143438.9071, 6394369.4733, 32.7491, 751.6939, 497.6712
143438.7201, 6394369.5410, 32.7545, 732.9995, 497.8318
143438.7111, 6394370.5376, 32.6387, 692.0488, 503.3651
143438.7111, 6394370.5376, 32.6387, 692.0488, 503.3651
143438.7679, 6394370.5106, 32.6371, 697.6682, 503.3458
143437.9210, 6394370.9917, 32.6510, 611.4921, 504.0600
143436.7365, 6394370.4693, 32.7429, 526.5920, 504.8569
143437.7516, 6394370.5248, 32.6601, 613.2639, 506.6216
143437.7516, 6394370.5248, 32.6601, 613.2639, 506.6216
143438.2976, 6394370.0564, 32.6478, 676.5653, 507.3423
143436.7128, 6394369.9759, 32.6841, 540.1105, 513.4908
143437.8816, 6394369.5453, 32.6309, 660.8602, 514.3411
143436.7015, 6394369.9770, 32.6526, 539.1505, 516.6003
143436.7015, 6394369.9770, 32.6526, 539.1505, 516.6003
143436.0898, 6394370.5201, 32.6491, 466.7941, 517.1361
143437.3680, 6394369.9984, 32.5898, 598.6937, 518.4634
143437.8754, 6394369.5429, 32.5676, 660.5911, 520.4890
143437.1918, 6394370.0038, 32.5634, 582.9274, 522.0023
143433.4216, 6394379.4836, 35.8290, 124.4968, 282.8441
143435.6016, 6394376.9815, 35.0605, 299.4096, 322.3695
143440.4047, 6394368.8863, 34.3108, 899.7157, 345.0004
143435.2920, 6394384.9733, 37.4376, 203.9118, 223.0135
143442.4155, 6394388.4718, 37.8852, 500.1372, 227.5573
143442.8369, 6394400.5051, 35.1416, 398.7946, 361.3568
143440.3829, 6394389.0292, 37.8160, 409.4920, 231.8968
143440.4803, 6394389.0042, 37.8144, 413.8593, 231.9059
143442.8369, 6394400.5051, 35.1416, 398.7946, 361.3568
143440.4803, 6394389.0042, 37.8144, 413.8593, 231.9059
143442.1433, 6394397.9802, 33.8027, 398.2284, 404.2076
143440.1924, 6394368.9731, 32.4648, 881.7037, 519.9908
143437.8993, 6394369.5333, 32.3365, 663.7487, 542.6232
143436.2258, 6394387.5057, 37.4938, 235.5261, 235.7204
143448.2202, 6394372.5373, 38.0727, 1201.0559, 94.1357
143433.8545, 6394371.9865, 35.1506, 217.0175, 288.1466
143434.7877, 6394374.4739, 35.0879, 269.3117, 309.1104
143437.2263, 6394390.4939, 34.7405, 267.5379, 368.9536
143436.0396, 6394375.9963, 34.0583, 347.1323, 390.3141
143442.7324, 6394388.4939, 37.6759, 513.0125, 236.8390
143436.8042, 6394370.0160, 32.4072, 548.1044, 539.3232
143436.2343, 6394387.4631, 37.4103, 236.4054, 239.4742
143451.7742, 6394385.0891, 37.6910, 918.0142, 225.6608
143433.0113, 6394378.9901, 36.4595, 95.2634, 237.4396
143434.0385, 6394380.9784, 35.0514, 160.5858, 337.8668
143436.2343, 6394387.4631, 37.4103, 236.4054, 239.4742
143441.0540, 6394372.6098, 34.4345, 781.6406, 347.2201
143437.6008, 6394390.4994, 37.7129, 277.8461, 241.7010
143435.2333, 6394384.9765, 34.9732, 207.0427, 351.0712
143440.0669, 6394368.9674, 33.9920, 868.8227, 376.2236
143454.6929, 6394383.5429, 40.8099, 1057.1537, 86.6592
143432.7695, 6394377.9890, 35.2156, 85.1948, 317.3150
143439.5976, 6394369.1455, 34.1397, 821.1232, 363.5886
143439.5976, 6394369.1455, 34.1397, 821.1232, 363.5886
143436.3410, 6394370.4942, 32.4277, 491.2988, 536.7353
143437.8350, 6394369.9602, 32.3288, 641.7047, 540.4393
143437.8350, 6394369.9602, 32.3288, 641.7047, 540.4393
143436.5211, 6394388.4757, 37.4598, 243.4014, 242.5294
143444.9548, 6394393.0344, 37.6341, 538.4017, 258.5184
143439.7034, 6394369.0913, 35.2310, 830.1176, 258.5034
143440.0032, 6394369.0053, 35.2200, 859.1595, 258.9954
143440.1696, 6394368.9728, 35.1834, 874.4717, 262.3367
143438.2586, 6394392.9591, 37.3327, 289.0410, 267.9330
143440.0351, 6394368.9878, 35.1214, 862.8680, 268.3365
143447.3642, 6394396.9923, 37.7264, 570.2049, 269.0919
143447.3642, 6394396.9923, 37.7264, 570.2049, 269.0919
143436.5287, 6394370.4798, 35.1892, 499.0515, 273.0335
143436.5287, 6394370.4798, 35.1892, 499.0515, 273.0335
143452.8159, 6394386.8831, 36.7292, 912.6802, 273.0866
143436.4446, 6394370.5069, 35.1856, 490.5763, 273.5815
143436.4446, 6394370.5069, 35.1856, 490.5763, 273.5815
143440.1153, 6394397.9624, 37.4025, 324.3297, 281.9895
143439.8179, 6394369.0253, 34.9851, 843.4172, 281.6750
143441.5400, 6394401.4840, 37.6635, 347.6261, 283.1600
143439.5868, 6394369.1495, 34.9283, 818.2693, 288.0831
143439.5868, 6394369.1495, 34.9283, 818.2693, 288.0831
143437.9600, 6394391.9804, 36.7352, 284.6611, 288.6323
143450.7421, 6394406.4892, 37.7994, 565.4815, 291.1583
143440.3706, 6394370.6202, 34.9902, 812.1342, 292.9186
143452.5317, 6394410.9706, 38.0179, 568.1743, 294.3671
143440.3834, 6394370.6156, 34.9512, 813.3671, 296.2647
143440.3834, 6394370.6156, 34.9512, 813.3671, 296.2647
143452.5921, 6394410.9880, 37.8776, 569.5324, 297.8612
143452.5921, 6394410.9880, 37.8776, 569.5324, 297.8612
143459.6607, 6394393.0647, 45.2505, 979.8007, 14.3002
143436.2095, 6394371.5254, 37.8150, 432.9969, 39.8760
143449.7392, 6394377.0977, 40.0070, 1074.2135, 41.9131
143455.5641, 6394384.6288, 41.8026, 1055.7583, 56.8095
143455.7187, 6394385.0813, 41.7642, 1048.6998, 62.9456
143449.8505, 6394376.9981, 39.4763, 1083.1936, 70.7797
143458.4804, 6394392.9766, 43.3356, 950.7975, 74.3642
143449.2634, 6394376.0739, 38.9182, 1092.8657, 89.6518
143436.6294, 6394373.9438, 37.7492, 415.0909, 93.3658
143437.0709, 6394374.4960, 37.7866, 437.3936, 100.9452
143449.1296, 6394376.1066, 38.6771, 1085.6377, 103.6776
143436.4240, 6394374.0170, 37.5623, 398.2656, 108.7099
143447.9682, 6394372.6223, 37.8623, 1183.9076, 108.7332
143437.0625, 6394374.5194, 37.6493, 436.7041, 111.8974
143448.9490, 6394376.6518, 38.5822, 1056.5826, 114.6976
143454.2789, 6394384.5871, 40.2798, 1015.0359, 116.9884
143448.3716, 6394374.0293, 37.9407, 1137.4130, 122.2821
143437.0791, 6394375.0114, 37.5240, 428.5254, 128.4999
143437.2382, 6394375.0635, 37.4519, 439.2355, 135.1368
143453.9532, 6394385.1217, 39.6632, 990.6589, 146.0517
143449.2222, 6394378.6237, 38.2669, 999.6776, 151.9708
143438.5181, 6394379.0810, 37.8283, 448.6811, 158.8643
143438.5181, 6394379.0810, 37.8283, 448.6811, 158.8643
143447.6274, 6394373.6743, 37.2263, 1116.7378, 162.5264
143437.7929, 6394378.5077, 37.6122, 414.7259, 165.1040
143439.0192, 6394379.4797, 37.7878, 471.2126, 166.2472
143438.7164, 6394379.4752, 37.7646, 453.8835, 166.9878
143447.8576, 6394375.5095, 37.1524, 1050.6156, 185.1085
143440.9178, 6394383.9951, 37.7014, 497.5480, 209.1034
143440.9178, 6394383.9951, 37.7014, 497.5480, 209.1034
143440.9178, 6394383.9951, 37.7014, 497.5480, 209.1034
143434.6865, 6394382.9795, 36.7544, 183.7281, 247.2999
143433.6790, 6394380.5010, 35.6357, 137.9043, 300.2587
143440.4009, 6394368.8892, 34.7474, 898.4197, 303.4186
143439.7143, 6394369.0885, 34.7308, 832.2597, 306.5918
143435.5672, 6394377.5184, 34.9205, 290.9797, 334.0664
143439.8434, 6394369.0098, 34.3682, 847.6161, 340.8189
143433.2142, 6394379.4936, 34.8919, 113.3558, 344.3256
143439.8302, 6394369.0182, 34.2757, 846.3022, 349.7371
143440.7180, 6394371.6241, 34.3247, 796.7698, 353.1706
143440.5226, 6394398.9531, 35.2363, 334.8379, 357.9550
143440.5226, 6394398.9531, 35.2363, 334.8379, 357.9550
143442.7477, 6394404.4479, 35.2653, 367.9655, 361.6225
143439.7857, 6394369.6323, 34.1040, 813.2761, 367.9609
143439.7857, 6394369.6323, 34.1040, 813.2761, 367.9609
143439.7857, 6394369.6323, 34.1040, 813.2761, 367.9609
143445.0217, 6394401.4653, 34.8319, 457.8967, 370.5333
143442.7501, 6394404.4470, 34.6836, 368.7726, 378.7986
143442.7501, 6394404.4470, 34.6836, 368.7726, 378.7986
143441.7809, 6394399.0303, 34.3954, 377.2354, 385.1647
143440.3466, 6394371.1040, 33.8627, 792.1660, 390.7376
143436.8029, 6394377.4512, 33.9671, 377.8315, 396.4103
143440.8516, 6394372.1346, 33.4376, 787.7791, 424.0971
143440.8516, 6394372.1346, 33.4376, 787.7791, 424.0971
143442.4173, 6394383.9805, 32.7983, 575.3527, 448.1058
143436.9485, 6394370.9805, 32.9871, 529.0393, 478.8604
143436.4863, 6394370.5356, 32.8254, 501.8753, 498.1223
143436.4863, 6394370.5356, 32.8254, 501.8753, 498.1223
143438.3362, 6394369.5177, 32.4654, 702.0322, 527.5900
143437.0116, 6394370.0125, 32.4572, 566.8237, 533.2053
143437.0810, 6394370.0041, 32.3776, 573.6058, 540.4119
143458.1755, 6394388.5470, 44.0940, 1036.5952, 11.0129
143456.5761, 6394385.6543, 42.7697, 1060.5016, 29.8987
143447.7790, 6394371.1910, 38.4475, 1249.8795, 45.2089
143447.7790, 6394371.1910, 38.4475, 1249.8795, 45.2089
143456.7286, 6394386.9954, 42.0165, 1031.6086, 71.9327
143456.2324, 6394387.0730, 41.4349, 1014.7081, 93.9337
143449.2435, 6394378.0912, 38.5096, 1018.2453, 134.1194
143448.0018, 6394374.1230, 37.5216, 1115.2483, 149.0742
143447.8889, 6394375.1168, 37.3961, 1067.6628, 166.7301
143449.4083, 6394379.5891, 38.0316, 976.9200, 172.5902
143447.5894, 6394376.6398, 36.8822, 995.5532, 209.8697
143447.4831, 6394375.6703, 36.6198, 1026.7273, 217.9979
143442.7678, 6394388.4884, 37.8001, 514.3242, 231.5322
143442.7678, 6394388.4884, 37.8001, 514.3242, 231.5322
143433.7113, 6394380.4743, 36.0293, 138.8713, 275.4901
143439.8715, 6394369.0039, 35.0337, 848.8146, 276.8354
143440.1481, 6394368.9864, 34.8801, 872.6327, 291.4748
143439.8000, 6394369.0367, 34.8074, 841.7490, 298.8510
143457.8228, 6394386.6077, 43.7524, 1073.8971, 4.1961
143439.0300, 6394394.9775, 35.6397, 308.2019, 338.6484
143440.5358, 6394371.1244, 34.4931, 803.8223, 337.7656
143438.2465, 6394384.4559, 35.1209, 366.8130, 340.0388
143438.2465, 6394384.4559, 35.1209, 366.8130, 340.0388
143458.1468, 6394387.5981, 43.8743, 1058.6956, 10.1557
143433.6444, 6394380.4834, 34.9077, 138.0822, 345.6660
143433.6444, 6394380.4834, 34.9077, 138.0822, 345.6660
143458.1468, 6394387.5981, 43.8743, 1058.6956, 10.1557
143438.5862, 6394393.9601, 35.4200, 298.5755, 345.4687
143457.6596, 6394386.6177, 43.5215, 1068.7909, 12.7555
143439.0305, 6394394.9802, 35.1060, 309.1009, 358.6051
143457.5703, 6394386.6359, 43.4168, 1065.6600, 16.7340
143439.0305, 6394394.9802, 35.1060, 309.1009, 358.6051
143439.8164, 6394369.0165, 34.0958, 845.6444, 366.9714
143440.1920, 6394370.6119, 34.1347, 800.8584, 367.0118
143440.1563, 6394370.6244, 34.0005, 797.9109, 378.6997
143439.6415, 6394369.1204, 33.9337, 826.4305, 383.0890
143436.5110, 6394381.5018, 34.1588, 308.2690, 388.4701
143435.8284, 6394376.0267, 34.0076, 331.6420, 394.4243
143465.0361, 6394403.6555, 48.1507, 925.4672, 18.5089
143465.0361, 6394403.6555, 48.1507, 925.4672, 18.5089
143438.7034, 6394369.5378, 37.7230, 718.6744, 19.5800
143438.7034, 6394369.5378, 37.7230, 718.6744, 19.5800
143436.1703, 6394371.0380, 37.8127, 441.5164, 28.8627
143436.5396, 6394370.5798, 37.7246, 488.1087, 29.1763
143436.2557, 6394371.0395, 37.7806, 449.4028, 32.5360
143458.3842, 6394387.9859, 44.1354, 1056.1082, 4.7670
143458.3842, 6394387.9859, 44.1354, 1056.1082, 4.7670
143456.0400, 6394383.4809, 42.6291, 1103.2087, 11.9012
143456.0324, 6394384.1548, 42.7080, 1083.6886, 15.7078
143449.9565, 6394374.9379, 39.7053, 1171.3082, 30.4780
143436.0082, 6394371.0634, 37.7700, 426.1483, 32.4433
143436.0082, 6394371.0634, 37.7700, 426.1483, 32.4433
143436.1096, 6394371.0626, 37.7833, 435.4389, 31.8356
143436.1096, 6394371.0626, 37.7833, 435.4389, 31.8356
143450.0291, 6394376.9047, 40.0375, 1094.1741, 38.7555
143457.9790, 6394387.0598, 43.8004, 1067.1093, 7.2754
143449.9061, 6394376.9505, 40.0238, 1087.0515, 39.6645
143435.0714, 6394371.4821, 37.7127, 329.8422, 41.3149
143435.0714, 6394371.4821, 37.7127, 329.8422, 41.3149
143434.6462, 6394371.5376, 37.6543, 288.5134, 45.4392
143434.6462, 6394371.5376, 37.6543, 288.5134, 45.4392
143456.1746, 6394384.1407, 42.8929, 1088.6436, 8.2578
143457.3311, 6394387.5241, 42.8322, 1036.6128, 46.6900
143458.2426, 6394387.9359, 43.9878, 1053.2258, 9.3917
143457.3243, 6394388.5910, 42.8581, 1011.1378, 54.8400
143456.0476, 6394383.1475, 42.6198, 1113.2399, 8.6980
143449.8228, 6394377.1040, 39.7474, 1077.8317, 56.8225
143436.9036, 6394374.0441, 37.7767, 434.0940, 93.9583
143437.1831, 6394374.5035, 37.5546, 446.2637, 119.4251
143456.0476, 6394383.1475, 42.6198, 1113.2399, 8.6980
143448.6216, 6394375.5680, 38.2507, 1083.7756, 121.3608
143455.8194, 6394383.6157, 42.4970, 1092.0601, 18.2741
143455.0848, 6394386.6551, 40.5068, 989.2411, 124.8059
143455.8194, 6394383.6157, 42.4970, 1092.0601, 18.2741
143457.0801, 6394393.5115, 41.5037, 903.3940, 136.1869
143456.5107, 6394385.1271, 42.9173, 1072.3489, 18.5391
143448.3598, 6394376.1691, 37.9233, 1048.2238, 146.3972
143437.6157, 6394377.4567, 37.6643, 420.6179, 150.1690
143438.7157, 6394378.5209, 37.8677, 470.0045, 151.1630
143456.3708, 6394385.0788, 42.6470, 1069.3160, 28.6453
143438.4560, 6394378.5233, 37.8425, 454.4033, 152.1628
143437.4752, 6394377.5116, 37.5651, 410.8705, 157.0606
143437.4752, 6394377.5116, 37.5651, 410.8705, 157.0606
143455.8406, 6394383.9957, 42.3283, 1082.0413, 29.4319
143437.3360, 6394377.5309, 37.5474, 401.5647, 158.1154
143437.3360, 6394377.5309, 37.5474, 401.5647, 158.1154
143437.1563, 6394377.5458, 37.5341, 389.6345, 158.7351
143437.1563, 6394377.5458, 37.5341, 389.6345, 158.7351
143432.2548, 6394376.4916, 37.0302, 40.1394, 171.0141
143457.7210, 6394388.0961, 43.4396, 1034.2114, 29.9190
143454.5846, 6394389.0919, 39.5493, 919.0919, 176.2346
143457.7210, 6394388.0961, 43.4396, 1034.2114, 29.9190
143436.3531, 6394371.0486, 37.7971, 457.9619, 31.8209
143435.0666, 6394371.4764, 37.7713, 329.2410, 35.5350
143434.8896, 6394371.4908, 37.6934, 312.4888, 42.1846
143434.8896, 6394371.4908, 37.6934, 312.4888, 42.1846
143433.7681, 6394380.9993, 37.5269, 135.3376, 186.1387
143447.6131, 6394375.5398, 36.8096, 1037.9131, 205.7033
143455.7726, 6394384.5758, 42.1541, 1063.8326, 42.2874
143434.4860, 6394372.0635, 37.7670, 264.6808, 45.3119
143440.7886, 6394384.0227, 37.6050, 491.1925, 213.9507
143450.3086, 6394376.9129, 39.9346, 1106.1217, 45.6783
143434.5505, 6394372.0539, 37.7483, 270.9820, 47.2590
143434.5505, 6394372.0539, 37.7483, 270.9820, 47.2590
143447.6199, 6394376.0720, 36.7276, 1017.9605, 214.7283
143447.6445, 6394375.5548, 36.5270, 1039.0891, 222.9283
143457.1980, 6394387.5482, 42.7205, 1032.0680, 50.8077
143442.6072, 6394388.4718, 37.9369, 507.8420, 225.4816
143440.1788, 6394368.9821, 35.4527, 874.1946, 236.6106
143440.2715, 6394368.9753, 35.4227, 882.1251, 239.5361
143440.2715, 6394368.9753, 35.4227, 882.1251, 239.5361
143449.9923, 6394376.9385, 39.8183, 1091.4294, 51.3613
143446.1737, 6394397.4780, 37.9802, 527.4679, 261.9114
143458.6169, 6394392.9988, 43.8924, 953.7507, 56.3191
143438.0564, 6394392.4639, 36.6178, 285.5368, 294.9273
143436.5372, 6394379.4592, 35.2163, 330.1058, 321.1121
143439.8142, 6394369.0284, 34.5074, 843.9788, 327.5965
143435.0968, 6394376.0085, 34.9176, 275.1382, 329.0695
143439.7889, 6394369.0437, 34.4408, 841.2726, 334.0922
143439.7889, 6394369.0437, 34.4408, 841.2726, 334.0922
143458.6169, 6394392.9988, 43.8924, 953.7507, 56.3191
143433.4096, 6394373.0578, 37.7258, 152.4323, 63.5831
143457.3439, 6394389.0667, 42.6500, 1000.9752, 66.4220
143450.0020, 6394376.9698, 39.5313, 1090.8577, 67.8668
143449.4546, 6394376.0617, 39.2198, 1101.8348, 72.5591
143449.3873, 6394376.0560, 39.0997, 1099.0863, 79.2557
143456.0319, 6394387.1694, 41.2836, 1006.2438, 100.1139
143458.0694, 6394394.0901, 42.6758, 918.9683, 102.7948
143448.6925, 6394375.1547, 38.4838, 1103.8575, 102.7577
143448.8042, 6394375.5974, 38.4726, 1090.9880, 108.9538
143439.5996, 6394369.1447, 34.1977, 821.1939, 358.0443
143439.5996, 6394369.1447, 34.1977, 821.1939, 358.0443
143439.5996, 6394369.1447, 34.1977, 821.1939, 358.0443
143440.0713, 6394370.0916, 34.1906, 814.4719, 360.8763
143448.7081, 6394375.5673, 38.3637, 1087.7809, 114.8384
143440.1316, 6394397.9556, 35.0280, 328.5662, 364.1761
143440.3407, 6394371.1137, 34.1617, 790.7154, 365.7343
143456.5521, 6394390.1672, 41.1326, 954.5847, 127.7046
143457.2224, 6394393.9768, 41.6631, 898.6805, 133.8360
143443.1642, 6394399.9993, 34.6187, 413.7175, 377.4033
143432.3452, 6394376.4930, 37.4630, 45.7548, 137.7861
143432.3452, 6394376.4930, 37.4630, 45.7548, 137.7861
143437.9362, 6394378.4868, 37.7533, 423.5410, 156.2195
143437.9362, 6394378.4868, 37.7533, 423.5410, 156.2195
143448.7112, 6394377.0443, 37.9002, 1031.9049, 156.8349
143443.1642, 6394399.9993, 34.6187, 413.7175, 377.4033
143440.2935, 6394371.1330, 33.9890, 786.8261, 380.3260
143439.9431, 6394370.1490, 33.9602, 802.4483, 381.8151
143448.4897, 6394376.6220, 37.8084, 1037.3191, 157.7084
143447.7052, 6394373.6810, 37.3015, 1120.3247, 157.8697
143447.7052, 6394373.6810, 37.3015, 1120.3247, 157.8697
143436.9686, 6394377.5562, 37.5163, 377.1886, 159.5967
143443.2997, 6394401.0062, 34.4566, 410.1553, 383.1201
143436.9686, 6394377.5562, 37.5163, 377.1886, 159.5967
143437.1779, 6394378.0564, 37.5359, 383.1897, 164.0764
143448.3820, 6394376.5828, 37.6525, 1033.9338, 166.1123
143432.4260, 6394376.9820, 37.0173, 53.5612, 178.0699
143444.8763, 6394401.0021, 34.4338, 458.0266, 382.5774
143454.4008, 6394388.5921, 39.3993, 924.1584, 178.8404
143447.9332, 6394377.0448, 37.0866, 997.0126, 201.6429
143447.6455, 6394376.1213, 36.9528, 1017.1392, 201.8073
143447.6589, 6394375.5252, 36.6603, 1040.8241, 214.6776
143446.6274, 6394404.4325, 33.8648, 479.6312, 399.5040
143440.9601, 6394384.0428, 37.5687, 499.0688, 216.0637
143448.9301, 6394380.5869, 37.1359, 928.0797, 224.0806
143440.2959, 6394368.9594, 35.5724, 884.6384, 225.0531
143440.1206, 6394368.9931, 35.4808, 868.8278, 233.9465
143438.7989, 6394389.9971, 37.7828, 333.1239, 237.0289
143442.5881, 6394388.4863, 37.6620, 507.3013, 237.3067
143448.7844, 6394381.0590, 36.8835, 909.0192, 239.1284
143443.2516, 6394388.5579, 37.6056, 533.0619, 240.4432
143448.1244, 6394379.6351, 36.5402, 922.3521, 248.2700
143444.6063, 6394392.9725, 37.8429, 526.6757, 250.3872
143444.4849, 6394393.0015, 37.7046, 522.2405, 255.6134
143444.4849, 6394393.0015, 37.7046, 522.2405, 255.6134
143448.5009, 6394380.0771, 36.3709, 925.5944, 259.4296
143446.5324, 6394397.4756, 37.9417, 538.7347, 263.2719
143446.5324, 6394397.4756, 37.9417, 538.7347, 263.2719
143440.0356, 6394369.0000, 35.1698, 862.1767, 263.7959
143440.1081, 6394397.9670, 37.2888, 324.2226, 285.9540
143440.1081, 6394397.9670, 37.2888, 324.2226, 285.9540
143440.2375, 6394368.9691, 34.8792, 880.7798, 291.4311
143438.4094, 6394393.4646, 36.6101, 292.9193, 298.1707
143440.1399, 6394368.9881, 34.7881, 872.0642, 300.2847
143439.0809, 6394394.9658, 36.5734, 308.6274, 303.6274
143436.8109, 6394380.4614, 35.3523, 334.2534, 316.4081
143437.5738, 6394382.4454, 35.2929, 354.3089, 326.0422
143440.3675, 6394370.6234, 34.5110, 812.7411, 334.3239
