143438.3793, 6394370.0527, 32.6286, 672.5341, 506.1205
143438.3793, 6394370.0527, 32.6286, 672.5341, 506.1205
143436.7797, 6394370.9937, 32.6371, 496.2244, 506.5848
143436.8822, 6394370.9944, 32.6332, 505.5334, 506.5047
143436.4883, 6394371.0148, 32.6275, 468.8745, 508.6532
143438.1332, 6394370.4884, 32.5720, 633.9641, 509.9373
143439.0780, 6394369.9809, 32.3471, 736.2098, 530.2906
143439.0780, 6394369.9809, 32.3471, 736.2098, 530.2906
143438.9630, 6394370.0042, 32.3103, 725.4613, 534.1904
143456.2627, 6394383.4594, 42.8129, 1114.9209, 3.1069
143456.9879, 6394387.0282, 42.3864, 1039.8021, 57.9636
143439.0667, 6394369.9923, 32.4548, 734.6147, 520.0289
143438.4689, 6394370.0346, 32.4572, 681.3687, 522.3563
143437.4735, 6394370.5280, 32.4220, 574.4391, 527.0291
143456.2627, 6394383.4594, 42.8129, 1114.9209, 3.1069
143455.1724, 6394384.1790, 41.5565, 1057.2969, 60.5484
143448.3593, 6394372.6415, 38.4888, 1213.4995, 61.7413
143456.1126, 6394383.0623, 42.7028, 1121.9191, 2.8948
143449.9541, 6394377.0081, 39.5389, 1092.5710, 63.1089
143436.4102, 6394373.9751, 37.7667, 380.9309, 68.6892
143432.2565, 6394376.4909, 37.4150, 6.6844, 115.0944
143432.3512, 6394376.4857, 37.3610, 15.1112, 119.8544
143432.3512, 6394376.4857, 37.3610, 15.1112, 119.8544
143440.5634, 6394376.5740, 37.8014, 615.0669, 125.5734
143457.7681, 6394386.5898, 43.6254, 1075.1877, 7.9514
143434.3907, 6394372.5227, 37.8457, 224.6093, 16.6802
143433.9563, 6394372.5599, 37.7560, 181.6504, 22.4790
143433.9563, 6394372.5599, 37.7560, 181.6504, 22.4790
143440.7517, 6394371.6068, 34.4546, 795.5927, 335.9957
143432.9823, 6394373.5496, 37.7389, 77.9636, 38.4423
143432.7035, 6394374.0402, 37.7852, 48.8799, 42.4876
143440.7517, 6394371.6068, 34.4546, 795.5927, 335.9957
143432.7035, 6394374.0402, 37.7852, 48.8799, 42.4876
143440.5228, 6394371.1317, 34.4317, 798.9671, 336.0580
143440.5634, 6394376.5740, 37.8014, 615.0669, 125.5734
143455.3259, 6394384.0360, 41.6092, 1066.5317, 57.4597
143438.3983, 6394370.4244, 32.1843, 659.9445, 545.6700
143438.3983, 6394370.4244, 32.1843, 659.9445, 545.6700
143456.7318, 6394390.5760, 41.2398, 949.8481, 126.5689
143437.4266, 6394377.5169, 37.6210, 392.5304, 136.5677
143455.3259, 6394384.0360, 41.6092, 1066.5317, 57.4597
143432.7637, 6394378.0148, 37.4275, 47.5140, 137.4089
143436.8704, 6394377.5694, 37.5802, 353.9555, 137.8148
143436.8704, 6394377.5694, 37.5802, 353.9555, 137.8148
143438.7227, 6394379.0248, 37.8212, 449.1613, 144.9474
143435.5759, 6394380.4871, 37.8110, 232.9538, 149.9715
143458.1279, 6394390.6352, 42.9970, 988.8720, 67.6434
143441.9005, 6394375.9951, 37.8661, 712.8104, 119.6640
143454.1132, 6394385.6645, 39.5992, 981.9049, 151.9881
143432.2519, 6394376.4970, 36.9234, 7.9387, 154.8314
143456.4849, 6394393.1460, 40.7422, 891.3168, 158.4408
143463.7783, 6394406.1381, 44.6961, 862.0594, 119.6105
143456.4849, 6394393.1460, 40.7422, 891.3168, 158.4408
143456.4349, 6394393.0479, 40.5523, 891.7878, 164.2887
143441.3248, 6394392.9560, 35.2261, 397.6843, 343.9096
143447.6530, 6394371.0918, 38.1270, 1262.5089, 59.4358
143456.4260, 6394393.4801, 40.5672, 883.4299, 166.0074
143454.8832, 6394383.6426, 41.2421, 1062.7739, 68.1700
143437.0715, 6394374.5339, 37.5714, 422.6248, 98.0134
143437.0715, 6394374.5339, 37.5714, 422.6248, 98.0134
143441.3248, 6394392.9560, 35.2261, 397.6843, 343.9096
143454.0556, 6394386.0589, 39.2413, 970.1054, 169.1472
143463.9834, 6394407.1092, 44.8775, 853.3394, 119.8006
143432.6359, 6394377.4761, 36.8907, 39.7095, 170.7468
143456.0194, 6394387.6484, 41.2495, 994.4438, 104.4430
143438.9928, 6394378.5380, 37.8404, 474.4793, 139.4736
143448.0239, 6394374.0851, 37.6076, 1124.6156, 138.8236
143440.3198, 6394370.6521, 34.2695, 804.8958, 348.6166
143439.9907, 6394369.6561, 34.2314, 825.8961, 348.7239
143440.6792, 6394371.6483, 34.2609, 788.7090, 352.4555
143454.8785, 6394389.6308, 39.6593, 914.3891, 175.0999
143438.1364, 6394378.4814, 37.7197, 422.3833, 143.5820
143432.8245, 6394377.9840, 36.8911, 53.9600, 177.0075
143448.0629, 6394375.6097, 37.6647, 1060.2534, 151.4088
143463.9834, 6394407.1092, 44.8775, 853.3394, 119.8006
143441.7290, 6394373.3933, 37.3747, 790.0782, 120.3110
143448.7064, 6394377.4407, 37.7686, 1019.9620, 164.3331
143454.0943, 6394389.0276, 39.1896, 902.8333, 188.1974
143432.3232, 6394376.4969, 36.7596, 14.6762, 168.3012
143441.0737, 6394383.9684, 37.8797, 494.2496, 190.5567
143454.0887, 6394387.0760, 39.4471, 946.5338, 167.1122
143432.5339, 6394376.9909, 36.7308, 32.3926, 177.1725
143457.2400, 6394393.1096, 41.9021, 913.0707, 120.3907
143440.1350, 6394376.5655, 37.7966, 588.5343, 124.0253
143434.4091, 6394382.5216, 37.3765, 146.0491, 191.8290
143447.6087, 6394374.5707, 36.8338, 1081.6025, 192.7545
143440.8347, 6394376.5126, 37.8218, 633.3945, 124.5651
143440.4949, 6394376.6039, 37.7929, 610.0602, 126.2368
143448.1069, 6394378.0988, 37.2139, 969.4688, 199.4978
143439.0200, 6394377.5643, 37.8357, 495.3475, 128.8415
143434.4091, 6394382.5216, 37.3765, 146.0491, 191.8290
143439.0200, 6394377.5643, 37.8357, 495.3475, 128.8415
143441.1507, 6394384.0329, 37.5708, 497.3012, 206.9082
143440.1532, 6394377.5010, 37.8715, 567.0651, 130.1887
143438.1181, 6394378.0480, 37.7929, 428.6131, 133.8039
143448.1903, 6394378.0956, 37.2982, 973.3753, 194.9355
143440.3831, 6394369.4879, 35.8014, 865.5928, 196.5507
143437.1940, 6394377.0239, 37.5502, 385.0315, 134.6607
143433.7123, 6394380.5053, 36.5824, 111.9056, 223.6584
143437.1940, 6394377.0239, 37.5502, 385.0315, 134.6607
143438.8059, 6394378.5598, 37.8246, 462.6169, 140.0456
143448.0922, 6394379.1231, 36.9292, 935.2480, 222.1606
143434.8826, 6394384.0076, 37.4889, 166.3022, 197.9929
143432.9961, 6394378.5176, 37.4010, 64.6405, 146.4534
143449.7105, 6394396.5607, 34.9824, 640.3433, 356.8180
143436.0203, 6394380.0421, 37.8107, 265.8368, 146.8894
143448.0922, 6394379.1231, 36.9292, 935.2480, 222.1606
143448.1235, 6394377.4855, 37.1453, 991.5779, 198.8357
143448.1235, 6394377.4855, 37.1453, 991.5779, 198.8357
143448.0922, 6394379.1231, 36.9292, 935.2480, 222.1606
143434.1205, 6394372.4726, 35.2035, 207.1903, 267.2392
143434.1205, 6394372.4726, 35.2035, 207.1903, 267.2392
143440.1161, 6394369.5769, 35.0078, 839.6094, 273.5991
143433.8589, 6394372.5093, 34.9577, 181.8105, 290.5079
143435.9942, 6394377.9640, 35.1587, 292.9521, 306.7785
143435.9942, 6394377.9640, 35.1587, 292.9521, 306.7785
143435.0475, 6394384.4815, 37.3930, 173.3121, 207.0609
143440.1861, 6394370.1409, 34.6722, 817.7927, 309.4578
143456.8302, 6394393.5435, 41.1033, 893.5031, 149.0198
143436.4645, 6394379.4875, 34.9873, 306.0786, 324.2899
143440.5488, 6394369.4055, 34.3793, 884.3805, 333.5545
143443.4854, 6394383.5174, 37.5916, 615.9193, 207.0350
143436.0835, 6394380.4897, 37.7954, 265.3327, 152.6844
143433.6170, 6394380.4885, 34.8103, 109.7716, 338.1181
143448.0550, 6394375.5331, 37.4569, 1063.0005, 163.4774
143442.8094, 6394386.5461, 37.8865, 533.6730, 209.9740
143433.6170, 6394380.4885, 34.8103, 109.7716, 338.1181
143440.3922, 6394370.6109, 34.2736, 812.3907, 348.1014
143440.1607, 6394370.6297, 34.1195, 793.6215, 362.0798
143442.6325, 6394387.5255, 37.9447, 511.6014, 212.5663
143435.7199, 6394385.9732, 34.5984, 206.1793, 361.4864
143439.9558, 6394370.1435, 33.9661, 799.7518, 375.1507
143434.9927, 6394372.4742, 33.9606, 294.1985, 384.0786
143454.1110, 6394385.9987, 39.3396, 973.4437, 164.8558
143452.2571, 6394385.4829, 38.0207, 922.9749, 213.5270
143441.5409, 6394387.4259, 37.8627, 466.1166, 213.9339
143456.4898, 6394393.4860, 40.5885, 885.1128, 165.4269
143444.9345, 6394401.4621, 34.9497, 442.8789, 363.3214
143443.3246, 6394398.9697, 34.2632, 414.4077, 384.1375
143439.9520, 6394369.5851, 33.7220, 826.6716, 397.5132
143441.0112, 6394383.9817, 37.9203, 490.9660, 188.4380
143441.5409, 6394387.4259, 37.8627, 466.1166, 213.9339
143436.5443, 6394376.4450, 33.7833, 355.9912, 399.9596
143443.1150, 6394377.9488, 36.9286, 726.3105, 203.5082
143447.6473, 6394376.0576, 36.6836, 1022.1146, 214.2953
143443.1150, 6394377.9488, 36.9286, 726.3105, 203.5082
143445.0940, 6394394.5537, 33.5561, 518.2835, 406.5189
143440.4219, 6394386.0445, 37.6111, 434.0327, 215.9576
143441.0669, 6394372.6280, 33.5128, 777.6254, 414.2603
143440.6643, 6394371.6472, 33.4258, 788.3834, 422.5586
143440.6643, 6394371.6472, 33.4258, 788.3834, 422.5586
143438.4879, 6394370.0086, 32.2658, 684.3749, 540.8863
143438.4879, 6394370.0086, 32.2658, 684.3749, 540.8863
143443.6261, 6394386.5153, 37.9314, 569.0417, 209.1349
143433.6734, 6394380.4968, 36.6778, 109.0478, 217.3044
143443.6261, 6394386.5153, 37.9314, 569.0417, 209.1349
143437.3352, 6394370.4810, 32.2641, 563.8611, 543.3008
143438.3275, 6394370.0308, 32.2054, 669.4911, 547.3886
143435.8853, 6394386.5148, 37.4523, 206.5263, 218.7299
143442.4605, 6394388.4892, 37.8304, 491.2041, 222.5134
143434.7114, 6394382.9699, 36.8289, 163.2842, 227.9430
143435.4111, 6394385.4758, 37.4197, 187.7149, 213.0327
143447.8780, 6394378.5901, 36.5981, 942.7849, 236.5828
143442.7575, 6394387.5268, 37.9273, 516.8853, 213.5625
143449.5581, 6394411.9223, 35.1367, 482.6160, 365.4034
143447.8780, 6394378.5901, 36.5981, 942.7849, 236.5828
143440.3341, 6394389.0332, 37.8786, 394.4890, 220.0281
143448.3220, 6394380.1471, 36.7089, 913.9713, 240.2783
143448.3220, 6394380.1471, 36.7089, 913.9713, 240.2783
143447.5378, 6394406.9364, 34.8764, 470.8289, 369.2187
143440.3341, 6394389.0332, 37.8786, 394.4890, 220.0281
143444.9622, 6394392.5688, 37.8482, 534.5276, 243.3737
143444.9622, 6394392.5688, 37.8482, 534.5276, 243.3737
143439.9588, 6394389.4856, 37.8888, 373.5587, 221.3758
143446.1385, 6394403.4389, 34.7204, 461.4946, 371.6061
143440.1495, 6394369.5142, 33.9763, 846.3516, 372.7495
143448.6331, 6394381.1378, 36.7174, 898.5126, 245.5689
143439.9588, 6394389.4856, 37.8888, 373.5587, 221.3758
143448.6331, 6394381.1378, 36.7174, 898.5126, 245.5689
143440.0861, 6394369.6104, 35.2723, 835.2236, 248.2607
143440.3426, 6394369.5312, 35.1864, 860.4359, 256.4356
143436.7837, 6394371.0053, 35.1596, 490.8733, 264.3405
143436.7837, 6394371.0053, 35.1596, 490.8733, 264.3405
143439.6698, 6394389.4867, 37.8640, 361.0728, 222.0392
143446.9413, 6394405.4326, 34.6773, 467.2138, 373.9592
143440.2824, 6394380.9598, 34.2086, 508.5949, 373.9331
143440.3018, 6394371.1297, 33.9764, 782.7024, 375.7691
143440.3018, 6394371.1297, 33.9764, 782.7024, 375.7691
143457.1677, 6394385.5880, 43.4574, 1083.3438, 2.3179
143434.9170, 6394371.9985, 37.9044, 283.5999, 2.9694
143434.5431, 6394372.5164, 37.9410, 239.2083, 8.7157
143434.5780, 6394372.5110, 37.9413, 242.6617, 8.8626
143439.6698, 6394389.4867, 37.8640, 361.0728, 222.0392
143448.1676, 6394393.1184, 34.1856, 639.8318, 381.8176
143456.6656, 6394385.1245, 43.1278, 1080.0865, 9.1159
143434.8937, 6394372.0205, 37.8375, 281.1546, 9.8530
143440.2189, 6394369.5421, 35.0134, 849.8558, 272.9695
143448.1676, 6394393.1184, 34.1856, 639.8318, 381.8176
143436.5398, 6394388.4715, 37.4060, 226.8593, 233.0266
143458.0190, 6394388.1421, 43.9151, 1043.3784, 12.5970
143441.4379, 6394400.9723, 37.6569, 334.6764, 275.1084
143458.0040, 6394388.4084, 43.8967, 1036.4453, 15.7166
143445.8265, 6394394.0287, 33.8584, 549.3433, 395.1047
143440.6883, 6394371.6511, 33.6365, 789.7957, 404.8715
143436.7794, 6394388.9699, 37.4342, 235.0014, 234.6126
143456.0441, 6394384.1599, 42.6638, 1087.0325, 16.1702
143444.9089, 6394395.5716, 33.4030, 500.5929, 412.0531
143440.4908, 6394371.1586, 33.5010, 796.1808, 416.7982
143440.1322, 6394373.0678, 33.4366, 696.2506, 421.5568
143439.7231, 6394372.0784, 33.3925, 701.7690, 426.7286
143439.5549, 6394371.5928, 33.3949, 707.2202, 427.3651
143445.0489, 6394392.5455, 37.7816, 537.9830, 245.9195
143439.5549, 6394371.5928, 33.3949, 707.2202, 427.3651
143441.4379, 6394400.9723, 37.6569, 334.6764, 275.1084
143455.9312, 6394384.0865, 42.5607, 1085.3947, 19.3671
143457.6531, 6394387.4996, 43.3507, 1048.3049, 26.9067
143448.7739, 6394372.4934, 38.8387, 1243.0192, 37.3121
143444.4037, 6394392.9735, 37.7880, 509.4861, 246.6767
143445.7899, 6394393.4273, 32.9590, 556.3194, 427.9323
143439.5893, 6394369.8916, 33.3810, 782.0507, 430.6437
143439.1570, 6394370.0351, 33.3176, 739.3469, 437.4723
143439.1816, 6394370.0216, 33.2933, 742.0602, 439.7527
143438.5152, 6394371.9881, 32.6592, 612.5532, 492.4700
143455.8832, 6394383.9362, 42.3936, 1088.1337, 24.7846
143449.9776, 6394376.9526, 39.8100, 1095.8224, 46.9590
143438.5152, 6394371.9881, 32.6592, 612.5532, 492.4700
143438.8857, 6394371.0192, 32.6335, 677.0609, 498.1288
143438.0674, 6394370.5227, 32.6579, 626.8145, 501.8835
143437.8762, 6394370.5042, 32.6569, 610.7320, 502.8943
143438.7460, 6394370.0991, 32.6268, 702.4368, 504.4229
143437.3267, 6394370.9847, 32.6235, 545.7015, 505.5798
143438.5791, 6394370.0253, 32.6204, 691.1387, 506.2044
143438.4188, 6394370.0607, 32.5843, 675.7292, 510.1728
143438.6360, 6394370.0317, 32.5619, 695.8804, 511.5324
143437.7890, 6394370.5029, 32.4993, 603.3362, 518.3041
143437.7890, 6394370.5029, 32.4993, 603.3362, 518.3041
143438.5580, 6394370.0349, 32.3995, 689.2048, 527.4651
143438.5580, 6394370.0349, 32.3995, 689.2048, 527.4651
143438.6165, 6394370.0285, 32.3956, 694.5561, 527.6003
143438.4420, 6394370.0421, 32.3738, 678.8289, 530.4560
143438.4420, 6394370.0421, 32.3738, 678.8289, 530.4560
143436.3960, 6394370.9904, 32.2839, 461.7663, 542.2021
143436.3960, 6394370.9904, 32.2839, 461.7663, 542.2021
143436.2473, 6394371.0119, 32.2606, 447.3717, 545.0525
143436.2473, 6394371.0119, 32.2606, 447.3717, 545.0525
143455.8832, 6394383.9362, 42.3936, 1088.1337, 24.7846
143449.9776, 6394376.9526, 39.8100, 1095.8224, 46.9590
143436.4390, 6394373.5151, 37.8134, 392.4785, 56.4115
143455.8153, 6394384.1888, 42.4156, 1078.5922, 26.1839
143433.7040, 6394373.0392, 37.8072, 152.0164, 26.4956
143433.7040, 6394373.0392, 37.8072, 152.0164, 26.4956
143433.4746, 6394373.0555, 37.7606, 129.4087, 29.3979
143433.4746, 6394373.0555, 37.7606, 129.4087, 29.3979
143433.4260, 6394373.0570, 37.7407, 124.6416, 30.9304
143433.0675, 6394373.5491, 37.7596, 86.3041, 37.1686
143433.0675, 6394373.5491, 37.7596, 86.3041, 37.1686
143449.1793, 6394375.6078, 38.9350, 1113.9218, 77.7766
143450.5481, 6394406.4661, 37.9876, 551.4622, 283.4751
143440.5623, 6394369.3987, 34.8740, 885.5367, 285.8937
143440.2617, 6394369.5235, 34.8745, 854.4295, 286.3092
143448.5676, 6394374.5054, 38.1538, 1132.6447, 110.3673
143450.0478, 6394376.9129, 39.9490, 1100.5258, 38.7840
143448.3015, 6394396.5654, 37.8774, 595.4521, 259.5961
143448.6962, 6394376.1478, 38.3476, 1068.8518, 117.7034
143450.0478, 6394376.9129, 39.9490, 1100.5258, 38.7840
143454.0188, 6394383.6494, 40.0394, 1032.6735, 118.2272
143455.6486, 6394384.6276, 42.0486, 1060.6467, 45.5001
143450.4124, 6394406.4985, 37.8429, 547.7626, 287.4449
143449.6906, 6394377.1843, 39.8553, 1074.0405, 46.0326
143454.0188, 6394383.6494, 40.0394, 1032.6735, 118.2272
143448.3015, 6394396.5654, 37.8774, 595.4521, 259.5961
143436.6913, 6394371.0147, 35.1551, 482.0693, 264.6587
143438.9907, 6394378.5427, 37.8174, 474.3006, 140.9970
143457.0655, 6394387.1435, 42.7158, 1039.2852, 46.3541
143450.4124, 6394406.4985, 37.8429, 547.7626, 287.4449
143450.2428, 6394376.7999, 39.8041, 1113.6428, 46.5569
143455.7080, 6394389.5678, 40.4338, 941.0410, 147.5411
143457.5857, 6394389.1159, 43.1829, 1007.2939, 47.2216
143455.7080, 6394389.5678, 40.4338, 941.0410, 147.5411
143457.5857, 6394389.1159, 43.1829, 1007.2939, 47.2216
143443.6353, 6394403.5561, 38.0190, 384.8243, 271.9686
143453.7082, 6394387.1205, 38.9861, 933.0497, 185.0925
143450.1997, 6394376.8430, 39.7918, 1110.0142, 47.6247
143452.6181, 6394410.9700, 37.9921, 561.1464, 293.1109
143447.6484, 6394375.0627, 36.9393, 1062.4772, 190.4141
143440.4275, 6394369.4873, 35.4957, 869.4669, 226.3318
143450.0840, 6394376.8668, 39.7795, 1103.9316, 48.0964
143437.9346, 6394370.4709, 32.1969, 617.8554, 546.5811
143437.9346, 6394370.4709, 32.1969, 617.8554, 546.5811
143450.0840, 6394376.8668, 39.7795, 1103.9316, 48.0964
143444.8800, 6394392.9840, 37.8296, 526.3885, 245.6301
143440.5147, 6394369.4224, 35.2404, 880.1732, 250.6040
143443.6353, 6394403.5561, 38.0190, 384.8243, 271.9686
143457.3227, 6394388.6081, 42.8021, 1011.3627, 56.3904
143450.0358, 6394376.9450, 39.6371, 1098.6877, 57.0540
143452.6181, 6394410.9700, 37.9921, 561.1464, 293.1109
143449.9259, 6394377.0470, 39.6181, 1089.8110, 58.9329
143443.0699, 6394403.9854, 38.0111, 364.8669, 272.9880
143457.2871, 6394388.5329, 42.6286, 1012.0802, 62.1813
143457.2871, 6394388.5329, 42.6286, 1012.0802, 62.1813
143439.9149, 6394397.4613, 37.2402, 306.7134, 278.4186
143455.0071, 6394383.5067, 41.3540, 1070.9624, 62.4202
143458.2793, 6394390.5467, 43.1087, 995.1348, 63.4083
143451.0152, 6394406.0301, 37.8476, 567.6443, 286.5941
143438.4313, 6394374.4026, 35.0599, 532.0780, 298.7393
143457.9784, 6394390.5982, 42.8424, 985.4041, 72.4571
143434.1583, 6394373.0049, 34.9370, 205.4783, 296.2060
143455.3933, 6394385.1400, 41.3547, 1038.1615, 78.4141
143435.7390, 6394385.9704, 35.2696, 206.0465, 327.2101
143448.9893, 6394375.1772, 38.7393, 1123.3702, 83.5181
143435.7390, 6394385.9704, 35.2696, 206.0465, 327.2101
143448.9976, 6394375.9640, 38.5477, 1090.4935, 104.7754
143433.6214, 6394380.4879, 34.8173, 110.0540, 337.6664
143436.2791, 6394387.9824, 34.9268, 221.2169, 348.5508
143434.3506, 6394374.0148, 34.9139, 211.8642, 304.5973
143440.0047, 6394369.6485, 34.6692, 827.0715, 306.6182
143457.5476, 6394393.5890, 42.1849, 912.4205, 114.4823
143436.2791, 6394387.9824, 34.9268, 221.2169, 348.5508
143436.7334, 6394388.9733, 34.5399, 237.1497, 367.9869
143440.5086, 6394371.1381, 34.4750, 797.5811, 332.3160
143440.5086, 6394371.1381, 34.4750, 797.5811, 332.3160
143463.8749, 6394406.5533, 44.7759, 858.4830, 119.6509
143446.3603, 6394413.4461, 37.4881, 393.2475, 308.0553
143440.7164, 6394376.0584, 37.7788, 638.3882, 121.4254
143440.4516, 6394390.4369, 35.3113, 387.7123, 336.0139
143443.8220, 6394407.4512, 34.9650, 366.1321, 367.8145
143457.3693, 6394393.5626, 41.9414, 908.0222, 122.0885
143432.4376, 6394377.0213, 37.4211, 22.0729, 123.1806
143443.8220, 6394407.4512, 34.9650, 366.1321, 367.8145
143440.0169, 6394376.5797, 37.7974, 580.7333, 123.6555
143440.3132, 6394370.6530, 34.6283, 804.0369, 316.3882
143440.3132, 6394370.6530, 34.6283, 804.0369, 316.3882
143439.7789, 6394377.0302, 37.8457, 554.8733, 124.8647
143439.8301, 6394377.0287, 37.8473, 558.1178, 124.9495
143439.7104, 6394377.0348, 37.8336, 550.4825, 125.4573
143439.5817, 6394377.5030, 37.8480, 531.8810, 129.5320
143439.2998, 6394377.5133, 37.8218, 514.0790, 130.2825
143439.2998, 6394377.5133, 37.8218, 514.0790, 130.2825
143432.6169, 6394377.5192, 37.4181, 36.4861, 131.0439
143439.2026, 6394377.5481, 37.8126, 507.2477, 130.9231
143439.2026, 6394377.5481, 37.8126, 507.2477, 130.9231
143438.1721, 6394378.0291, 37.8138, 432.3860, 132.3954
143446.5962, 6394404.4188, 34.1652, 466.4960, 388.2892
143437.4616, 6394377.4988, 37.6715, 395.0953, 132.9977
143455.4223, 6394388.6203, 40.5028, 953.2590, 138.4238
143437.0055, 6394379.0720, 37.7707, 341.0049, 142.5853
143437.0055, 6394379.0720, 37.7707, 341.0049, 142.5853
143437.3518, 6394390.4785, 35.6341, 253.7855, 321.6790
143440.5808, 6394369.3754, 34.4888, 888.5206, 322.8921
143438.5905, 6394379.0571, 37.8542, 440.5007, 142.7306
143446.5962, 6394404.4188, 34.1652, 466.4960, 388.2892
143432.9358, 6394378.5153, 37.4306, 59.9326, 144.0553
143436.9149, 6394379.9746, 37.8842, 323.2773, 144.6333
143436.2194, 6394380.0108, 37.8360, 278.9056, 145.6435
143445.3553, 6394397.5467, 33.8027, 493.8384, 398.1481
143437.0280, 6394379.0579, 37.7223, 342.7392, 145.6738
143436.3727, 6394379.9886, 37.8102, 288.9953, 147.5841
143436.2528, 6394380.0119, 37.7978, 281.1027, 148.2037
143445.3553, 6394397.5467, 33.8027, 493.8384, 398.1481
143456.6937, 6394393.1365, 41.0484, 897.3453, 148.3789
143441.9560, 6394397.4884, 33.6839, 381.6956, 404.0527
143441.6783, 6394393.9567, 35.2345, 401.4621, 345.1335
143436.7525, 6394379.9869, 37.8142, 313.0616, 148.6173
143448.2690, 6394376.1117, 37.7900, 1049.9838, 149.4036
143433.0979, 6394379.0168, 37.4358, 70.9590, 150.1910
143445.9956, 6394402.5045, 33.0419, 466.6462, 421.7360
143438.8875, 6394370.0325, 32.4935, 717.5626, 516.9114
143436.0540, 6394380.4918, 37.8359, 263.3682, 150.0648
143440.9064, 6394372.0969, 34.3108, 786.6750, 349.6135
143440.2499, 6394370.5756, 34.2242, 802.9597, 352.4521
143439.7382, 6394388.4402, 35.2410, 377.8560, 335.0155
143456.7276, 6394393.0527, 40.9758, 899.9088, 150.4432
143435.7802, 6394380.4899, 37.7857, 246.0766, 152.2859
143440.3840, 6394390.4566, 35.2519, 384.7807, 338.5495
143449.5549, 6394411.9217, 35.2697, 482.4700, 362.0753
143435.7802, 6394380.4899, 37.7857, 246.0766, 152.2859
143433.2248, 6394379.0206, 37.3730, 80.5759, 155.1185
143440.3840, 6394390.4566, 35.2519, 384.7807, 338.5495
143448.1188, 6394375.4951, 37.5718, 1067.6893, 156.2008
143445.7197, 6394402.4471, 34.8808, 457.7866, 366.1360
143434.9964, 6394380.5241, 37.6664, 195.3181, 157.5919
143440.9613, 6394391.9574, 35.2326, 393.2509, 342.0192
143440.5134, 6394369.4298, 34.2888, 880.2720, 342.3449
143434.9964, 6394380.5241, 37.6664, 195.3181, 157.5919
143455.8901, 6394383.4810, 42.3873, 1101.7517, 20.3309
143436.8980, 6394374.9975, 37.6660, 399.7897, 96.7507
143445.5136, 6394401.9256, 34.7966, 456.3108, 368.3422
143456.2855, 6394392.6586, 40.6483, 894.9238, 158.6811
143449.2253, 6394377.1301, 38.7871, 1055.0934, 104.6693
143435.9357, 6394386.9762, 34.4733, 211.2082, 369.0452
143448.1752, 6394376.0442, 37.6128, 1048.1656, 159.1709
143454.0256, 6394383.6709, 40.0843, 1032.3013, 116.4488
143434.7231, 6394381.0082, 37.6937, 174.0433, 159.7918
143434.7231, 6394381.0082, 37.6937, 174.0433, 159.7918
143454.0256, 6394383.6709, 40.0843, 1032.3013, 116.4488
143437.9506, 6394377.0229, 37.8312, 436.2069, 118.0311
143447.5388, 6394406.9361, 34.8752, 470.8592, 369.2519
143447.6925, 6394376.1792, 37.0119, 1019.5831, 195.4191
143454.1474, 6394386.0619, 39.4314, 973.0696, 161.5635
143447.6345, 6394375.5442, 36.6697, 1041.8853, 211.2319
143448.0794, 6394375.5225, 37.4075, 1064.6246, 166.5080
143447.6345, 6394375.5442, 36.6697, 1041.8853, 211.2319
143445.7492, 6394402.9400, 35.3968, 454.0423, 350.9710
143453.1908, 6394405.5852, 34.7060, 628.4489, 371.8589
143433.1338, 6394378.9841, 36.0816, 77.4279, 244.9402
143454.0980, 6394387.5434, 39.3726, 935.9349, 172.8746
143449.0166, 6394379.1309, 37.8098, 975.5586, 176.8538
143445.7492, 6394402.9400, 35.3968, 454.0423, 350.9710
143454.0987, 6394389.0064, 39.2970, 903.4084, 184.0098
143453.1908, 6394405.5852, 34.7060, 628.4489, 371.8589
143440.7755, 6394383.5537, 37.8709, 486.1718, 187.3929
143444.2185, 6394400.9561, 35.1487, 425.1538, 356.6758
143434.5121, 6394382.9827, 37.4123, 149.9316, 193.6629
143453.1908, 6394405.5852, 34.7060, 628.4489, 371.8589
143436.2778, 6394387.9816, 35.6175, 220.0666, 315.6443
143436.2778, 6394387.9816, 35.6175, 220.0666, 315.6443
143440.3640, 6394369.5077, 34.5008, 863.8877, 322.3018
143440.3640, 6394369.5077, 34.5008, 863.8877, 322.3018
143435.0400, 6394384.4842, 37.4684, 172.7217, 202.9313
143433.0567, 6394378.9925, 34.8999, 74.8811, 327.2408
143444.4546, 6394382.6069, 37.5597, 678.7363, 204.6521
143433.7060, 6394381.0053, 34.8812, 113.4837, 335.0996
143447.5583, 6394406.9349, 34.6530, 471.5278, 375.3744
143444.4546, 6394382.6069, 37.5597, 678.7363, 204.6521
143441.7315, 6394383.5400, 37.5438, 533.3214, 206.2145
143449.9630, 6394397.5970, 34.3402, 634.7027, 378.5977
143440.3731, 6394385.5343, 37.6169, 438.4300, 212.5518
143444.4378, 6394400.9798, 34.5972, 432.1405, 374.1337
143441.4307, 6394387.4609, 37.8565, 460.8510, 214.2320
143447.5317, 6394375.1684, 36.5412, 1052.2024, 216.1520
143444.5205, 6394400.9579, 35.0154, 434.5403, 360.8638
143440.0493, 6394369.5271, 34.0059, 837.4073, 370.0054
143443.8481, 6394398.9815, 33.3942, 431.9431, 412.6910
143438.8603, 6394370.0516, 32.7160, 714.1395, 495.7053
143437.5761, 6394370.5091, 32.3331, 584.4586, 535.1803
143450.1571, 6394413.4449, 34.5351, 485.7465, 380.9360
143435.5845, 6394385.9856, 37.4110, 194.0202, 217.0518
143445.3665, 6394401.4275, 34.6113, 456.4349, 373.7501
143440.2808, 6394380.9610, 34.1458, 508.5641, 377.4781
143450.1571, 6394413.4449, 34.5351, 485.7465, 380.9360
143440.2808, 6394380.9610, 34.1458, 508.5641, 377.4781
143440.0005, 6394370.1186, 33.9092, 804.5795, 380.3568
143440.4223, 6394371.0714, 33.7413, 794.5857, 396.0522
143435.6633, 6394385.9805, 37.3740, 198.3091, 219.0759
143440.6895, 6394371.6501, 33.6809, 789.8857, 401.1528
143444.2175, 6394382.6170, 33.6646, 670.6339, 401.4170
143440.8918, 6394372.1140, 33.5956, 785.5461, 407.9861
143440.4212, 6394388.5546, 37.8483, 403.5522, 218.9737
143449.3845, 6394396.1057, 34.1669, 636.9388, 383.6561
143445.0154, 6394394.5751, 33.2886, 515.5576, 416.1974
143439.5881, 6394369.8924, 33.3841, 781.9092, 430.3494
143440.6812, 6394371.6286, 33.3354, 790.4670, 430.1120
143437.0629, 6394370.9828, 32.8719, 521.7206, 483.2207
143436.9852, 6394371.0089, 32.8641, 513.9411, 484.1349
143437.1814, 6394370.9344, 32.7768, 534.0668, 492.0058
143437.1814, 6394370.9344, 32.7768, 534.0668, 492.0058
143437.1109, 6394370.9718, 32.7144, 526.6931, 497.9852
143438.8979, 6394370.6047, 32.6411, 694.3707, 499.5895
143438.8703, 6394370.0399, 32.6305, 715.6094, 503.8898
143438.0822, 6394370.5141, 32.6225, 628.4835, 505.2221
143438.0822, 6394370.5141, 32.6225, 628.4835, 505.2221
143437.9135, 6394370.5191, 32.6226, 613.5263, 505.9130
143439.1895, 6394369.9472, 32.4902, 746.9661, 516.4045
143438.4439, 6394370.4674, 32.4820, 661.7370, 517.1525
143438.4439, 6394370.4674, 32.4820, 661.7370, 517.1525
143439.1033, 6394369.9851, 32.4739, 738.0129, 518.0958
143440.4212, 6394388.5546, 37.8483, 403.5522, 218.9737
143447.5175, 6394391.1045, 33.9884, 648.1185, 388.3390
143448.8775, 6394380.6192, 37.1616, 923.6116, 220.6212
143447.8395, 6394392.0289, 33.9267, 645.0939, 390.9056
143437.0413, 6394370.9682, 32.2256, 521.5242, 544.4889
143437.0413, 6394370.9682, 32.2256, 521.5242, 544.4889
143437.2452, 6394370.9488, 32.2103, 540.4009, 545.0018
143437.2452, 6394370.9488, 32.2103, 540.4009, 545.0018
143436.6307, 6394370.9911, 32.2351, 483.5307, 545.5952
143438.1655, 6394370.4640, 32.1907, 638.2997, 545.9834
143438.1655, 6394370.4640, 32.1907, 638.2997, 545.9834
143447.8395, 6394392.0289, 33.9267, 645.0939, 390.9056
143436.0518, 6394386.9712, 37.4396, 212.2342, 222.3615
143440.5093, 6394369.4289, 35.5291, 879.2108, 222.7065
143446.0898, 6394387.5718, 33.8705, 653.9270, 392.2462
143438.7950, 6394389.9942, 37.8182, 318.3391, 225.3717
143440.5174, 6394369.4294, 35.4865, 879.8717, 226.8630
143440.5174, 6394369.4294, 35.4865, 879.8717, 226.8630
143445.4494, 6394395.4901, 33.8654, 519.2366, 395.4568
143441.3192, 6394376.0214, 33.5460, 681.0109, 410.7408
143447.8422, 6394378.5954, 36.7466, 940.9561, 228.3552
143440.9810, 6394375.5480, 33.5122, 673.9558, 413.5676
143440.4849, 6394374.0625, 33.5017, 687.3707, 415.4852
143440.4972, 6394371.1470, 33.4611, 797.1976, 420.2349
143438.9993, 6394370.1160, 33.3935, 722.3622, 430.4987
143447.6949, 6394376.0556, 36.4517, 1024.5216, 228.4716
143444.7882, 6394388.5161, 32.8382, 588.7277, 436.6342
143437.1121, 6394370.9707, 32.9771, 526.3145, 473.1416
143437.1121, 6394370.9707, 32.9771, 526.3145, 473.1416
143437.1458, 6394370.9555, 32.9112, 529.9424, 479.3255
143437.1497, 6394370.9517, 32.8670, 530.5001, 483.5114
143437.1497, 6394370.9517, 32.8670, 530.5001, 483.5114
143439.2118, 6394372.9763, 32.6696, 633.6976, 484.9919
143439.4142, 6394372.5551, 32.6644, 662.6373, 486.4712
143439.4142, 6394372.5551, 32.6644, 662.6373, 486.4712
143439.4142, 6394372.5551, 32.6644, 662.6373, 486.4712
143439.1139, 6394372.5479, 32.6691, 640.3605, 487.0984
143439.2456, 6394372.5241, 32.6611, 651.0876, 487.4256
143439.2456, 6394372.5241, 32.6611, 651.0876, 487.4256
143439.3077, 6394372.5032, 32.6605, 656.4503, 487.3573
143439.3077, 6394372.5032, 32.6605, 656.4503, 487.3573
143439.0507, 6394371.1237, 32.7306, 686.2939, 488.3033
143439.0507, 6394371.1237, 32.7306, 686.2939, 488.3033
143439.0982, 6394372.4848, 32.6421, 641.3101, 489.6462
143438.9869, 6394372.4725, 32.6428, 633.2619, 490.0151
143438.9882, 6394372.0427, 32.6676, 647.8573, 489.8305
143439.2020, 6394369.9493, 32.7023, 747.6852, 496.1762
143437.0885, 6394370.9768, 32.6727, 524.6051, 501.9952
143437.0885, 6394370.9768, 32.6727, 524.6051, 501.9952
143438.4068, 6394370.5033, 32.6365, 656.9288, 502.5940
143438.8169, 6394370.4843, 32.6157, 692.5069, 502.9404
143438.8169, 6394370.4843, 32.6157, 692.5069, 502.9404
143438.7045, 6394370.1198, 32.6428, 697.9739, 502.9536
143437.1241, 6394370.9625, 32.6499, 528.2928, 504.0818
143436.4519, 6394371.0272, 32.6494, 465.1105, 506.6424
143437.1389, 6394370.9549, 32.6211, 529.9152, 506.7810
143437.2711, 6394370.9711, 32.5465, 541.3477, 513.1337
143437.2639, 6394370.9772, 32.5154, 540.5747, 516.0467
143437.2639, 6394370.9772, 32.5154, 540.5747, 516.0467
143437.2639, 6394370.9772, 32.5154, 540.5747, 516.0467
143437.2639, 6394370.9772, 32.5154, 540.5747, 516.0467
143437.8299, 6394370.5133, 32.5205, 606.5434, 516.0220
143438.3909, 6394370.4622, 32.4706, 657.4059, 518.5093
143438.4402, 6394370.4664, 32.4512, 661.5034, 520.0720
143437.5179, 6394370.5141, 32.4728, 578.8135, 522.0393
143438.4416, 6394370.0358, 32.4070, 679.0081, 527.3130
143436.3329, 6394387.9755, 37.4191, 219.9525, 229.4566
143436.3329, 6394387.9755, 37.4191, 219.9525, 229.4566
143436.5689, 6394388.5059, 37.4774, 227.9286, 229.8819
143440.5305, 6394369.4251, 35.4526, 881.1908, 230.1473
143440.1463, 6394369.5595, 35.3883, 842.7009, 236.6646
143449.1849, 6394375.5937, 38.9679, 1114.7906, 75.6189
143447.8443, 6394374.0573, 37.2640, 1116.7048, 160.5039
143444.5164, 6394392.9739, 37.9603, 513.3959, 240.2334
143440.1521, 6394369.5635, 35.3247, 843.0169, 242.8884
143451.2124, 6394384.5508, 36.6494, 908.8990, 266.9814
143451.2124, 6394384.5508, 36.6494, 908.8990, 266.9814
143433.3743, 6394379.4913, 35.7649, 94.1976, 270.4708
143433.3743, 6394379.4913, 35.7649, 94.1976, 270.4708
143435.9063, 6394377.9894, 35.0057, 286.8649, 317.3579
143438.1017, 6394392.4579, 37.3070, 270.4510, 257.3531
143442.8465, 6394399.9805, 35.1184, 389.8692, 356.7896
143442.1301, 6394391.5610, 28.0097, 450.0787, 627.9797
143438.1017, 6394392.4579, 37.3070, 270.4510, 257.3531
143442.8465, 6394399.9805, 35.1184, 389.8692, 356.7896
143440.1593, 6394369.5178, 33.8433, 847.0742, 385.5289
143442.2905, 6394397.9747, 33.7481, 389.0008, 401.6979
143437.2240, 6394370.5268, 32.3065, 552.1166, 539.4272
143438.4530, 6394370.4423, 32.2115, 663.8932, 542.6805
143438.6233, 6394370.0009, 32.1801, 696.5962, 548.4506
143436.6655, 6394373.9426, 37.7176, 402.4770, 73.8449
143436.6655, 6394373.9426, 37.7176, 402.4770, 73.8449
143447.5072, 6394396.9820, 37.8843, 565.5533, 260.0549
143447.5072, 6394396.9820, 37.8843, 565.5533, 260.0549
143436.9293, 6394370.9919, 35.1703, 504.6221, 263.4954
143439.1438, 6394394.9516, 37.2483, 295.1777, 269.6824
143433.9999, 6394372.4983, 35.0871, 195.4284, 278.3050
143434.9202, 6394374.9805, 35.0385, 249.0199, 300.1287
143440.1352, 6394397.9588, 37.4057, 311.0419, 274.1472
143440.2236, 6394369.5359, 34.9502, 850.6075, 279.0301
143440.2328, 6394370.1135, 34.9742, 822.5939, 281.2032
143440.4540, 6394369.4672, 34.9157, 873.0640, 282.2152
143437.2269, 6394390.4939, 34.6816, 249.4409, 363.3317
143436.1395, 6394375.9761, 33.9723, 333.3236, 386.1650
143432.9524, 6394378.4920, 36.3229, 64.3989, 223.6280
143433.9817, 6394380.9848, 36.2382, 128.7507, 249.5516
143433.9683, 6394380.9870, 34.9847, 130.7593, 328.5826
143450.9042, 6394406.4718, 37.9970, 560.4833, 283.3946
143435.2525, 6394384.9762, 34.8862, 186.6120, 344.7717
143440.4869, 6394369.4378, 33.9888, 877.8829, 371.1379
143450.8710, 6394406.0840, 37.8545, 563.4325, 286.4535
143436.7231, 6394370.9934, 32.3421, 491.6922, 534.9152
143448.6266, 6394378.0849, 37.7243, 993.4749, 172.1089
143450.2060, 6394406.4993, 37.7922, 542.4896, 288.7451
143441.7594, 6394401.9590, 37.1657, 338.8537, 293.6709
143453.5579, 6394410.4897, 37.8534, 587.3448, 296.0437
143432.7656, 6394377.9980, 35.1161, 54.4932, 307.6047
143439.8990, 6394369.5671, 34.1040, 822.8467, 360.7330
143439.8990, 6394369.5671, 34.1040, 822.8467, 360.7330
143440.3506, 6394370.6315, 34.7032, 807.8643, 309.5573
143440.3506, 6394370.6315, 34.7032, 807.8643, 309.5573
143444.0491, 6394407.4414, 37.0163, 370.9425, 309.9993
143439.3919, 6394369.9276, 33.0301, 764.2731, 464.4213
143435.1369, 6394372.0030, 37.9031, 304.8881, 5.2190
143435.1369, 6394372.0030, 37.9031, 304.8881, 5.2190
143457.8738, 6394387.0179, 43.6702, 1067.2683, 10.7645
143434.5608, 6394372.5241, 37.9007, 240.9384, 12.9181
143434.5608, 6394372.5241, 37.9007, 240.9384, 12.9181
143456.9308, 6394385.6476, 43.1887, 1074.2102, 12.9478
143458.0439, 6394388.6573, 43.9764, 1031.6360, 15.1626
143434.5672, 6394372.5367, 37.8469, 241.5435, 18.4122
143456.3732, 6394385.1195, 42.7592, 1070.7694, 23.2102
143456.1784, 6394385.0639, 42.3708, 1065.9672, 38.0624
143457.3962, 6394387.5655, 42.9743, 1038.8511, 41.1385
143457.3962, 6394387.5655, 42.9743, 1038.8511, 41.1385
143449.7074, 6394377.1476, 39.9308, 1076.2065, 41.3039
143457.2693, 6394387.5719, 42.8371, 1034.8274, 46.0727
143457.3014, 6394388.6128, 42.9124, 1010.6074, 52.2277
143449.8941, 6394377.0917, 39.5573, 1086.6534, 62.8253
143455.8360, 6394385.6339, 41.8162, 1039.4396, 65.0414
143449.4289, 6394376.0984, 39.1672, 1105.1268, 71.0961
143458.3667, 6394393.1180, 43.3759, 943.9535, 73.3663
143448.5732, 6394372.9954, 38.3862, 1206.0017, 75.1751
143449.0357, 6394375.1235, 38.7838, 1127.9426, 80.2776
143436.4835, 6394374.0005, 37.5809, 386.8211, 85.1706
143458.0854, 6394394.0172, 42.6673, 918.9976, 102.3120
143437.6239, 6394377.4491, 37.7062, 406.7806, 130.6564
143436.9510, 6394377.5560, 37.5541, 359.7372, 139.7995
143436.9510, 6394377.5560, 37.5541, 359.7372, 139.7995
143437.2137, 6394378.0419, 37.5851, 369.9202, 144.2784
143437.1087, 6394378.0671, 37.5783, 362.5563, 144.6276
143454.3448, 6394386.0395, 39.7839, 980.1567, 147.4060
143433.3270, 6394379.5146, 37.4049, 86.4118, 158.6939
143433.3270, 6394379.5146, 37.4049, 86.4118, 158.6939
143449.2318, 6394379.1584, 38.0865, 983.9503, 162.8481
143434.2236, 6394381.0188, 37.6107, 141.4377, 163.5473
143434.2236, 6394381.0188, 37.6107, 141.4377, 163.5473
143432.6998, 6394377.4790, 36.8600, 45.0052, 173.3407
143447.7729, 6394375.1424, 37.2363, 1065.3496, 172.7116
143454.0767, 6394387.5625, 39.3510, 934.8098, 173.7966
143454.3549, 6394388.6199, 39.4198, 919.9140, 177.6464
143448.1295, 6394376.5837, 37.3857, 1025.0173, 177.5403
143447.7346, 6394375.1278, 37.1062, 1064.0502, 180.6767
143447.7837, 6394376.1351, 37.1651, 1025.7123, 186.0037
143440.4546, 6394369.4277, 35.8826, 874.5787, 188.1511
143435.1683, 6394384.5110, 37.4375, 179.9019, 205.0878
143447.4646, 6394375.6763, 36.6953, 1028.1737, 210.2737
143442.3559, 6394387.5346, 37.9265, 499.7298, 212.9836
143442.8801, 6394388.0353, 37.9133, 514.7930, 217.1297
143442.8801, 6394388.0353, 37.9133, 514.7930, 217.1297
143440.2215, 6394369.5355, 35.4387, 850.0920, 231.7454
143440.2215, 6394369.5355, 35.4387, 850.0920, 231.7454
143448.6095, 6394380.6359, 36.8867, 911.8498, 234.2802
143444.7003, 6394392.0386, 37.9312, 531.7590, 237.7139
143444.5549, 6394392.5804, 37.9536, 519.6196, 238.9300
143440.5388, 6394369.4048, 35.3358, 883.0204, 241.2656
143444.4851, 6394393.0026, 37.7029, 512.1313, 250.1134
143440.1011, 6394369.5983, 35.2228, 837.1201, 252.9697
143440.1011, 6394369.5983, 35.2228, 837.1201, 252.9697
143437.8593, 6394391.9654, 37.3423, 263.5209, 253.6534
143437.8593, 6394391.9654, 37.3423, 263.5209, 253.6534
143446.5699, 6394397.4662, 37.9549, 530.4255, 258.4665
143440.5495, 6394369.4096, 35.0814, 883.7859, 265.9364
143440.1258, 6394397.9637, 37.2956, 310.7889, 278.0506
143440.3547, 6394369.5146, 34.9205, 862.4775, 281.9570
143442.3155, 6394391.5228, 28.1016, 457.5089, 624.0098
143438.5672, 6394393.4735, 36.6808, 283.3662, 286.7314
143452.2491, 6394410.9780, 38.0121, 552.4447, 292.4950
143435.9932, 6394377.9536, 35.3194, 292.6741, 295.6588
143436.8705, 6394380.4528, 35.3007, 319.3291, 308.4006
143437.7896, 6394382.9454, 35.2506, 343.0251, 320.2894
143438.1401, 6394383.9430, 35.2555, 350.2706, 323.0786
143440.5784, 6394369.3771, 34.4884, 888.2299, 322.9376
143440.5760, 6394369.3878, 34.2827, 887.5809, 342.7572
143436.5095, 6394388.4729, 34.4574, 229.9385, 371.3177
143439.7976, 6394369.6286, 33.9960, 811.4427, 371.3709
143439.7976, 6394369.6286, 33.9960, 811.4427, 371.3709
143443.3314, 6394399.9918, 34.5677, 405.7924, 374.7092
143440.3490, 6394371.1039, 33.9752, 787.4083, 375.7934
143442.1240, 6394399.0192, 34.4758, 374.3663, 377.4659
143442.1240, 6394399.0192, 34.4758, 374.3663, 377.4659
143440.0012, 6394370.1182, 33.9137, 804.6559, 379.9384
143443.5511, 6394400.9799, 34.3938, 404.8510, 380.8535
143439.9748, 6394370.1333, 33.8600, 801.8636, 384.9825
143444.3285, 6394399.4459, 33.9664, 442.6414, 393.6908
143444.3285, 6394399.4459, 33.9664, 442.6414, 393.6908
143445.4708, 6394401.4530, 33.7891, 459.9367, 399.2481
143446.6556, 6394404.4243, 33.6773, 468.4355, 402.4195
143440.5709, 6394371.1133, 33.6025, 804.0900, 407.9033
143444.9605, 6394396.0739, 33.4223, 496.8214, 411.2975
143441.0295, 6394375.5474, 33.5333, 676.9781, 412.0501
143441.0295, 6394375.5474, 33.5333, 676.9781, 412.0501
143443.3798, 6394398.4778, 33.2679, 421.3187, 417.2824
143445.4320, 6394393.5425, 33.1844, 542.3683, 419.9202
143439.3592, 6394371.0819, 33.3635, 711.8824, 431.1393
143439.3592, 6394371.0819, 33.3635, 711.8824, 431.1393
143439.2389, 6394370.0066, 33.2761, 747.5761, 441.2727
143439.2389, 6394370.0066, 33.2761, 747.5761, 441.2727
143439.2389, 6394370.0066, 33.2761, 747.5761, 441.2727
143439.2389, 6394370.0066, 33.2761, 747.5761, 441.2727
143439.3935, 6394369.9733, 33.2538, 762.0831, 443.0522
143439.3935, 6394369.9733, 33.2538, 762.0831, 443.0522
143439.0545, 6394371.1187, 32.6811, 686.8537, 492.7223
143437.0379, 6394370.9918, 32.6393, 519.6622, 505.2790
143434.9460, 6394372.0043, 37.8654, 286.4524, 7.2029
143434.9460, 6394372.0043, 37.8654, 286.4524, 7.2029
143434.6870, 6394372.0199, 37.8106, 260.9403, 10.6207
143456.4407, 6394384.6601, 42.9561, 1085.7991, 10.5742
143435.0133, 6394372.0019, 37.8131, 293.2032, 12.8564
143459.4622, 6394392.9999, 44.9609, 976.0133, 22.3192
143459.4622, 6394392.9999, 44.9609, 976.0133, 22.3192
143458.0472, 6394386.9757, 43.8769, 1073.6385, 2.9412
143435.4823, 6394371.9820, 37.9447, 338.2378, 3.7971
143435.3530, 6394371.9999, 37.9249, 325.6384, 4.9817
143434.6911, 6394372.5004, 37.9736, 253.6234, 6.5178
143459.5679, 6394393.5952, 45.0559, 966.9008, 24.2479
143456.4272, 6394384.6930, 43.0579, 1084.4379, 6.6048
143457.7598, 6394388.4649, 43.4574, 1027.8224, 31.9201
143456.4272, 6394384.6930, 43.0579, 1084.4379, 6.6048
143457.6548, 6394388.0453, 43.3433, 1034.8434, 32.1466
143457.6835, 6394386.6536, 43.6484, 1070.9158, 7.3710
143434.6599, 6394372.5304, 37.8768, 250.4726, 16.2100
143434.0495, 6394372.5449, 37.7740, 191.0116, 21.1824
143434.0495, 6394372.5449, 37.7740, 191.0116, 21.1824
143433.7582, 6394372.5637, 37.7158, 161.9278, 24.7752
143433.7582, 6394372.5637, 37.7158, 161.9278, 24.7752
143433.6311, 6394373.0414, 37.7910, 144.8872, 27.4846
143433.6311, 6394373.0414, 37.7910, 144.8872, 27.4846
143433.1360, 6394373.5461, 37.7790, 92.9875, 35.8351
143433.1360, 6394373.5461, 37.7790, 92.9875, 35.8351
143449.8613, 6394376.9898, 40.0155, 1089.2028, 35.0844
143449.9368, 6394376.9299, 39.9957, 1094.9155, 35.7835
143450.1443, 6394376.8385, 39.9092, 1107.7527, 40.5460
143456.1813, 6394385.0632, 42.3652, 1066.0776, 38.2969
143450.1443, 6394376.8385, 39.9092, 1107.7527, 40.5460
143455.3863, 6394384.1414, 41.8211, 1065.5673, 49.5826
143455.7116, 6394384.6291, 42.1443, 1062.6948, 41.6974
143436.4257, 6394373.9761, 37.7992, 382.1094, 66.0774
143447.8786, 6394372.1615, 37.9078, 1213.6246, 93.3252
143448.9922, 6394375.5033, 38.6163, 1109.4630, 95.1601
143455.9990, 6394385.1689, 42.2471, 1057.2471, 43.5736
143432.4341, 6394374.5381, 37.8246, 21.9283, 47.1975
143448.8630, 6394375.6338, 38.5515, 1097.8197, 100.1530
143449.8744, 6394377.0434, 39.8022, 1087.6772, 48.1030
143455.4438, 6394384.0897, 41.8330, 1068.9727, 48.7736
143457.3652, 6394393.1021, 42.0519, 916.6941, 115.5460
143455.3290, 6394384.1507, 41.7640, 1063.3773, 51.9182
143450.0645, 6394376.9070, 39.6796, 1101.4634, 54.2645
143457.3652, 6394393.1021, 42.0519, 916.6941, 115.5460
143455.2321, 6394386.5393, 40.5257, 996.6500, 122.9048
143438.5683, 6394378.0127, 37.8821, 457.8573, 129.2144
143457.7624, 6394389.5884, 43.0763, 1001.6431, 55.5578
143438.3076, 6394378.0439, 37.8635, 440.7240, 129.7844
143449.9769, 6394376.9955, 39.6421, 1094.0903, 57.1411
143448.8221, 6394376.5035, 38.1897, 1060.6573, 131.3410
143437.7813, 6394377.9427, 37.7264, 408.7086, 135.7443
143437.7813, 6394377.9427, 37.7264, 408.7086, 135.7443
143437.4579, 6394377.5098, 37.6163, 394.7605, 136.9334
143437.4579, 6394377.5098, 37.6163, 394.7605, 136.9334
143437.1406, 6394377.5274, 37.5730, 373.0872, 138.8963
143437.1406, 6394377.5274, 37.5730, 373.0872, 138.8963
143448.7220, 6394376.5799, 38.0478, 1053.0148, 140.1506
143447.7301, 6394373.6459, 37.3720, 1130.1086, 148.5394
143454.8368, 6394388.0719, 39.9533, 947.4252, 154.8041
143455.3967, 6394389.5378, 40.1707, 932.2275, 156.5068
143447.6447, 6394373.6577, 37.2409, 1125.0939, 157.1816
143432.4856, 6394376.9747, 36.8895, 27.8456, 164.4045
143433.6652, 6394380.5197, 37.4171, 106.5852, 169.3352
143440.9627, 6394384.0056, 37.6610, 488.5421, 201.7596
143442.5282, 6394388.4699, 37.9224, 494.1838, 218.4841
143440.5493, 6394369.4030, 35.5224, 883.8550, 223.1912
143447.7225, 6394375.5024, 36.4558, 1047.9171, 224.3839
143442.6492, 6394388.4858, 37.7749, 499.1264, 225.2013
143442.9726, 6394388.4771, 37.8034, 512.5444, 224.3779
143436.3515, 6394387.9715, 37.2649, 221.1367, 236.8621
143444.5665, 6394392.9861, 37.8471, 515.1379, 244.6473
143444.5665, 6394392.9861, 37.8471, 515.1379, 244.6473
143434.4970, 6394373.4634, 35.2196, 230.6206, 274.3654
143440.2822, 6394369.5275, 34.9193, 855.8750, 282.0513
143440.2822, 6394369.5275, 34.9193, 855.8750, 282.0513
143435.2810, 6394375.9628, 35.3130, 265.1073, 284.5772
143436.7168, 6394379.9507, 35.1879, 316.0923, 313.3760
143436.9725, 6394389.4913, 35.6973, 243.1352, 316.2771
143437.5144, 6394382.4584, 35.3060, 333.3636, 315.5588
143440.1759, 6394369.5462, 34.4437, 846.5345, 327.8901
143440.1759, 6394369.5462, 34.4437, 846.5345, 327.8901
143440.1659, 6394370.1519, 34.4532, 815.8306, 329.8524
143433.1961, 6394379.4943, 34.7814, 83.8939, 337.0539
143439.9233, 6394369.5591, 34.1805, 825.2075, 353.3039
143439.9233, 6394369.5591, 34.1805, 825.2075, 353.3039
143439.8525, 6394369.5924, 34.1514, 817.6708, 356.2487
143445.0438, 6394400.9530, 34.4250, 451.0258, 379.3763
143444.5251, 6394399.9423, 34.1483, 444.2287, 387.8788
143447.6219, 6394406.9385, 33.8426, 473.6936, 397.6694
143444.9149, 6394395.5745, 33.5610, 500.6422, 406.4832
143444.9149, 6394395.5745, 33.5610, 500.6422, 406.4832
143442.7940, 6394397.9846, 33.4059, 406.1253, 413.0910
143445.1935, 6394394.5192, 33.3786, 522.2180, 412.8404
143445.1935, 6394394.5192, 33.3786, 522.2180, 412.8404
143440.8399, 6394372.1429, 33.4194, 780.8499, 422.3814
143439.0694, 6394371.5431, 32.6549, 672.0754, 492.9340
143437.0023, 6394370.9839, 32.7391, 516.4952, 496.0260
143439.2397, 6394369.9291, 32.6293, 751.8586, 503.0739
143437.2693, 6394370.9762, 32.6055, 540.9092, 507.5663
143437.2693, 6394370.9762, 32.6055, 540.9092, 507.5663
143438.3834, 6394370.4716, 32.5412, 656.2974, 511.8400
143438.7953, 6394370.0183, 32.4135, 710.3870, 525.0808
143456.0333, 6394383.4675, 42.6815, 1106.9916, 7.9696
143458.1587, 6394388.5487, 44.1286, 1037.6427, 8.8592
143455.5824, 6394384.6497, 41.8770, 1057.8329, 52.7202
143449.2943, 6394376.0944, 38.9935, 1099.0386, 80.8219
143448.1446, 6394372.6783, 38.1685, 1200.2228, 83.5411
143437.1815, 6394374.4906, 37.6307, 431.9158, 93.1693
143449.2683, 6394376.5598, 38.8299, 1079.1044, 95.9373
143436.9434, 6394374.5807, 37.5083, 411.8664, 103.1143
143449.3178, 6394377.0654, 38.7396, 1061.7375, 107.0418
143449.0878, 6394376.5283, 38.6149, 1072.0248, 107.5073
143448.6234, 6394375.5545, 38.2980, 1089.6760, 113.8111
143438.9118, 6394377.5466, 37.7981, 488.9001, 130.7331
143438.9118, 6394377.5466, 37.7981, 488.9001, 130.7331
143448.8141, 6394377.0947, 38.2619, 1037.6528, 133.0967
143456.9107, 6394391.5112, 41.1711, 935.5541, 135.1727
143438.7616, 6394378.5068, 37.8815, 460.7808, 135.6187
143438.7616, 6394378.5068, 37.8815, 460.7808, 135.6187
143438.3172, 6394378.4255, 37.8168, 434.6085, 137.2654
143439.2770, 6394378.5404, 37.8568, 491.7282, 139.4747
143438.5786, 6394379.0702, 37.7978, 439.6342, 146.4077
143448.4771, 6394377.0931, 37.6369, 1022.1821, 168.2075
143454.2915, 6394388.8497, 39.4329, 912.8742, 178.3106
143440.9499, 6394383.9854, 37.8172, 488.0539, 193.6048
143440.9499, 6394383.9854, 37.8172, 488.0539, 193.6048
143452.2956, 6394386.1140, 38.1153, 909.1195, 212.8735
143439.6509, 6394381.0201, 30.1129, 478.6909, 605.1194
143452.2956, 6394386.1140, 38.1153, 909.1195, 212.8735
143434.6562, 6394382.9843, 36.6932, 160.1499, 235.8117
143448.6091, 6394379.4207, 36.4108, 948.7538, 252.4364
143445.8937, 6394396.5333, 37.9991, 519.0652, 253.3311
143437.0178, 6394389.4898, 36.6350, 243.8677, 273.8344
143452.4180, 6394411.0300, 37.7926, 556.0520, 298.1393
143439.9994, 6394369.6496, 34.5514, 826.6718, 317.9624
143438.3375, 6394393.4777, 35.6380, 275.3420, 328.3095
143436.5818, 6394388.4658, 35.3263, 232.1204, 330.7107
143443.8674, 6394407.4400, 35.5101, 367.0500, 352.4535
143443.8674, 6394407.4400, 35.5101, 367.0500, 352.4535
143440.2770, 6394398.4604, 35.0131, 315.1056, 359.0551
143440.2770, 6394398.4604, 35.0131, 315.1056, 359.0551
143440.1444, 6394370.6386, 34.1209, 791.9446, 361.9905
143443.2969, 6394401.0062, 34.4741, 396.6300, 378.3874
143441.8988, 6394399.0031, 34.3649, 367.0950, 381.2645
143439.8279, 6394369.6113, 33.7520, 815.0385, 394.8237
143445.4040, 6394394.4901, 33.6984, 529.4865, 401.2071
143440.5720, 6394371.1134, 33.5035, 804.2493, 416.4624
143444.4933, 6394391.9616, 33.2114, 528.9713, 420.1238
143444.4933, 6394391.9616, 33.2114, 528.9713, 420.1238
143448.0557, 6394398.0372, 32.9180, 573.1679, 425.6010
143442.2658, 6394383.0381, 32.7934, 572.4420, 447.3772
143436.8719, 6394371.0009, 32.7228, 504.2155, 498.0156
143438.1959, 6394371.0272, 32.6645, 619.4178, 497.9749
143438.1959, 6394371.0272, 32.6645, 619.4178, 497.9749
143438.7077, 6394370.0214, 32.3897, 702.7430, 527.7625
143439.1521, 6394369.9395, 32.3283, 744.3397, 532.0206
143437.4745, 6394370.5128, 32.2822, 575.3123, 540.5549
143436.2130, 6394381.9976, 30.5213, 271.9729, 589.1929
143457.3912, 6394386.6486, 43.1855, 1062.0251, 24.4988
143448.0752, 6394371.7086, 38.3357, 1249.6488, 56.4728
143436.7654, 6394373.5333, 37.8001, 419.1682, 60.0945
143437.0454, 6394374.5055, 37.7359, 420.8680, 84.1739
143454.7115, 6394384.0972, 40.9536, 1043.9536, 84.2402
143449.0665, 6394375.6338, 38.8031, 1107.4905, 85.6487
143448.4256, 6394374.0381, 38.0082, 1147.1285, 113.5751
143448.8015, 6394377.1063, 38.2553, 1036.6436, 133.5496
143437.7932, 6394378.5010, 37.6629, 400.3173, 146.2876
143447.9454, 6394375.1486, 37.4376, 1073.6539, 160.6186
143449.1168, 6394379.1500, 37.9752, 979.2623, 168.4192
143447.8531, 6394375.0300, 37.1891, 1074.0911, 174.8840
143452.1997, 6394385.5147, 38.0731, 920.1739, 211.3859
143448.5060, 6394380.6452, 36.4998, 907.2888, 253.9048
143440.4134, 6394369.4945, 35.1279, 868.1774, 261.9072
143433.6379, 6394379.9752, 35.9205, 110.6111, 263.3059
143434.6228, 6394373.9667, 35.1848, 235.7533, 281.2509
143450.8044, 6394406.4881, 37.8216, 557.8842, 288.1714
143450.8044, 6394406.4881, 37.8216, 557.8842, 288.1714
143433.6325, 6394380.5100, 35.5567, 108.9267, 290.0182
143433.6325, 6394380.5100, 35.5567, 108.9267, 290.0182
143440.0920, 6394369.5951, 34.7022, 836.9350, 303.1939
143440.2025, 6394369.5283, 34.5430, 849.5692, 318.2469
143435.4237, 6394377.5288, 34.9375, 258.2323, 320.0603
143439.0637, 6394394.9695, 35.6124, 293.8589, 332.2801
143439.0637, 6394394.9695, 35.6124, 293.8589, 332.2801
143438.5860, 6394385.4587, 35.1108, 356.1938, 334.4950
143438.5860, 6394385.4587, 35.1108, 356.1938, 334.4950
143439.0596, 6394394.9749, 35.0490, 294.3121, 353.7779
143439.0596, 6394394.9749, 35.0490, 294.3121, 353.7779
143443.0462, 6394405.4554, 35.3343, 356.5760, 355.6288
143440.0040, 6394369.5429, 34.0871, 832.7927, 362.2427
143445.2095, 6394401.4447, 34.8140, 451.4189, 367.4876
143434.5513, 6394372.0009, 34.0233, 259.4548, 377.8500
143440.1555, 6394370.6353, 33.8331, 793.2220, 387.8649
143435.8423, 6394375.5141, 33.9191, 317.9476, 390.0342
143437.2808, 6394378.9531, 33.9056, 367.2058, 392.1880
143437.2808, 6394378.9531, 33.9056, 367.2058, 392.1880
143444.8920, 6394400.4358, 33.9012, 451.3785, 395.7929
143448.4765, 6394408.9146, 33.5180, 480.1443, 406.2339
143440.4072, 6394370.6108, 33.5975, 814.1174, 408.6175
143443.4964, 6394398.4459, 33.3262, 425.3609, 415.2534
143442.9993, 6394387.0181, 32.8513, 539.2625, 439.3506
143442.9993, 6394387.0181, 32.8513, 539.2625, 439.3506
143436.9040, 6394370.9871, 32.8346, 507.3172, 487.3358
143439.0841, 6394370.0035, 32.6261, 735.3947, 503.6021
