143440.1961, 6394370.1368, 34.8281, 820.9685, 283.0057
143440.1961, 6394370.1368, 34.8281, 820.9685, 283.0057
143457.0535, 6394385.6309, 43.2970, 1077.3553, 3.4830
143457.7660, 6394388.5925, 43.5994, 1022.8450, 23.0409
143441.5092, 6394401.4539, 37.2463, 325.3062, 286.0485
143445.4237, 6394401.4345, 33.6042, 451.0550, 402.7957
143442.7361, 6394404.4514, 35.3371, 345.2697, 351.8338
143456.2907, 6394385.0488, 42.5264, 1068.9073, 26.4504
143436.5618, 6394373.0479, 37.7890, 405.5095, 32.4463
143436.7188, 6394373.5216, 37.8223, 408.1718, 40.5406
143457.5042, 6394387.6387, 43.2967, 1038.4612, 24.9093
143445.6586, 6394393.4763, 33.5188, 544.0740, 404.7985
143441.7629, 6394401.9546, 37.2036, 330.1819, 288.8345
143457.5235, 6394388.0926, 43.2401, 1027.7402, 31.3202
143436.3582, 6394373.0567, 37.7850, 387.5034, 31.3476
143442.7361, 6394404.4514, 35.3371, 345.2697, 351.8338
143457.6766, 6394389.0384, 43.2050, 1009.5150, 41.4916
143435.9961, 6394372.9886, 37.6193, 357.1477, 42.1051
143450.0287, 6394376.8857, 39.8696, 1102.7904, 34.1557
143449.8789, 6394376.9672, 39.4842, 1092.7083, 56.9257
143440.8713, 6394373.5257, 37.4885, 726.5386, 95.9146
143448.7080, 6394375.5621, 38.3802, 1096.0402, 100.4238
143439.0200, 6394374.5462, 37.4800, 562.6180, 101.8525
143450.1982, 6394376.8159, 39.8740, 1113.2052, 33.8250
143441.7629, 6394401.9546, 37.2036, 330.1819, 288.8345
143439.0450, 6394374.5366, 37.4796, 564.6920, 101.8786
143438.8254, 6394374.5537, 37.4610, 548.2836, 102.3795
143440.0754, 6394397.9676, 34.9777, 302.0945, 356.2987
143440.2873, 6394369.9661, 34.0496, 837.4825, 356.5277
143440.5307, 6394369.9599, 34.0380, 857.5630, 357.5896
143444.9886, 6394395.5504, 33.5085, 496.1768, 405.6781
143438.5310, 6394376.5724, 37.8067, 478.0561, 103.9575
143450.1982, 6394376.8159, 39.8740, 1113.2052, 33.8250
143439.1883, 6394376.5023, 37.8383, 523.9301, 104.0194
143439.1267, 6394376.5385, 37.7686, 519.0663, 109.1818
143436.2296, 6394378.5529, 37.7671, 286.5207, 121.7894
143444.9967, 6394396.0378, 33.4053, 491.1158, 409.3325
143440.3719, 6394374.0999, 33.4625, 675.9885, 411.5906
143440.3719, 6394374.0999, 33.4625, 675.9885, 411.5906
143457.5010, 6394388.6027, 43.2803, 1014.6513, 34.2822
143436.0418, 6394373.0089, 37.6936, 360.6578, 36.0817
143445.2167, 6394401.4409, 34.8507, 443.8746, 363.7672
143436.8780, 6394377.9607, 34.0871, 345.9751, 372.2232
143450.2181, 6394376.8179, 39.8105, 1113.9927, 37.6507
143457.0859, 6394392.9988, 41.5483, 907.4641, 127.7663
143436.8780, 6394377.9607, 34.0871, 345.9751, 372.2232
143440.4146, 6394371.0785, 33.7559, 794.6305, 385.9799
143437.2448, 6394378.9621, 33.8634, 355.7968, 388.1877
143434.5934, 6394380.9901, 37.8656, 152.8670, 136.8843
143450.2631, 6394376.7790, 39.8010, 1117.5817, 37.9128
143437.2448, 6394378.9621, 33.8634, 355.7968, 388.1877
143436.5296, 6394376.4519, 33.7154, 345.5619, 397.2629
143443.3830, 6394398.4768, 33.2599, 413.2821, 415.0736
143453.6788, 6394410.4664, 38.0341, 583.6042, 289.5983
143457.4547, 6394388.1095, 43.0061, 1025.2356, 40.1896
143443.3830, 6394398.4768, 33.2599, 413.2821, 415.0736
143449.7085, 6394377.1934, 39.7829, 1076.1743, 41.7093
143442.3535, 6394383.5032, 32.7997, 562.1853, 442.5504
143454.4864, 6394388.0911, 39.6777, 933.1985, 160.6716
143448.8583, 6394409.9217, 33.5317, 474.1436, 404.2153
143442.3535, 6394383.5032, 32.7997, 562.1853, 442.5504
143439.2722, 6394370.4638, 32.6465, 730.9838, 491.2395
143437.1242, 6394371.0233, 32.5542, 521.3486, 505.4273
143438.6250, 6394370.5304, 32.5104, 673.1581, 506.3260
143438.6250, 6394370.5304, 32.5104, 673.1581, 506.3260
143437.1268, 6394371.4744, 32.5134, 507.5592, 506.6195
143436.7291, 6394371.4983, 32.5077, 470.8973, 508.6645
143438.3097, 6394370.5345, 32.4798, 645.5165, 510.5733
143454.4893, 6394388.6171, 39.5609, 921.3651, 168.3591
143457.2350, 6394387.6070, 42.8130, 1031.0044, 42.4338
143442.7641, 6394397.9924, 33.4097, 396.7369, 410.3596
143440.3127, 6394382.5440, 37.8601, 472.1411, 170.9339
143440.6286, 6394369.8947, 35.8054, 867.9793, 188.1126
143449.8181, 6394377.1099, 39.7517, 1084.3704, 42.9527
143450.0454, 6394376.9555, 39.5704, 1100.6631, 52.5724
143443.4622, 6394398.4552, 33.3129, 416.0509, 413.2348
143453.6788, 6394410.4664, 38.0341, 583.6042, 289.5983
143434.9442, 6394383.9786, 37.3446, 158.2925, 196.8369
143432.7607, 6394373.5194, 37.8587, 38.1228, 3.4393
143432.6802, 6394373.5268, 37.8372, 29.8389, 4.9523
143432.6802, 6394373.5268, 37.8372, 29.8389, 4.9523
143432.4471, 6394373.5484, 37.7774, 5.6800, 9.1193
143450.0454, 6394376.9555, 39.5704, 1100.6631, 52.5724
143445.4220, 6394393.5516, 33.2670, 535.0385, 414.2691
143455.0538, 6394383.4618, 41.3663, 1073.1544, 55.9692
143455.9295, 6394384.1104, 42.4925, 1083.8490, 16.8197
143434.9442, 6394383.9786, 37.3446, 158.2925, 196.8369
143445.4220, 6394393.5516, 33.2670, 535.0385, 414.2691
143455.0538, 6394383.4618, 41.3663, 1073.1544, 55.9692
143440.5724, 6394371.1053, 33.4067, 805.7959, 416.7819
143451.7426, 6394410.9761, 37.9498, 533.5647, 291.8238
143437.8292, 6394372.9509, 34.8882, 519.9633, 293.0378
143456.4115, 6394385.0243, 42.7073, 1073.5486, 19.1019
143435.1203, 6394384.4684, 37.3467, 165.7648, 200.7894
143444.3314, 6394399.4489, 33.1498, 435.4154, 418.0087
143439.3039, 6394370.4558, 32.5104, 734.1310, 503.9891
143438.9423, 6394370.4878, 32.2776, 702.4557, 527.3509
143438.0052, 6394370.9815, 32.2597, 602.1509, 529.8726
143439.2073, 6394370.4589, 32.2277, 726.1744, 531.0226
143456.4115, 6394385.0243, 42.7073, 1073.5486, 19.1019
143457.7365, 6394389.6583, 42.9028, 996.8440, 58.0369
143442.2255, 6394402.9462, 37.1478, 338.2088, 293.2227
143435.3034, 6394384.9696, 37.4048, 173.1767, 201.6257
143456.4115, 6394385.0243, 42.7073, 1073.5486, 19.1019
143457.3330, 6394389.0754, 42.6485, 998.3995, 61.5075
143435.3719, 6394385.4812, 37.4127, 173.9768, 204.9349
143456.3246, 6394385.0026, 42.5795, 1071.3180, 23.8944
143455.6121, 6394385.1426, 41.5970, 1043.9722, 63.8247
143442.6297, 6394387.5294, 37.9311, 504.9058, 207.0763
143449.7848, 6394377.0623, 39.9936, 1084.8008, 28.0916
143453.0842, 6394410.5165, 37.8792, 569.3207, 293.3370
143455.5627, 6394384.1629, 42.0902, 1069.9874, 33.2600
143457.4900, 6394389.6474, 42.6294, 989.8320, 67.2668
143435.6432, 6394385.9770, 37.4216, 185.8564, 208.4005
143449.9397, 6394377.0027, 39.7541, 1094.0812, 41.9998
143448.9859, 6394375.0556, 38.7005, 1131.7928, 75.1982
143450.1001, 6394376.8875, 39.7065, 1105.8754, 44.0397
143449.2761, 6394376.1266, 38.9377, 1099.2411, 75.7625
143450.1001, 6394376.8875, 39.7065, 1105.8754, 44.0397
143448.8078, 6394375.5815, 38.5212, 1100.0428, 92.3316
143440.3755, 6394373.5942, 37.4566, 689.3543, 96.6908
143438.4428, 6394389.5455, 37.8847, 297.1563, 212.9859
143449.8925, 6394377.0557, 39.7168, 1089.8514, 44.6346
143448.7928, 6394375.6114, 38.4591, 1098.0282, 96.4875
143440.3556, 6394370.6310, 34.6946, 809.9839, 299.2250
143455.4811, 6394384.0185, 41.7770, 1071.3898, 45.0483
143438.4428, 6394389.5455, 37.8847, 297.1563, 212.9859
143443.4224, 6394405.9429, 37.1101, 354.3565, 301.3591
143457.1822, 6394387.5010, 42.6284, 1032.0383, 48.4912
143450.0787, 6394376.9093, 39.6241, 1104.0172, 49.0114
143437.4626, 6394390.4886, 37.8546, 245.5191, 217.7965
143456.9632, 6394387.0427, 42.4047, 1036.8944, 52.4940
143436.2460, 6394373.5059, 37.7579, 368.2547, 42.2694
143446.2657, 6394413.4703, 37.6400, 382.4457, 301.9144
143440.2703, 6394370.0930, 34.5975, 829.3562, 304.8145
143440.3565, 6394370.6305, 34.6272, 810.1204, 305.4352
143440.4920, 6394369.9636, 34.4752, 854.0076, 315.9652
143437.4626, 6394390.4886, 37.8546, 245.5191, 217.7965
143449.9896, 6394376.9630, 39.7385, 1097.8997, 42.6280
143449.9896, 6394376.9630, 39.7385, 1097.8997, 42.6280
143457.2354, 6394389.1490, 42.6545, 993.7620, 61.5847
143441.5113, 6394372.9482, 37.3994, 792.9132, 97.6678
143441.5113, 6394372.9482, 37.3994, 792.9132, 97.6678
143449.2049, 6394375.6848, 39.0562, 1114.6653, 62.4390
143441.6234, 6394372.9569, 37.4092, 800.2646, 97.6614
143441.6234, 6394372.9569, 37.4092, 800.2646, 97.6614
143441.1024, 6394373.5463, 37.4783, 741.7634, 98.3510
143436.2260, 6394387.4641, 37.4229, 207.0639, 218.8173
143441.1024, 6394373.5463, 37.4783, 741.7634, 98.3510
143456.9882, 6394387.6863, 42.5299, 1021.4387, 53.2954
143448.0784, 6394374.0396, 37.5884, 1133.3756, 130.6862
143454.9303, 6394384.1772, 41.3231, 1048.0964, 64.2596
143457.6388, 6394393.0253, 42.4139, 922.3965, 99.6748
143454.9497, 6394387.1658, 40.2937, 969.9818, 131.3545
143436.2260, 6394387.4641, 37.4229, 207.0639, 218.8173
143439.7610, 6394374.0720, 37.4459, 629.9345, 101.4454
143439.7610, 6394374.0720, 37.4459, 629.9345, 101.4454
143438.7821, 6394374.5693, 37.4636, 544.7036, 102.1772
143457.8457, 6394390.1046, 42.7772, 989.8831, 66.4875
143448.7434, 6394377.0349, 38.0254, 1037.9408, 138.1967
143440.1670, 6394375.5886, 37.7590, 612.6122, 102.0362
143447.6065, 6394378.1869, 36.5813, 943.4156, 228.0153
143449.1314, 6394375.0305, 38.8031, 1139.9755, 69.0869
143440.1670, 6394375.5886, 37.7590, 612.6122, 102.0362
143438.6442, 6394374.5707, 37.4480, 534.5756, 102.6648
143448.1434, 6394376.0705, 37.6100, 1047.4407, 151.4195
143439.2913, 6394376.5190, 37.8635, 530.3508, 102.9679
143439.2239, 6394374.5582, 37.4750, 576.9801, 103.5404
143439.1572, 6394374.5860, 37.4668, 571.4210, 104.2337
143444.6554, 6394391.4975, 37.9455, 530.6996, 229.9381
143439.6061, 6394376.5462, 37.8611, 550.4434, 105.0637
143439.6061, 6394376.5462, 37.8611, 550.4434, 105.0637
143456.1403, 6394387.4800, 41.1747, 1000.1758, 101.9106
143454.6534, 6394388.5353, 39.7216, 928.4075, 162.0045
143438.6337, 6394376.5667, 37.7861, 485.2096, 105.8833
143432.4642, 6394377.0388, 37.3295, 7.6501, 115.4279
143432.5530, 6394377.0004, 36.6689, 17.3695, 168.1187
143439.3382, 6394376.5664, 37.8319, 532.3732, 106.0871
143436.5119, 6394376.5484, 37.4974, 335.3997, 116.2808
143439.7134, 6394376.5455, 37.8319, 557.5077, 107.6374
143444.5781, 6394392.9822, 37.8478, 508.8651, 240.0285
143436.5414, 6394379.0229, 37.8453, 301.6816, 123.5839
143438.8720, 6394377.0387, 37.8542, 490.8127, 108.5554
143438.8720, 6394377.0387, 37.8542, 490.8127, 108.5554
143436.5414, 6394379.0229, 37.8453, 301.6816, 123.5839
143437.0425, 6394376.0355, 37.5125, 383.4633, 110.6319
143453.1656, 6394385.5737, 38.7552, 950.0003, 180.0643
143436.9884, 6394376.0503, 37.5058, 379.1929, 111.0805
143436.1637, 6394379.5308, 37.8669, 270.2875, 126.5807
143444.8478, 6394392.9788, 37.7829, 518.6995, 242.8302
143436.6066, 6394376.5212, 37.5304, 342.7874, 113.8993
143436.4030, 6394378.5427, 37.7960, 298.5394, 120.4457
143436.3129, 6394378.5353, 37.7779, 292.4705, 121.1975
143453.1656, 6394385.5737, 38.7552, 950.0003, 180.0643
143436.1738, 6394378.5525, 37.7626, 282.6742, 121.8427
143436.8712, 6394377.5610, 37.6248, 345.2277, 122.1463
143457.2147, 6394392.9825, 41.5632, 911.4138, 127.4355
143448.1414, 6394378.0048, 37.1921, 974.4910, 193.1429
143437.0016, 6394379.0403, 37.8768, 331.9747, 123.6706
143436.9310, 6394379.0274, 37.8586, 327.5246, 124.4288
143448.1078, 6394378.6289, 37.0488, 951.6013, 205.7720
143435.7916, 6394379.0514, 37.7766, 250.5171, 125.3273
143437.6692, 6394391.4625, 37.3536, 248.7271, 244.8843
143436.4349, 6394379.5096, 37.8621, 288.5473, 127.7807
143433.4359, 6394380.0147, 36.5863, 80.1970, 207.9208
143457.2147, 6394392.9825, 41.5632, 911.4138, 127.4355
143436.3315, 6394379.5318, 37.8458, 281.4749, 128.6878
143433.3659, 6394379.4820, 35.9044, 78.6055, 250.4366
143435.9194, 6394379.5513, 37.8279, 253.7838, 128.3865
143432.7801, 6394377.9875, 37.3467, 33.1446, 128.9866
143433.3659, 6394379.4820, 35.9044, 78.6055, 250.4366
143434.4622, 6394373.4782, 35.1145, 214.7900, 270.7134
143434.4622, 6394373.4782, 35.1145, 214.7900, 270.7134
143435.9194, 6394379.5513, 37.8279, 253.7838, 128.3865
143435.1654, 6394380.0364, 37.8223, 198.3011, 131.2660
143435.7725, 6394380.0281, 37.8791, 238.9969, 129.9209
143435.7725, 6394380.0281, 37.8791, 238.9969, 129.9209
143451.5074, 6394385.5563, 36.5689, 892.3960, 270.4613
143437.6692, 6394391.4625, 37.3536, 248.7271, 244.8843
143455.4934, 6394388.6007, 40.5854, 953.2964, 131.0563
143433.3621, 6394379.9926, 35.5325, 77.5371, 279.1009
143446.2601, 6394387.0505, 37.0997, 662.8527, 247.5224
143434.8536, 6394383.4825, 35.8006, 158.6498, 281.8964
143455.2623, 6394388.1053, 40.5114, 957.5302, 130.0124
143435.8388, 6394377.4636, 35.0939, 277.7835, 299.5239
143434.7251, 6394375.5256, 34.9205, 214.6631, 301.3762
143440.3859, 6394370.0205, 34.6245, 842.4084, 301.9322
143440.1889, 6394370.1412, 34.5981, 820.3083, 304.9555
143439.9949, 6394370.1225, 34.0191, 805.7175, 359.9559
143435.1608, 6394380.0362, 37.8265, 197.9809, 130.9652
143455.4934, 6394388.6007, 40.5854, 953.2964, 131.0563
143436.7203, 6394381.4640, 34.1838, 290.5907, 371.3011
143436.7203, 6394381.4640, 34.1838, 290.5907, 371.3011
143439.9607, 6394370.1435, 33.9009, 801.9688, 371.2958
143434.9415, 6394372.4845, 33.8927, 277.9861, 379.7051
143435.7886, 6394375.5056, 33.8642, 303.6559, 385.7727
143440.1595, 6394370.1582, 33.5347, 817.7953, 405.8722
143440.6950, 6394371.6318, 33.4207, 791.7728, 415.1484
143447.7450, 6394396.5465, 37.9984, 571.9224, 251.3301
143437.1992, 6394371.4458, 35.1797, 510.0415, 253.6234
143437.0642, 6394371.4723, 35.1698, 497.0192, 254.4626
143437.0642, 6394371.4723, 35.1698, 497.0192, 254.4626
143456.9972, 6394392.5773, 41.3501, 913.2538, 131.8422
143457.0146, 6394393.0132, 41.4365, 905.1794, 131.5186
143435.0960, 6394380.4840, 37.8311, 190.0326, 135.4884
143435.5171, 6394380.0401, 37.8300, 221.9555, 132.2392
143435.8128, 6394380.0442, 37.8366, 241.5968, 133.0487
143448.3747, 6394376.1042, 37.8652, 1057.2676, 136.9516
143435.2828, 6394380.0531, 37.7975, 206.1532, 133.5711
143434.7528, 6394380.5478, 37.7822, 166.6133, 138.0221
143434.6614, 6394380.9856, 37.8295, 157.5052, 139.4162
143438.9512, 6394394.9844, 37.3572, 277.8949, 260.4166
143434.7239, 6394380.9868, 37.8497, 161.6151, 138.3718
143434.6614, 6394380.9856, 37.8295, 157.5052, 139.4162
143434.7239, 6394380.9868, 37.8497, 161.6151, 138.3718
143434.1345, 6394380.9932, 37.7919, 122.1327, 139.8894
143433.2338, 6394379.4875, 37.3972, 64.9819, 145.9499
143453.8499, 6394385.1440, 39.4933, 984.6056, 147.5053
143438.9512, 6394394.9844, 37.3572, 277.8949, 260.4166
143456.7637, 6394392.5542, 41.0780, 907.0771, 140.6106
143456.3268, 6394392.6068, 40.5588, 893.5714, 158.0043
143456.8927, 6394392.9902, 41.1061, 902.2147, 142.4264
143442.4099, 6394399.0024, 37.7358, 372.7494, 263.4185
143454.2616, 6394386.9494, 39.4492, 952.8414, 162.2138
143456.8927, 6394392.9902, 41.1061, 902.2147, 142.4264
143434.1934, 6394381.0000, 37.7463, 126.1903, 143.1409
143456.1911, 6394392.6163, 40.3562, 889.5032, 164.8203
143441.7836, 6394399.5088, 37.7082, 347.7846, 265.3990
143433.1493, 6394379.0305, 37.3448, 60.0050, 143.9403
143449.3414, 6394379.6455, 37.9975, 972.5740, 165.1470
143433.1493, 6394379.0305, 37.3448, 60.0050, 143.9403
143440.7482, 6394371.6121, 34.4194, 795.8940, 329.3324
143433.9567, 6394381.0031, 37.7016, 110.1883, 145.1697
143440.4986, 6394371.1474, 34.3644, 797.5758, 332.0021
143440.4986, 6394371.1474, 34.3644, 797.5758, 332.0021
143454.6056, 6394389.0789, 39.5405, 914.8087, 172.0307
143433.9567, 6394381.0031, 37.7016, 110.1883, 145.1697
143448.7281, 6394378.6589, 37.6941, 978.5334, 171.7722
143448.2615, 6394376.0486, 37.7154, 1054.0525, 145.1458
143450.8357, 6394406.0929, 37.9135, 555.6626, 282.4178
143447.8208, 6394375.5049, 37.0823, 1054.8459, 177.7753
143433.6226, 6394380.0002, 37.4839, 91.5116, 147.3491
143433.6226, 6394380.0002, 37.4839, 91.5116, 147.3491
143455.9502, 6394393.0588, 39.9043, 874.1494, 182.2503
143440.9449, 6394383.9775, 37.8565, 481.2330, 183.9487
143455.5492, 6394389.5198, 40.3061, 934.3785, 147.6521
143447.6401, 6394375.5908, 36.9803, 1042.2758, 184.4286
143456.4626, 6394392.5175, 40.8406, 899.1891, 148.0072
143434.7339, 6394383.4755, 37.4101, 148.3758, 188.6001
143453.9944, 6394410.0382, 38.0043, 594.9979, 289.6791
143448.2138, 6394378.0136, 37.2443, 977.5193, 190.4231
143456.4626, 6394392.5175, 40.8406, 899.1891, 148.0072
143433.5464, 6394380.0079, 37.4676, 86.0333, 148.2509
143435.0521, 6394384.4854, 37.4521, 161.5340, 194.8769
143433.5464, 6394380.0079, 37.4676, 86.0333, 148.2509
143449.6440, 6394381.1197, 37.5889, 939.5295, 197.8448
143441.3952, 6394384.0102, 37.5950, 503.0017, 198.7529
143453.9944, 6394410.0382, 38.0043, 594.9979, 289.6791
143440.5686, 6394369.9659, 34.2124, 860.2144, 341.0495
143440.6021, 6394369.9549, 34.1999, 863.4846, 342.2010
143455.4617, 6394389.5853, 40.2907, 930.2526, 148.4438
143440.6048, 6394384.5355, 37.5953, 456.3200, 200.5389
143440.6048, 6394384.5355, 37.5953, 456.3200, 200.5389
143456.2934, 6394392.6527, 40.6561, 891.7026, 154.8252
143440.5004, 6394384.5532, 37.5880, 450.9557, 200.8032
143447.9089, 6394376.0680, 37.3532, 1036.1129, 166.4044
143433.3705, 6394379.5068, 36.6152, 77.0663, 201.2535
143440.3744, 6394371.0944, 34.1755, 790.4990, 348.5980
143447.8203, 6394375.6068, 37.2352, 1050.5895, 169.1089
143440.4459, 6394385.5052, 37.6880, 434.7898, 201.9142
143440.3869, 6394382.5401, 37.8722, 476.0722, 170.4448
143440.4459, 6394385.5052, 37.6880, 434.7898, 201.9142
143448.9918, 6394379.1541, 37.7886, 973.5471, 171.3802
143440.1753, 6394385.5203, 37.6612, 421.6162, 202.7768
143440.0398, 6394379.4578, 34.9303, 516.3314, 321.8472
143447.6673, 6394375.6337, 37.0724, 1041.8701, 179.1015
143444.8953, 6394401.4518, 35.0886, 433.8253, 356.3056
143440.1753, 6394385.5203, 37.6612, 421.6162, 202.7768
143440.5510, 6394369.9782, 35.5686, 857.4448, 211.6247
143440.6007, 6394369.9642, 35.5702, 862.1879, 211.4960
143440.6007, 6394369.9642, 35.5702, 862.1879, 211.4960
143447.6673, 6394375.6337, 37.0724, 1041.8701, 179.1015
143443.2411, 6394388.0136, 37.7302, 523.8726, 219.8728
143434.2973, 6394382.4850, 37.3916, 126.3969, 180.1646
143444.2972, 6394391.0216, 37.9142, 523.5924, 228.5314
143444.8953, 6394401.4518, 35.0886, 433.8253, 356.3056
143434.5953, 6394382.9783, 37.3882, 142.6029, 185.4304
143447.4267, 6394415.9533, 36.9503, 395.8268, 322.9903
143444.1872, 6394391.5450, 37.9588, 512.5061, 228.9682
143453.5832, 6394386.5961, 38.7818, 938.9022, 185.8323
143448.1288, 6394379.6130, 36.7077, 920.7700, 230.9451
143452.3573, 6394384.8837, 38.2800, 939.2946, 194.6879
143444.9315, 6394401.4616, 34.9794, 434.9225, 359.7587
143444.7377, 6394392.0013, 37.9529, 527.0895, 231.9917
143447.8281, 6394377.0143, 37.0156, 995.5626, 194.8010
143444.7377, 6394392.0013, 37.9529, 527.0895, 231.9917
143442.5614, 6394383.4913, 37.6441, 568.0377, 195.3039
143449.6484, 6394406.5422, 35.1165, 522.0850, 360.0638
143439.9309, 6394370.1585, 34.0225, 798.6891, 359.7532
143450.1044, 6394377.0030, 40.2245, 1101.5482, 15.5492
143444.8735, 6394392.5965, 37.9000, 524.3939, 236.7853
143436.5417, 6394373.9820, 37.6631, 383.7528, 61.9686
143436.9349, 6394374.5070, 37.7239, 404.7542, 69.0158
143440.1276, 6394381.0091, 34.3255, 492.5828, 361.5605
143436.9349, 6394374.5070, 37.7239, 404.7542, 69.0158
143442.0175, 6394383.5103, 37.5943, 541.6479, 196.7659
143449.2267, 6394375.5465, 38.9021, 1121.6456, 70.2346
143444.6666, 6394392.9723, 37.9116, 512.1435, 237.6453
143440.3840, 6394370.0231, 35.2832, 841.7255, 238.9272
143442.0175, 6394383.5103, 37.5943, 541.6479, 196.7659
143448.3876, 6394374.1664, 38.0775, 1143.1926, 101.0753
143438.2088, 6394377.5393, 37.8288, 436.6550, 113.7218
143438.2088, 6394377.5393, 37.8288, 436.6550, 113.7218
143440.3882, 6394384.0312, 37.5829, 453.0961, 197.2528
143435.0559, 6394384.4826, 37.3799, 161.9014, 198.8888
143456.6103, 6394391.9714, 40.6677, 914.3356, 151.2285
143437.7257, 6394391.4639, 37.4237, 251.1067, 241.9371
143440.3937, 6394370.0134, 35.2383, 843.0376, 243.1644
143439.9913, 6394384.5186, 37.5939, 426.2625, 199.1400
143442.9980, 6394388.4892, 37.8088, 506.8499, 218.5020
143444.9988, 6394393.0180, 37.6637, 523.7233, 247.7218
143442.9980, 6394388.4892, 37.8088, 506.8499, 218.5020
143452.4778, 6394386.0543, 38.2904, 914.3166, 201.1072
143446.6058, 6394404.4203, 34.6934, 458.7232, 370.7326
143444.7155, 6394392.5269, 37.9452, 519.4966, 234.5379
143435.2439, 6394384.9795, 37.3786, 169.8017, 202.9924
143444.7155, 6394392.5269, 37.9452, 519.4966, 234.5379
143447.6640, 6394376.0407, 36.7100, 1025.1550, 205.1221
143437.8619, 6394391.9655, 37.3366, 253.7234, 248.0712
143449.5856, 6394396.6136, 34.4973, 630.1318, 370.5627
143440.3263, 6394385.5132, 37.6106, 429.0329, 205.5694
143440.2391, 6394385.5387, 37.6038, 424.5081, 205.8885
143449.5746, 6394396.6173, 34.3954, 629.7969, 373.9617
143447.5400, 6394396.9663, 38.0381, 560.2742, 251.1993
143447.7024, 6394377.6410, 36.8819, 966.8198, 207.1576
143447.7024, 6394377.6410, 36.8819, 966.8198, 207.1576
143449.5746, 6394396.6173, 34.3954, 629.7969, 373.9617
143442.2495, 6394388.0166, 37.9649, 481.7335, 207.6411
143447.5400, 6394396.9663, 38.0381, 560.2742, 251.1993
143436.9167, 6394371.4823, 35.1611, 483.2827, 254.9908
143436.9167, 6394371.4823, 35.1611, 483.2827, 254.9908
143442.4255, 6394388.0154, 37.9523, 489.2755, 208.5235
143442.7201, 6394388.0225, 37.9626, 501.6685, 208.6379
143448.5380, 6394380.6374, 36.3936, 907.5443, 253.8093
143434.0897, 6394372.9865, 35.1871, 184.6224, 258.9434
143434.0897, 6394372.9865, 35.1871, 184.6224, 258.9434
143434.4798, 6394373.4781, 35.0859, 216.5260, 273.3582
143434.4798, 6394373.4781, 35.0859, 216.5260, 273.3582
143434.2429, 6394372.9916, 34.9941, 200.1187, 277.5950
143434.1435, 6394373.5181, 34.9024, 184.8982, 289.7956
143439.0384, 6394394.9714, 37.3209, 281.4409, 261.8665
143439.3960, 6394389.0129, 37.9335, 344.9718, 209.4947
143450.1955, 6394413.4331, 34.4245, 479.1752, 382.1534
143441.3387, 6394392.9488, 35.3103, 389.9339, 336.5526
143440.3563, 6394371.1030, 34.2057, 788.6931, 345.9244
143440.6014, 6394369.9545, 34.1515, 863.4745, 346.7988
143440.5959, 6394369.9471, 34.1075, 863.4398, 350.9501
143439.3960, 6394389.0129, 37.9335, 344.9718, 209.4947
143441.1980, 6394400.4712, 37.7295, 321.2574, 267.1155
143435.1971, 6394375.9694, 35.3715, 246.9022, 268.9099
143453.5908, 6394388.6243, 38.4555, 892.5028, 209.6006
143435.5357, 6394385.9951, 35.2885, 183.5146, 319.7852
143450.1955, 6394413.4331, 34.4245, 479.1752, 382.1534
143435.5357, 6394385.9951, 35.2885, 183.5146, 319.7852
143439.0716, 6394389.4903, 37.9433, 325.8734, 211.1589
143439.1177, 6394386.9521, 35.2902, 356.5991, 323.9124
143450.9305, 6394406.0460, 38.0408, 558.5013, 278.8430
143439.0716, 6394389.4903, 37.9433, 325.8734, 211.1589
143450.1955, 6394413.4331, 34.4245, 479.1752, 382.1534
143435.6523, 6394385.9739, 37.3632, 186.4655, 211.4617
143447.1739, 6394390.0923, 33.9642, 646.5123, 385.9664
143436.4778, 6394388.4786, 35.2212, 216.3610, 330.0273
143451.0135, 6394406.4863, 37.8159, 556.4590, 286.0573
143446.0755, 6394387.5783, 33.8584, 648.0057, 389.4070
143436.4778, 6394388.4786, 35.2212, 216.3610, 330.0273
143440.0882, 6394370.0812, 34.1792, 815.3138, 344.5360
143435.6523, 6394385.9739, 37.3632, 186.4655, 211.4617
143446.0755, 6394387.5783, 33.8584, 648.0057, 389.4070
143435.4439, 6394385.4754, 34.5779, 182.8768, 355.8116
143435.8463, 6394386.4654, 37.4195, 193.7109, 212.1081
143445.3229, 6394395.0167, 33.8474, 513.4139, 393.2989
143451.0135, 6394406.4863, 37.8159, 556.4590, 286.0573
143445.5153, 6394401.9242, 34.8211, 448.6263, 365.0826
143440.5336, 6394369.9600, 33.9599, 857.8302, 365.0081
143445.3229, 6394395.0167, 33.8474, 513.4139, 393.2989
143446.9697, 6394405.4461, 34.1765, 460.5169, 386.1993
143435.7231, 6394385.9698, 37.3267, 190.3820, 213.4961
143451.3948, 6394401.0858, 34.6322, 625.9976, 369.4732
143451.0135, 6394406.4863, 37.8159, 556.4590, 286.0573
143445.9021, 6394394.0008, 33.8210, 545.6046, 393.6669
143435.8483, 6394386.4642, 37.3494, 193.9409, 215.7088
143446.0097, 6394387.0670, 33.7006, 654.6577, 396.0369
143446.9697, 6394405.4461, 34.1765, 460.5169, 386.1993
143448.3829, 6394408.9234, 34.7457, 469.3383, 371.9773
143440.3238, 6394371.1197, 33.9071, 785.6538, 372.6279
143440.2982, 6394371.1340, 33.8961, 783.0328, 373.6466
143446.3954, 6394393.9141, 33.6098, 563.7010, 401.1290
143445.2635, 6394397.0868, 33.8199, 488.3317, 394.9443
143437.9228, 6394389.9979, 37.8592, 269.9576, 215.7208
143448.5989, 6394394.0986, 34.3505, 633.9235, 373.8034
143453.5175, 6394388.5990, 38.2521, 890.7105, 217.2747
143445.2635, 6394397.0868, 33.8199, 488.3317, 394.9443
143440.2879, 6394370.0826, 33.6492, 831.8996, 394.8454
143446.3954, 6394393.9141, 33.6098, 563.7010, 401.1290
143453.5175, 6394388.5990, 38.2521, 890.7105, 217.2747
143448.5989, 6394394.0986, 34.3505, 633.9235, 373.8034
143446.0208, 6394402.4964, 33.0415, 459.7165, 419.7943
143441.0149, 6394384.0643, 33.1146, 488.2287, 427.6794
143439.1188, 6394370.4704, 32.3813, 718.0540, 516.8629
143448.5783, 6394394.1091, 34.2734, 633.1455, 376.5555
143436.6648, 6394388.4854, 37.5418, 222.0450, 219.7704
143448.5783, 6394394.1091, 34.2734, 633.1455, 376.5555
143436.6648, 6394388.4854, 37.5418, 222.0450, 219.7704
143440.5114, 6394369.9946, 35.4776, 853.4379, 220.3932
143442.5101, 6394391.4605, 28.0762, 457.6656, 623.9850
143447.5874, 6394377.5821, 36.6100, 963.4847, 222.2959
143448.0089, 6394376.3501, 36.4417, 1029.6649, 224.6617
143440.4631, 6394369.9930, 35.4262, 849.6232, 225.1371
143444.9589, 6394395.5552, 33.3771, 495.2114, 410.3692
143444.1714, 6394392.0031, 37.9930, 506.0269, 229.6500
143444.9589, 6394395.5552, 33.3771, 495.2114, 410.3692
143448.1935, 6394393.1087, 34.1043, 635.0873, 382.0792
143440.9118, 6394372.1047, 33.4667, 787.6256, 410.8443
143444.4699, 6394392.9753, 37.9352, 504.9575, 236.5043
143440.2228, 6394373.5609, 33.4008, 683.6524, 416.7005
143440.2228, 6394373.5609, 33.4008, 683.6524, 416.7005
143440.5178, 6394371.1364, 33.4035, 800.2183, 417.1335
143439.3065, 6394371.1070, 33.3190, 705.8335, 426.8524
143448.6897, 6394381.1050, 36.6835, 900.2883, 241.6402
143444.8706, 6394389.5132, 32.8465, 570.5513, 432.6145
143439.0319, 6394370.9846, 32.6250, 688.9937, 491.5433
143438.6433, 6394370.5297, 32.6272, 674.6312, 495.1038
143437.1968, 6394371.0301, 32.6230, 527.6432, 498.4552
143438.1665, 6394370.9718, 32.5631, 616.1219, 500.6403
143438.1665, 6394370.9718, 32.5631, 616.1219, 500.6403
143438.1292, 6394370.9865, 32.5445, 612.3613, 502.4615
143438.1292, 6394370.9865, 32.5445, 612.3613, 502.4615
143438.2073, 6394370.9795, 32.5356, 619.4090, 503.0266
143438.5904, 6394370.5115, 32.5362, 670.9023, 504.1137
143438.5904, 6394370.5115, 32.5362, 670.9023, 504.1137
143438.5534, 6394370.5286, 32.5337, 666.9984, 504.4083
143437.4111, 6394371.0216, 32.5389, 547.5222, 505.7111
143438.3019, 6394370.9695, 32.5039, 628.0065, 505.6783
143438.3019, 6394370.9695, 32.5039, 628.0065, 505.6783
143438.1978, 6394370.5529, 32.5345, 634.8401, 505.6648
143438.1978, 6394370.5529, 32.5345, 634.8401, 505.6648
143438.1466, 6394370.9764, 32.5081, 614.3000, 505.8747
143438.2436, 6394370.9678, 32.5018, 623.0397, 506.1262
143438.2436, 6394370.9678, 32.5018, 623.0397, 506.1262
143438.8233, 6394370.5099, 32.4986, 691.1050, 506.7491
143437.0728, 6394371.0342, 32.5349, 516.3181, 507.4373
143438.6548, 6394370.5133, 32.4705, 676.4881, 510.1167
143438.8682, 6394370.4837, 32.4479, 696.1106, 511.5503
143439.4322, 6394370.4020, 32.3794, 747.3691, 516.1163
143438.0287, 6394370.9839, 32.3788, 603.9379, 518.5209
143438.0287, 6394370.9839, 32.3788, 603.9379, 518.5209
143438.6775, 6394370.5077, 32.2551, 678.9419, 530.6067
143448.5658, 6394380.5908, 36.6270, 910.0754, 241.5608
143440.7423, 6394369.8770, 35.2366, 878.3583, 242.9987
143442.3955, 6394391.4816, 27.9929, 453.0759, 627.5220
143446.2810, 6394387.5575, 37.1432, 654.4559, 247.9004
143445.9564, 6394387.0982, 33.7666, 651.9502, 393.2039
143445.9527, 6394387.0999, 33.7011, 651.8088, 396.0539
143446.2810, 6394387.5575, 37.1432, 654.4559, 247.9004
143446.0834, 6394387.0336, 33.6628, 658.1927, 397.6309
143446.0795, 6394396.5106, 38.0141, 518.6000, 248.9908
143446.0834, 6394387.0336, 33.6628, 658.1927, 397.6309
143446.0795, 6394396.5106, 38.0141, 518.6000, 248.9908
143445.4739, 6394393.5435, 33.5941, 536.7280, 402.1089
143440.8069, 6394375.0634, 33.5097, 674.3834, 407.5341
143440.2907, 6394370.0829, 34.6394, 831.4976, 300.7802
143440.2907, 6394370.0829, 34.6394, 831.4976, 300.7802
143440.4142, 6394374.0803, 33.4834, 679.5078, 409.9553
143440.1934, 6394373.6112, 33.4233, 679.8578, 414.9660
143440.7436, 6394371.5956, 33.3611, 796.9973, 420.1970
143451.0696, 6394382.9007, 36.7474, 944.9513, 250.9406
143444.9937, 6394388.1058, 33.1372, 597.0651, 421.0090
143439.4908, 6394371.6006, 33.3245, 700.8123, 425.5156
143439.2813, 6394371.0897, 33.2917, 704.5112, 429.4122
143439.2070, 6394370.5500, 33.2907, 721.0910, 430.3384
143439.2061, 6394370.5500, 33.2626, 721.0483, 432.9949
143439.1807, 6394370.5623, 33.2407, 718.3987, 435.1018
143439.3237, 6394370.5035, 33.2187, 732.9843, 436.9607
143439.3237, 6394370.5035, 33.2187, 732.9843, 436.9607
143439.2802, 6394370.5107, 33.2084, 729.0294, 438.0197
143439.3468, 6394370.4753, 33.1971, 736.1853, 438.9966
143439.3881, 6394370.4684, 33.1905, 739.9489, 439.5436
143439.3881, 6394370.4684, 33.1905, 739.9489, 439.5436
143442.0621, 6394383.9780, 32.8004, 540.0295, 442.3664
143438.5785, 6394373.9879, 32.6950, 552.3038, 474.8141
143438.0702, 6394372.5165, 32.6974, 555.7991, 481.5248
143438.7889, 6394371.9972, 32.6546, 630.9289, 485.0995
143438.5809, 6394371.9717, 32.6538, 615.0393, 485.9615
143438.9808, 6394371.5464, 32.6529, 662.8315, 486.5775
143438.9808, 6394371.5464, 32.6529, 662.8315, 486.5775
143438.6698, 6394371.5162, 32.6594, 638.5158, 487.1851
143438.6698, 6394371.5162, 32.6594, 638.5158, 487.1851
143438.5533, 6394371.5327, 32.6570, 628.2820, 487.7326
143439.0432, 6394371.1231, 32.6524, 684.3336, 488.3357
143438.6645, 6394370.5176, 32.5946, 676.9982, 498.1983
143438.6645, 6394370.5176, 32.5946, 676.9982, 498.1983
143438.7184, 6394370.5288, 32.5919, 681.1896, 498.1865
143437.2059, 6394371.0248, 32.5893, 528.7039, 501.6943
143437.2059, 6394371.0248, 32.5893, 528.7039, 501.6943
143438.8392, 6394370.5051, 32.5373, 692.6204, 503.0370
143438.8392, 6394370.5051, 32.5373, 692.6204, 503.0370
143438.9070, 6394370.5100, 32.5339, 698.2163, 503.0591
143438.9070, 6394370.5100, 32.5339, 698.2163, 503.0591
143436.6868, 6394371.4943, 32.5312, 467.0996, 506.6313
143437.4099, 6394371.0192, 32.5015, 547.5581, 509.3141
143437.3537, 6394371.0143, 32.4651, 542.7059, 513.0767
143436.7298, 6394371.4967, 32.4588, 471.1140, 513.3015
143438.4933, 6394370.5193, 32.4362, 662.2627, 514.0558
143438.5317, 6394370.5233, 32.4246, 665.4642, 514.9767
143437.3467, 6394371.0155, 32.4344, 542.0879, 516.0423
143437.3467, 6394371.0155, 32.4344, 542.0879, 516.0423
143436.7256, 6394371.4954, 32.4254, 470.8316, 516.4942
143438.4889, 6394370.5160, 32.3699, 662.1018, 520.4604
143437.7420, 6394370.9774, 32.3553, 578.9581, 522.0770
143438.7919, 6394370.5005, 32.2824, 689.0549, 527.5120
143438.7919, 6394370.5005, 32.2824, 689.0549, 527.5120
143438.8726, 6394370.4907, 32.2763, 696.3822, 527.7829
143438.8726, 6394370.4907, 32.2763, 696.3822, 527.7829
143438.4557, 6394393.4574, 37.3229, 268.5219, 255.4801
143440.3237, 6394370.6537, 34.5618, 806.4774, 311.5515
143440.3237, 6394370.6537, 34.5618, 806.4774, 311.5515
143438.4557, 6394393.4574, 37.3229, 268.5219, 255.4801
143436.8228, 6394371.5128, 35.1548, 473.7967, 255.6368
143436.8228, 6394371.5128, 35.1548, 473.7967, 255.6368
143443.9901, 6394396.5362, 37.6959, 448.6082, 258.2211
143443.3766, 6394398.4717, 37.7819, 409.5348, 261.0107
143443.3766, 6394398.4717, 37.7819, 409.5348, 261.0107
143440.8082, 6394369.8323, 35.0030, 886.1396, 265.1208
143439.7987, 6394396.9517, 37.4108, 296.5713, 266.0247
143440.2624, 6394370.0997, 34.9544, 828.1494, 270.7882
143440.2624, 6394370.0997, 34.9544, 828.1494, 270.7882
143436.1129, 6394382.0138, 30.5263, 254.7630, 586.3969
143438.4398, 6394384.9543, 35.2501, 345.3301, 320.1665
143449.1447, 6394401.5612, 37.7453, 556.2904, 275.4951
143440.5656, 6394369.9688, 34.8884, 859.4681, 276.6799
143450.9658, 6394406.0446, 37.9047, 559.4908, 282.6272
143457.4790, 6394388.1496, 43.1718, 1024.9916, 34.2898
143449.7756, 6394377.0973, 39.3493, 1082.8828, 65.9103
143450.6832, 6394378.6073, 39.3913, 1065.4789, 85.1642
143448.5519, 6394377.0180, 37.7084, 1029.6436, 156.0128
143440.7557, 6394369.8655, 35.5451, 879.9123, 213.3157
143432.8783, 6394378.4932, 36.0481, 43.7588, 231.6312
143441.6844, 6394393.9559, 35.2194, 393.4807, 341.8755
143441.6844, 6394393.9559, 35.2194, 393.4807, 341.8755
143440.2750, 6394370.5618, 34.1983, 807.1871, 344.6067
143432.8549, 6394378.4961, 35.4779, 43.4896, 273.3653
143444.4636, 6394401.4731, 35.1544, 420.3643, 354.2586
143449.9747, 6394412.9168, 35.1915, 477.4453, 363.0301
143448.9891, 6394410.4202, 35.0439, 472.6894, 365.0623
143440.3106, 6394369.9718, 33.9520, 839.1484, 365.8609
143444.2116, 6394408.4477, 34.7188, 362.1522, 373.0288
143444.2116, 6394408.4477, 34.7188, 362.1522, 373.0288
143445.7018, 6394397.0342, 34.4022, 502.8114, 374.8172
143445.7018, 6394397.0342, 34.4022, 502.8114, 374.8172
143445.5873, 6394397.0626, 34.3323, 498.8207, 377.2559
143447.8218, 6394392.1137, 34.1620, 637.3823, 379.4072
143447.8218, 6394392.1137, 34.1620, 637.3823, 379.4072
143440.3244, 6394371.1204, 33.7864, 785.7598, 383.3871
143446.0528, 6394395.9830, 34.0688, 526.4039, 385.6049
143440.5733, 6394371.5847, 33.7356, 784.4816, 388.2201
143440.4826, 6394371.1561, 33.6644, 796.4501, 394.1130
143432.7851, 6394377.9945, 34.8176, 40.7576, 319.4531
143445.6512, 6394393.5760, 33.7294, 542.4026, 397.0162
143440.6927, 6394371.6507, 33.5582, 790.6960, 403.3833
143440.8985, 6394372.1119, 33.5258, 786.3250, 405.9576
143445.0074, 6394395.5442, 33.4831, 496.9039, 406.5707
143444.4671, 6394400.9716, 34.6056, 425.1433, 371.2407
143444.1892, 6394391.4966, 33.2234, 516.8061, 417.1343
143444.4671, 6394400.9716, 34.6056, 425.1433, 371.2407
143439.4589, 6394369.9724, 33.3116, 768.6085, 428.5653
143445.3962, 6394393.5534, 33.0564, 534.2583, 422.0902
143439.2764, 6394371.1220, 33.3565, 702.7266, 423.4725
143439.8297, 6394370.3484, 33.2831, 781.9070, 430.0465
143440.6780, 6394371.6300, 33.2503, 790.7120, 429.7578
143443.4874, 6394384.1034, 32.8076, 603.5237, 440.1205
143443.4874, 6394384.1034, 32.8076, 603.5237, 440.1205
143437.8153, 6394370.9831, 32.1999, 585.4912, 536.4373
143443.4874, 6394384.1034, 32.8076, 603.5237, 440.1205
143437.2850, 6394371.0301, 32.6783, 535.5750, 492.7838
143437.2850, 6394371.0301, 32.6783, 535.5750, 492.7838
143438.8633, 6394370.4958, 32.5748, 695.0352, 499.4208
143438.3820, 6394370.5440, 32.5662, 651.3701, 501.9013
143438.6590, 6394370.5145, 32.5113, 676.7510, 506.2010
143438.1822, 6394370.5563, 32.4898, 633.3889, 510.0170
143438.2493, 6394370.5271, 32.4893, 640.4685, 509.9671
143437.0689, 6394371.4817, 32.4725, 502.2240, 510.6549
143438.1546, 6394370.5299, 32.4422, 632.0386, 514.9095
143438.4931, 6394370.5171, 32.4026, 662.3840, 517.2975
143439.3502, 6394370.4457, 32.3675, 738.5884, 517.3052
143437.9566, 6394370.9605, 32.2417, 598.6733, 531.9620
143436.4177, 6394373.5300, 37.7827, 382.4721, 41.8829
143437.1620, 6394374.5792, 37.4803, 421.6470, 91.6727
143457.7684, 6394394.0760, 42.5071, 905.6819, 103.6614
143448.3210, 6394375.0086, 37.8711, 1101.1509, 124.4022
143456.9116, 6394391.5145, 41.1502, 932.3450, 132.1835
143447.5625, 6394373.6061, 37.1650, 1127.3718, 152.3386
143447.5393, 6394374.6396, 36.7865, 1077.9678, 188.0150
143432.8985, 6394378.4937, 36.4780, 44.1635, 200.1254
143433.0804, 6394378.4955, 35.6966, 60.5479, 257.8009
143433.0804, 6394378.4955, 35.6966, 60.5479, 257.8009
143446.9559, 6394397.4702, 37.8051, 536.0024, 260.2140
143446.9559, 6394397.4702, 37.8051, 536.0024, 260.2140
143435.9348, 6394386.9806, 35.6021, 198.0425, 307.0212
143435.9348, 6394386.9806, 35.6021, 198.0425, 307.0212
143437.4901, 6394383.0094, 34.9996, 316.7829, 327.6003
143438.5668, 6394386.5259, 35.0163, 334.9714, 335.9795
143442.9308, 6394400.5101, 35.1494, 379.9918, 353.3542
143440.5033, 6394369.9678, 33.7902, 855.0709, 381.1489
143442.2421, 6394397.9867, 33.7394, 378.7785, 399.2342
143449.0232, 6394379.1211, 37.8382, 976.0187, 168.5135
143450.9356, 6394383.5924, 36.5714, 921.1158, 261.9315
143450.9356, 6394383.5924, 36.5714, 921.1158, 261.9315
143433.9716, 6394373.0095, 35.0844, 173.0701, 268.6137
143434.7384, 6394374.4931, 34.9718, 227.6621, 291.0315
143434.7987, 6394372.4924, 34.0186, 263.7634, 367.8544
143435.9731, 6394375.4872, 33.9092, 318.3873, 382.0984
143433.7439, 6394380.9974, 36.2835, 98.9009, 236.4077
143433.6967, 6394381.0026, 35.0103, 98.5743, 318.5297
143435.0208, 6394384.4854, 34.8548, 164.4753, 338.7605
143432.6054, 6394373.5430, 37.8181, 22.0957, 6.5080
143432.6054, 6394373.5430, 37.8181, 22.0957, 6.5080
143436.9462, 6394371.4742, 32.2131, 491.8873, 535.6685
143457.6848, 6394386.6367, 43.5350, 1069.9167, 6.5951
143457.6848, 6394386.6367, 43.5350, 1069.9167, 6.5951
143454.3397, 6394383.9931, 40.2636, 1032.9751, 106.8435
143448.3141, 6394377.1510, 37.5223, 1013.4727, 167.4196
143457.5946, 6394386.6176, 43.4137, 1067.6245, 10.8720
143456.4919, 6394385.1533, 42.8909, 1072.5638, 13.0772
143455.9939, 6394384.0438, 42.5246, 1087.9503, 14.9908
143455.9939, 6394384.0438, 42.5246, 1087.9503, 14.9908
143455.7916, 6394384.0596, 42.3609, 1080.7083, 21.4069
143436.1413, 6394382.0007, 30.4562, 256.6998, 590.4422
143442.2787, 6394391.5000, 27.8968, 448.4380, 631.5921
143456.0552, 6394384.1168, 42.7665, 1087.8906, 5.6038
143456.5395, 6394385.0818, 42.9834, 1076.1217, 8.6679
143456.5395, 6394385.0818, 42.9834, 1076.1217, 8.6679
143457.1952, 6394387.6423, 42.8021, 1028.9009, 43.0369
143449.8530, 6394376.9861, 39.4969, 1090.7925, 56.3042
143454.8341, 6394384.0590, 41.1072, 1048.1693, 72.2064
143449.2428, 6394376.0453, 38.7604, 1101.0415, 85.3380
143448.7455, 6394375.1019, 38.5105, 1118.0076, 86.6818
143457.6945, 6394392.6085, 42.5373, 932.2505, 92.7945
143438.1781, 6394377.0337, 37.8557, 444.3780, 105.0061
143437.2701, 6394376.5098, 37.5715, 391.3186, 113.9873
143437.2701, 6394376.5098, 37.5715, 391.3186, 113.9873
143436.9548, 6394376.5409, 37.5309, 368.0108, 115.8684
143436.9548, 6394376.5409, 37.5309, 368.0108, 115.8684
143456.4390, 6394389.5813, 41.2503, 960.0118, 114.9187
143455.3231, 6394386.4683, 40.5247, 999.4323, 118.0205
143456.6933, 6394390.5302, 41.1278, 946.7607, 126.3110
143448.6540, 6394376.6400, 38.0344, 1049.1132, 133.3259
143455.3388, 6394388.6362, 40.4300, 947.6609, 136.8808
143455.3388, 6394388.6362, 40.4300, 947.6609, 136.8808
143447.8150, 6394373.5634, 37.3947, 1142.7665, 137.1259
143433.3870, 6394379.9877, 37.4118, 74.7101, 151.2110
143455.1752, 6394389.6079, 40.0237, 920.9628, 157.9702
143447.7674, 6394374.6524, 37.2558, 1089.1285, 158.1837
143454.7008, 6394389.1401, 39.7146, 916.4367, 165.9387
143453.9224, 6394387.1503, 39.2900, 936.8535, 169.1518
143453.2072, 6394385.5101, 38.9382, 953.0341, 172.0124
143440.7216, 6394383.9740, 37.8915, 470.2147, 181.5421
143447.6106, 6394375.0779, 36.7183, 1062.3981, 196.5173
143447.6489, 6394374.5975, 36.6054, 1085.4106, 199.8193
143442.0110, 6394387.0442, 37.9018, 484.9957, 204.3902
143447.7278, 6394378.0731, 36.7633, 952.9437, 217.1321
143436.2278, 6394387.4646, 37.3471, 207.2723, 222.5812
143447.6757, 6394376.0798, 36.4020, 1024.1506, 224.4335
143448.3307, 6394380.1315, 36.7869, 913.6711, 230.1999
143450.6580, 6394406.4966, 37.8187, 547.2462, 285.8157
143452.8408, 6394410.9827, 37.9689, 559.3859, 291.8331
143436.5452, 6394379.4639, 35.1413, 301.2975, 306.1208
143437.2002, 6394381.4595, 35.2486, 317.6226, 307.9456
143437.7990, 6394382.9458, 35.2088, 334.4156, 315.8734
143440.4886, 6394369.9788, 34.4210, 852.9780, 321.2113
143436.2757, 6394387.9776, 35.3611, 209.4137, 321.9985
143436.2757, 6394387.9776, 35.3611, 209.4137, 321.9985
143438.0429, 6394392.4657, 35.6043, 260.1786, 322.7525
143440.1721, 6394370.1506, 34.3703, 818.6336, 326.6642
143440.2188, 6394370.0053, 34.1310, 829.8495, 348.8796
143440.2188, 6394370.0053, 34.1310, 829.8495, 348.8796
143440.2188, 6394370.0053, 34.1310, 829.8495, 348.8796
143440.1478, 6394370.0496, 34.1040, 821.8254, 351.6085
143442.6407, 6394399.9861, 34.8077, 374.9937, 364.0777
143436.1808, 6394387.4686, 34.4415, 209.3295, 365.7369
143436.1808, 6394387.4686, 34.4415, 209.3295, 365.7369
143440.0711, 6394370.0794, 33.9313, 814.1716, 368.1989
143440.0711, 6394370.0794, 33.9313, 814.1716, 368.1989
143440.3883, 6394369.9817, 33.9161, 844.9920, 369.2839
143445.7546, 6394402.4396, 34.5575, 451.3828, 373.5775
143440.3500, 6394371.1055, 33.8813, 788.3290, 374.8877
143442.9411, 6394398.4605, 34.1109, 398.0603, 386.3590
143442.9411, 6394398.4605, 34.1109, 398.0603, 386.3590
143440.6656, 6394371.5950, 33.7105, 790.9687, 390.3136
143448.0198, 6394407.9358, 33.8381, 468.3853, 396.0830
143440.6891, 6394371.6526, 33.6212, 790.2994, 397.9999
143444.4127, 6394399.4400, 33.7210, 437.6683, 399.1897
143444.4127, 6394399.4400, 33.7210, 437.6683, 399.1897
143445.1255, 6394394.0876, 33.3403, 518.0358, 411.6922
143445.1255, 6394394.0876, 33.3403, 518.0358, 411.6922
143445.4940, 6394393.5199, 33.1662, 538.0196, 417.9621
143445.4940, 6394393.5199, 33.1662, 538.0196, 417.9621
143440.8384, 6394372.1454, 33.3339, 780.7271, 421.9552
143440.6402, 6394371.6520, 33.2872, 786.9220, 426.6472
143440.6402, 6394371.6520, 33.2872, 786.9220, 426.6472
143439.5483, 6394378.4887, 33.0743, 509.2101, 436.5540
143437.1370, 6394370.9620, 32.7183, 524.2015, 489.8302
143437.0820, 6394370.9773, 32.6515, 518.7653, 496.4464
143437.0820, 6394370.9773, 32.6515, 518.7653, 496.4464
143437.0820, 6394370.9773, 32.6515, 518.7653, 496.4464
143437.3514, 6394371.0132, 32.5230, 542.4325, 507.5413
143437.3514, 6394371.0132, 32.5230, 542.4325, 507.5413
143439.0313, 6394370.4724, 32.4461, 710.4931, 511.0934
143439.2869, 6394370.4436, 32.3319, 733.4247, 520.9481
143439.0290, 6394370.4701, 32.3012, 710.5554, 524.8394
143456.6642, 6394385.6722, 42.9095, 1063.7690, 18.2552
143449.9596, 6394376.9333, 39.9158, 1097.7817, 31.7531
143436.0700, 6394372.9954, 37.7202, 363.3973, 33.5842
143449.7265, 6394377.1519, 39.8692, 1078.6259, 36.2392
143450.1355, 6394376.8944, 39.8083, 1107.2034, 38.3904
143457.3099, 6394387.5385, 42.8376, 1035.0226, 41.1218
143450.2050, 6394376.8751, 39.6399, 1111.0432, 48.2738
143458.6668, 6394392.9660, 43.8733, 951.9963, 52.3874
143449.2110, 6394375.6528, 39.1461, 1116.3596, 56.4932
143458.3666, 6394393.1254, 43.3508, 940.5557, 70.4229
143457.1759, 6394389.0980, 42.4193, 993.1722, 69.7869
143458.1922, 6394392.4214, 43.0482, 949.9689, 75.2178
143448.8579, 6394375.5468, 38.4856, 1103.9337, 94.3419
143437.1346, 6394376.0271, 37.5421, 390.3823, 108.7382
143456.6840, 6394390.1049, 41.4602, 955.7183, 111.3713
143436.7269, 6394376.4956, 37.5601, 352.0226, 111.9164
143436.5068, 6394376.5483, 37.5040, 335.0147, 115.7558
143436.7184, 6394376.5629, 37.5006, 350.4017, 117.2596
143436.5868, 6394376.5438, 37.4762, 341.0617, 118.1808
143436.5868, 6394376.5438, 37.4762, 341.0617, 118.1808
143454.1843, 6394385.6525, 39.7114, 982.6977, 142.6863
143456.5858, 6394392.4345, 40.8341, 904.3683, 148.0074
143447.6828, 6394374.5545, 37.0370, 1089.1659, 171.2354
143455.9464, 6394393.0589, 39.9176, 874.0344, 181.7888
143447.7138, 6394375.5288, 36.9865, 1048.5210, 183.7047
143440.7125, 6394369.8722, 35.8158, 875.9503, 187.1790
143434.7243, 6394383.4789, 37.3304, 147.9321, 193.2289
143441.7278, 6394383.5144, 37.5880, 527.5173, 196.4565
143447.5054, 6394375.6295, 36.7918, 1033.9397, 196.2417
143441.1326, 6394384.0123, 37.5831, 490.1795, 198.7955
143439.7996, 6394384.5496, 37.5701, 416.2914, 200.1511
143442.4879, 6394386.9947, 37.9465, 506.5836, 202.9492
143442.4879, 6394386.9947, 37.9465, 506.5836, 202.9492
143447.9634, 6394378.1076, 37.0100, 962.6907, 203.8492
143448.5869, 6394379.6431, 37.2114, 939.9785, 205.0752
143447.8280, 6394378.0988, 36.8757, 956.7198, 211.1173
143447.7291, 6394375.4851, 36.5478, 1051.0443, 211.0258
143447.5761, 6394377.5667, 36.7646, 963.4811, 213.1477
143434.4464, 6394382.4812, 36.8309, 137.0309, 214.4900
143443.1400, 6394388.0315, 37.8627, 519.2797, 213.8995
143443.1400, 6394388.0315, 37.8627, 519.2797, 213.8995
143443.1421, 6394388.0508, 37.7110, 519.2101, 220.7556
143443.1421, 6394388.0508, 37.7110, 519.2101, 220.7556
143447.6056, 6394376.6333, 36.4755, 999.1970, 223.7233
143434.8802, 6394383.4775, 36.7655, 158.4313, 226.2961
143440.4706, 6394369.9854, 35.3658, 850.6608, 230.8741
143440.4706, 6394369.9854, 35.3658, 850.6608, 230.8741
143444.4015, 6394392.5521, 37.9695, 507.6683, 233.2916
143448.0602, 6394379.6737, 36.6078, 915.8483, 236.5490
143448.0602, 6394379.6737, 36.6078, 915.8483, 236.5490
143445.0045, 6394393.0169, 37.6549, 523.9470, 248.0612
143440.5376, 6394369.9834, 35.0198, 856.3786, 264.1866
143448.9407, 6394401.9875, 37.7930, 545.9601, 275.0029
143440.8288, 6394369.8318, 34.8929, 887.8615, 275.6999
143450.4639, 6394406.4764, 38.0278, 542.3366, 279.9033
143450.4639, 6394406.4764, 38.0278, 542.3366, 279.9033
143436.5901, 6394379.4496, 35.2166, 304.2787, 301.1927
143440.6065, 6394369.9517, 34.2874, 863.9615, 333.8786
143440.4286, 6394390.4477, 35.2041, 378.3464, 336.0396
143444.0454, 6394400.9652, 35.0778, 411.7172, 356.1602
143440.4395, 6394369.9692, 34.0253, 849.7195, 358.8391
143443.2440, 6394398.0241, 34.3860, 411.8092, 376.6080
143440.0098, 6394370.1163, 33.8445, 807.3794, 376.5900
143444.0782, 6394399.9837, 34.2834, 421.7444, 381.0744
143439.9800, 6394370.1336, 33.7839, 804.1182, 382.4167
143447.6634, 6394391.6029, 34.0181, 639.8289, 384.5667
143443.5060, 6394398.9730, 34.0210, 412.3493, 389.4380
143445.5245, 6394401.4370, 33.7799, 453.9560, 397.2596
143447.0446, 6394405.4290, 33.6763, 463.0272, 400.4902
143441.9864, 6394378.0068, 33.5861, 662.0536, 401.7596
143441.9864, 6394378.0068, 33.5861, 662.0536, 401.7596
143445.4237, 6394401.4345, 33.6042, 451.0550, 402.7957
143457.8820, 6394387.9375, 43.5222, 1042.4226, 20.3532
143436.4751, 6394373.0492, 37.8088, 397.8741, 29.9822
143456.9419, 6394387.1164, 42.4950, 1034.3546, 49.5211
143448.3640, 6394372.6457, 38.3456, 1219.3229, 61.1961
143437.0698, 6394374.4943, 37.7917, 415.6161, 64.0902
143449.3537, 6394376.0534, 38.9537, 1105.9347, 74.2362
143447.4762, 6394371.6437, 37.7611, 1227.3400, 83.3637
143437.9073, 6394377.0377, 37.8287, 425.8326, 105.6413
143438.6442, 6394377.0255, 37.8435, 475.9733, 108.0360
143438.6442, 6394377.0255, 37.8435, 475.9733, 108.0360
143448.6321, 6394375.4703, 38.2290, 1096.2880, 108.4353
143437.9536, 6394377.5622, 37.8115, 419.1797, 114.0312
143437.9536, 6394377.5622, 37.8115, 419.1797, 114.0312
143437.1051, 6394376.5411, 37.5509, 378.8793, 115.1243
143437.1051, 6394376.5411, 37.5509, 378.8793, 115.1243
143436.7938, 6394376.5618, 37.5092, 355.9386, 116.9760
143436.7938, 6394376.5618, 37.5092, 355.9386, 116.9760
143448.2515, 6394376.1308, 37.7707, 1050.2428, 142.5619
143449.8182, 6394380.6485, 37.9819, 960.9544, 175.0537
143452.0682, 6394385.6135, 38.0179, 910.7300, 209.5339
143447.9261, 6394378.5721, 36.8138, 945.2198, 218.1017
143448.0645, 6394379.1028, 36.8107, 934.0893, 222.0510
143448.0645, 6394379.1028, 36.8107, 934.0893, 222.0510
143440.7883, 6394369.8681, 34.6302, 882.7898, 300.9721
143436.5153, 6394387.9836, 35.6744, 220.8091, 307.0099
143440.6097, 6394369.9469, 34.5508, 864.3353, 308.7916
143440.5447, 6394369.9698, 34.3268, 858.0253, 330.1814
143439.6188, 6394388.4756, 35.1071, 363.7186, 336.1548
143439.6188, 6394388.4756, 35.1071, 363.7186, 336.1548
143440.2133, 6394370.5981, 34.1845, 800.5709, 346.0084
143444.4250, 6394408.9836, 35.2370, 364.2123, 359.0817
143443.3083, 6394399.9970, 34.6071, 396.7334, 370.6284
143437.2416, 6394378.9597, 34.0332, 355.3452, 377.1154
143443.1255, 6394400.0467, 34.4259, 390.5678, 376.6643
143443.1255, 6394400.0467, 34.4259, 390.5678, 376.6643
143445.0637, 6394400.9467, 34.4174, 443.9032, 377.1051
143440.2570, 6394369.9874, 33.8255, 834.0647, 377.9922
143444.6790, 6394400.4879, 34.1838, 436.2703, 384.4072
143440.1599, 6394370.1581, 33.6687, 817.7416, 393.2099
143445.3224, 6394394.0350, 33.6639, 525.2874, 399.6950
143442.7860, 6394397.9866, 33.3856, 397.5463, 411.1770
143444.3470, 6394399.4442, 33.1331, 435.9685, 418.5494
143444.2096, 6394390.9507, 33.1715, 524.7992, 419.3207
143444.1206, 6394395.4908, 32.9500, 467.5559, 426.1934
143441.7134, 6394381.4974, 32.7735, 568.7093, 447.2539
143437.1806, 6394371.4815, 32.6910, 511.8286, 489.7024
143437.1201, 6394371.4874, 32.6023, 506.4015, 498.2286
143438.1097, 6394370.9802, 32.4362, 611.0566, 512.7806
143437.5792, 6394371.0060, 32.3177, 563.5221, 526.2120
143438.9443, 6394370.4863, 32.2732, 702.6978, 527.7699
143439.2206, 6394370.4540, 32.2464, 727.4933, 529.2369
143439.3979, 6394370.4018, 32.2023, 744.6891, 532.9272
143457.9339, 6394389.0356, 43.7051, 1017.2186, 23.6660
143436.2164, 6394373.0435, 37.7900, 375.2670, 29.4452
143457.2280, 6394387.1349, 42.8701, 1042.7638, 35.9177
143455.2256, 6394383.5873, 41.6323, 1075.3558, 46.1257
143436.0788, 6394373.4717, 37.6777, 354.5929, 47.4326
143458.4606, 6394393.1107, 43.6227, 943.4246, 61.3754
143455.4324, 6394385.1004, 41.3854, 1039.1688, 71.7258
143436.7976, 6394374.5592, 37.6528, 392.8394, 74.9113
143448.2064, 6394372.6225, 38.1546, 1212.1974, 73.5137
143449.2578, 6394376.5000, 38.8012, 1083.0039, 88.4688
143448.9953, 6394376.5542, 38.5581, 1068.5731, 102.4772
143448.2166, 6394373.6561, 37.9353, 1159.1787, 103.2227
143454.0957, 6394383.6466, 40.1847, 1034.3761, 106.6854
143437.9552, 6394377.5619, 37.8110, 419.2939, 114.0717
143437.9552, 6394377.5619, 37.8110, 419.2939, 114.0717
143438.2706, 6394378.4352, 37.8363, 424.1886, 124.5843
143438.6405, 6394378.5191, 37.8930, 446.1512, 123.3952
143448.0330, 6394374.6764, 37.6042, 1101.5634, 136.7150
143448.0330, 6394374.6764, 37.6042, 1101.5634, 136.7150
143454.0361, 6394385.6495, 39.5226, 977.7739, 150.2037
143440.7322, 6394383.5328, 37.9143, 477.6341, 177.0267
143440.7322, 6394383.5328, 37.9143, 477.6341, 177.0267
143440.7322, 6394383.5328, 37.9143, 477.6341, 177.0267
143432.9226, 6394378.4971, 36.7575, 45.2796, 179.6845
143447.5603, 6394375.6169, 36.8189, 1037.2032, 194.5804
143442.2942, 6394387.0361, 37.9169, 497.5420, 204.1939
143447.6011, 6394375.1052, 36.6011, 1060.7264, 204.2472
143435.2489, 6394384.4883, 36.6312, 174.3492, 240.8977
143450.8699, 6394406.4659, 38.0106, 552.8870, 280.5849
143450.8699, 6394406.4659, 38.0106, 552.8870, 280.5849
143437.2545, 6394390.4926, 35.7179, 238.8951, 312.6612
143440.5032, 6394369.9577, 34.5234, 855.1921, 311.3488
143436.5324, 6394388.4705, 35.5234, 218.6345, 315.6768
143437.0798, 6394389.9732, 35.4779, 234.7058, 321.9769
143437.0798, 6394389.9732, 35.4779, 234.7058, 321.9769
143438.9265, 6394394.9949, 35.6745, 278.7162, 325.6419
143438.5433, 6394385.4697, 35.0990, 345.0235, 329.3306
143440.3479, 6394370.6367, 34.3852, 809.3167, 327.7283
143433.2954, 6394379.4919, 34.7290, 76.3319, 331.7401
143433.2954, 6394379.4919, 34.7290, 76.3319, 331.7401
143440.0985, 6394397.9660, 35.5805, 302.3380, 334.8610
143443.6377, 6394406.9519, 35.6317, 355.0568, 345.9626
143443.6377, 6394406.9519, 35.6317, 355.0568, 345.9626
143438.8262, 6394394.4555, 35.0694, 279.1430, 348.2091
143438.8262, 6394394.4555, 35.0694, 279.1430, 348.2091
