143440.3466, 6394371.1087, 33.9910, 786.9780, 360.9254
143440.3466, 6394371.1087, 33.9910, 786.9780, 360.9254
143436.7405, 6394374.0387, 37.8059, 385.4175, 35.4926
143435.4614, 6394378.5549, 37.7823, 214.0672, 103.2731
143448.5965, 6394375.5148, 38.1784, 1095.1654, 103.9037
143435.4906, 6394379.0491, 37.8173, 211.0992, 107.4673
143447.2128, 6394394.9883, 32.8830, 566.4003, 422.5516
143456.8903, 6394387.0309, 42.3244, 1031.4363, 48.4473
143435.9177, 6394379.0364, 37.8369, 241.7033, 108.1139
143457.4800, 6394388.4668, 42.9251, 1013.3187, 39.5525
143440.9857, 6394373.4536, 37.6468, 734.3127, 70.0158
143442.1194, 6394384.0378, 32.8171, 530.6498, 437.8426
143437.3601, 6394371.9784, 32.6677, 502.0694, 487.8218
143437.3119, 6394371.5426, 32.6934, 511.4368, 487.8197
143441.0860, 6394373.4722, 37.6591, 740.7099, 70.0118
143449.8363, 6394377.0496, 39.3344, 1089.0015, 57.9126
143447.6027, 6394406.9212, 34.6409, 452.5454, 368.5611
143455.0630, 6394387.0536, 40.4196, 972.0972, 119.4929
143448.2615, 6394375.0770, 37.8113, 1098.0214, 120.9426
143439.2284, 6394370.9657, 32.2382, 702.5412, 527.3459
143438.2893, 6394371.4478, 32.2146, 602.6443, 530.1542
143432.9785, 6394378.5302, 37.3470, 22.6739, 122.0657
143458.1681, 6394393.5505, 43.1968, 920.8660, 71.5102
143439.9927, 6394373.9743, 37.6422, 644.0078, 72.4270
143458.1915, 6394392.4116, 43.0817, 944.7000, 67.4158
143440.2726, 6394373.5155, 37.5219, 680.5526, 76.5089
143440.3154, 6394373.4946, 37.5198, 684.4483, 76.6221
143439.1592, 6394374.0331, 37.4873, 580.2888, 80.5564
143449.0264, 6394375.0245, 38.6792, 1138.8043, 67.6645
143439.2155, 6394374.0355, 37.4928, 584.4667, 80.5153
143438.9154, 6394374.5035, 37.5409, 547.8738, 82.2694
143438.8444, 6394374.5078, 37.5335, 542.4171, 82.4810
143448.3749, 6394408.9281, 34.6376, 456.5588, 369.7430
143436.4102, 6394376.0604, 37.5510, 320.0036, 90.2472
143457.0744, 6394392.5183, 41.3748, 910.6454, 124.7001
143448.6838, 6394376.5719, 38.0185, 1054.3013, 126.1014
143433.1901, 6394379.0225, 37.3894, 38.5230, 126.3786
143456.7194, 6394391.9759, 40.9150, 911.4399, 136.8199
143440.1444, 6394381.5327, 37.8472, 468.9397, 152.4370
143463.8178, 6394403.6761, 45.7567, 885.8101, 71.4034
143449.3901, 6394411.4335, 34.5753, 462.4234, 372.5827
143453.9544, 6394385.1527, 39.7337, 984.2614, 131.2927
143447.8277, 6394373.4683, 37.3290, 1153.1669, 132.8992
143456.1859, 6394393.0331, 40.0618, 874.8353, 171.3944
143448.1735, 6394376.1227, 37.7189, 1048.0796, 137.8591
143448.0273, 6394375.6531, 37.6156, 1060.7238, 138.9070
143440.0626, 6394381.5429, 37.8606, 464.1977, 151.4551
143456.1859, 6394393.0331, 40.0618, 874.8353, 171.3944
143441.4299, 6394373.4835, 36.4038, 764.8997, 173.6829
143447.8575, 6394375.0656, 37.2703, 1077.8676, 154.5180
143441.5344, 6394373.4425, 36.4069, 773.7473, 173.4186
143449.3901, 6394411.4335, 34.5753, 462.4234, 372.5827
143440.3144, 6394371.1278, 33.8652, 783.5719, 372.5528
143440.3144, 6394371.1278, 33.8652, 783.5719, 372.5528
143441.5344, 6394373.4425, 36.4069, 773.7473, 173.4186
143441.6394, 6394373.4135, 36.4086, 782.1460, 173.4062
143447.8575, 6394375.0656, 37.2703, 1077.8676, 154.5180
143463.8178, 6394403.6761, 45.7567, 885.8101, 71.4034
143442.9239, 6394378.0450, 37.1166, 704.8177, 174.9474
143433.8863, 6394380.9893, 37.3278, 84.0856, 156.3176
143445.7811, 6394396.5367, 34.2908, 499.1093, 373.3782
143443.9011, 6394382.5193, 37.7620, 642.8235, 177.2287
143453.4230, 6394385.3333, 39.0087, 960.9098, 162.3784
143447.9157, 6394375.5239, 37.1684, 1060.5212, 165.8506
143444.0412, 6394382.4539, 37.7625, 650.9694, 177.1110
143458.1559, 6394393.1160, 43.1061, 929.2314, 71.5163
143447.7523, 6394375.6627, 37.1645, 1046.3611, 166.8257
143445.7811, 6394396.5367, 34.2908, 499.1093, 373.3782
143440.3361, 6394370.5539, 33.7610, 812.9886, 381.4657
143447.7523, 6394375.6627, 37.1645, 1046.3611, 166.8257
143443.8360, 6394382.5498, 37.7573, 639.0399, 177.5227
143445.9280, 6394387.1114, 33.7940, 641.3064, 387.9423
143443.8360, 6394382.5498, 37.7573, 639.0399, 177.5227
143445.9280, 6394387.1114, 33.7940, 641.3064, 387.9423
143454.0297, 6394387.5227, 39.2243, 926.5930, 168.3338
143458.1559, 6394393.1160, 43.1061, 929.2314, 71.5163
143440.7797, 6394373.4533, 37.5918, 719.6191, 73.1195
143440.7797, 6394373.4533, 37.5918, 719.6191, 73.1195
143439.4608, 6394373.9829, 37.5861, 604.4607, 73.5703
143439.5888, 6394373.9962, 37.6014, 613.5685, 73.4064
143447.6903, 6394375.0978, 37.0057, 1067.7848, 171.5662
143440.4641, 6394373.4563, 37.5604, 696.6905, 73.6129
143440.4641, 6394373.4563, 37.5604, 696.6905, 73.6129
143443.0668, 6394382.9848, 37.7409, 592.8202, 179.4744
143446.0304, 6394387.0651, 33.7958, 646.2663, 387.8151
143440.0167, 6394373.9706, 37.6107, 645.9078, 75.0949
143440.0167, 6394373.9706, 37.6107, 645.9078, 75.0949
143438.7360, 6394374.0611, 37.5136, 547.0786, 75.9802
143439.5023, 6394373.9968, 37.5608, 607.1443, 76.1694
143449.7950, 6394380.6372, 37.8999, 957.8267, 172.5896
143439.5480, 6394373.9841, 37.5590, 610.9575, 76.4156
143439.5480, 6394373.9841, 37.5590, 610.9575, 76.4156
143439.2405, 6394373.9913, 37.5223, 587.6967, 77.4984
143443.0668, 6394382.9848, 37.7409, 592.8202, 179.4744
143439.2405, 6394373.9913, 37.5223, 587.6967, 77.4984
143439.1711, 6394374.0210, 37.5196, 581.5269, 77.7559
143437.7984, 6394374.5284, 37.5007, 461.2193, 78.5858
143441.7480, 6394383.4796, 37.7717, 518.5727, 177.8152
143445.3471, 6394395.0086, 33.8337, 502.5001, 389.1082
143439.8489, 6394374.0095, 37.5577, 632.3754, 78.9515
143441.4462, 6394383.5141, 37.6015, 503.0165, 186.3121
143437.9531, 6394374.5376, 37.4922, 473.1763, 80.4866
143438.4581, 6394374.5114, 37.5194, 512.9815, 81.1562
143439.1326, 6394374.0444, 37.4854, 577.9287, 80.7237
143438.2218, 6394374.5465, 37.4887, 493.8846, 82.7057
143438.5264, 6394374.5491, 37.4895, 517.2213, 84.6793
143441.8863, 6394383.4783, 37.7576, 525.4786, 178.9436
143436.8216, 6394376.0213, 37.5508, 352.7914, 92.1914
143437.7450, 6394377.0582, 37.8029, 401.4856, 93.6398
143435.0512, 6394384.4817, 37.3935, 142.0448, 187.1893
143436.6184, 6394376.0823, 37.4793, 336.0569, 97.5410
143445.3313, 6394394.5530, 33.7704, 507.4834, 391.3125
143448.0105, 6394377.6485, 37.2759, 980.2181, 178.3675
143436.5243, 6394378.0426, 37.8391, 297.6136, 97.9479
143439.8219, 6394384.5001, 37.6375, 405.1421, 187.1115
143436.5243, 6394378.0426, 37.8391, 297.6136, 97.9479
143436.0418, 6394378.0390, 37.7961, 262.6587, 98.3766
143447.6519, 6394375.5249, 36.9139, 1047.0940, 181.3291
143439.7460, 6394387.5266, 37.9135, 362.8522, 193.2476
143436.5177, 6394376.5271, 37.5411, 320.6729, 98.7157
143436.2736, 6394378.5289, 37.8267, 273.1238, 104.0530
143447.6519, 6394375.5249, 36.9139, 1047.0940, 181.3291
143445.3313, 6394394.5530, 33.7704, 507.4834, 391.3125
143436.4504, 6394373.0730, 37.7458, 381.8477, 17.9205
143435.2163, 6394384.9778, 37.3493, 149.0189, 193.8608
143441.2967, 6394383.5293, 37.6572, 495.1927, 183.0368
143439.9539, 6394384.0296, 37.6463, 418.6627, 183.5946
143455.7639, 6394385.0939, 41.8292, 1047.5815, 47.0731
143457.3493, 6394392.0543, 41.8965, 928.0911, 104.1419
143439.3166, 6394388.0319, 37.9217, 337.0247, 195.0139
143433.1958, 6394379.0082, 36.6002, 41.0415, 184.5297
143445.9325, 6394393.4721, 33.7264, 542.2816, 392.5191
143439.8928, 6394384.5186, 37.6124, 408.5393, 188.7580
143439.3166, 6394388.0319, 37.9217, 337.0247, 195.0139
143456.7682, 6394387.1458, 42.2746, 1024.6078, 51.0107
143445.4725, 6394394.5040, 33.7106, 513.0325, 393.4612
143440.7286, 6394371.6328, 33.5815, 792.8161, 398.3539
143440.4307, 6394370.6005, 33.5695, 818.4057, 399.5836
143440.6743, 6394371.6462, 33.4424, 788.1147, 410.6903
143440.6743, 6394371.6462, 33.4424, 788.1147, 410.6903
143440.0465, 6394373.0797, 33.3699, 682.5553, 416.7279
143457.4029, 6394392.0358, 41.8132, 930.0113, 107.0979
143448.2730, 6394373.6090, 37.9195, 1169.7136, 95.5871
143440.0465, 6394373.0797, 33.3699, 682.5553, 416.7279
143439.8928, 6394384.5186, 37.6124, 408.5393, 188.7580
143436.7790, 6394376.0516, 37.4493, 349.1231, 100.4092
143435.3111, 6394379.5416, 37.8571, 193.4880, 110.0796
143436.7790, 6394376.0516, 37.4493, 349.1231, 100.4092
143447.5723, 6394374.6342, 36.6697, 1082.5609, 189.1624
143435.3111, 6394379.5416, 37.8571, 193.4880, 110.0796
143448.2636, 6394375.1569, 37.9318, 1094.5748, 114.0257
143444.0820, 6394396.4885, 32.9813, 442.9513, 420.2563
143438.7395, 6394388.5301, 37.9050, 304.8032, 197.5517
143440.7157, 6394371.6129, 33.3292, 792.8201, 420.6582
143439.4623, 6394371.0140, 33.2605, 719.4300, 429.8158
143440.6489, 6394371.6603, 33.1889, 785.6308, 433.0762
143447.6614, 6394376.5800, 36.9206, 1004.0690, 189.9592
143440.8933, 6394370.3879, 35.6720, 866.3325, 198.7448
143440.6489, 6394371.6603, 33.1889, 785.6308, 433.0762
143439.5738, 6394370.9523, 33.1828, 731.5215, 437.0523
143439.5738, 6394370.9523, 33.1828, 731.5215, 437.0523
143439.6618, 6394370.9462, 33.1536, 739.1370, 439.6370
143439.6618, 6394370.9462, 33.1536, 739.1370, 439.6370
143441.0446, 6394372.6433, 33.0084, 772.8034, 445.7046
143437.7727, 6394371.5100, 32.6433, 554.3107, 491.1854
143438.4719, 6394371.4705, 32.6128, 617.1836, 491.8175
143438.8672, 6394371.0266, 32.6198, 668.8271, 492.1758
143438.9542, 6394371.0183, 32.5507, 676.7152, 498.4917
143438.9160, 6394371.0041, 32.5216, 674.0507, 501.4897
143438.9160, 6394371.0041, 32.5216, 674.0507, 501.4897
143438.9160, 6394371.0041, 32.5216, 674.0507, 501.4897
143438.6492, 6394371.0188, 32.5199, 650.3415, 502.5867
143439.1889, 6394370.9745, 32.4900, 698.6411, 503.6280
143439.1889, 6394370.9745, 32.4900, 698.6411, 503.6280
143438.9537, 6394371.0084, 32.4243, 677.1888, 510.5833
143439.1615, 6394370.9808, 32.4022, 696.1078, 512.0101
143439.1615, 6394370.9808, 32.4022, 696.1078, 512.0101
143438.3280, 6394371.4776, 32.3268, 604.7777, 519.2075
143438.3280, 6394371.4776, 32.3268, 604.7777, 519.2075
143438.3259, 6394371.4746, 32.2890, 604.7496, 522.7903
143438.2399, 6394371.4407, 32.1966, 598.6146, 532.1337
143453.8280, 6394384.6253, 39.8190, 994.3082, 123.2750
143455.9661, 6394388.4777, 40.9809, 966.1733, 109.9006
143452.3163, 6394386.1070, 38.0790, 902.3925, 204.3260
143438.7395, 6394388.5301, 37.9050, 304.8032, 197.5517
143448.5326, 6394376.6570, 37.9105, 1043.5848, 132.9636
143452.3163, 6394386.1070, 38.0790, 902.3925, 204.3260
143447.7313, 6394375.0227, 36.4936, 1072.9663, 204.6434
143453.2266, 6394385.4609, 39.1140, 950.7360, 158.1805
143457.3764, 6394392.4869, 41.8007, 919.9427, 110.3662
143437.4276, 6394390.0244, 37.9507, 230.5047, 201.4105
143447.5529, 6394375.1754, 36.4983, 1057.0820, 205.0396
143448.5212, 6394378.1743, 37.6908, 984.9980, 160.2836
143441.3363, 6394384.0292, 37.6049, 488.7771, 189.5006
143457.3094, 6394392.0284, 41.7034, 927.4702, 110.6828
143447.6227, 6394374.5952, 36.6388, 1086.9541, 191.0535
143435.7000, 6394385.9712, 37.3424, 170.5604, 202.4378
143448.6957, 6394376.1588, 38.1831, 1072.1123, 111.5129
143447.6227, 6394374.5952, 36.6388, 1086.9541, 191.0535
143436.4727, 6394387.9939, 37.5320, 198.3169, 207.3446
143434.9756, 6394379.5468, 37.7985, 169.5578, 112.5527
143447.6767, 6394377.6029, 36.8657, 965.8788, 201.3389
143434.7929, 6394379.5484, 37.7631, 156.4131, 114.1381
143434.5238, 6394380.5314, 37.8720, 130.2504, 117.4278
143434.3515, 6394380.5445, 37.8339, 118.0857, 119.3419
143437.0575, 6394389.4651, 37.7768, 217.0244, 205.4887
143436.4727, 6394387.9939, 37.5320, 198.3169, 207.3446
143440.8588, 6394370.4149, 35.5192, 862.1409, 213.5780
143434.3515, 6394380.5445, 37.8339, 118.0857, 119.3419
143447.6681, 6394377.0882, 36.5982, 984.5977, 213.5922
143437.0575, 6394389.4651, 37.7768, 217.0244, 205.4887
143456.9685, 6394392.1077, 41.3446, 915.9753, 123.0016
143447.5641, 6394377.5782, 36.7543, 961.3461, 207.4739
143447.5641, 6394377.5782, 36.7543, 961.3461, 207.4739
143456.9685, 6394392.1077, 41.3446, 915.9753, 123.0016
143448.2234, 6394375.1207, 37.7705, 1094.1069, 123.9289
143436.3650, 6394387.9758, 37.4583, 193.0344, 210.6619
143457.0090, 6394392.0240, 41.2896, 918.8706, 124.5277
143447.6097, 6394377.5965, 36.3939, 962.7978, 229.1382
143451.2386, 6394384.5398, 36.5971, 902.9317, 260.0771
143433.1968, 6394379.4951, 35.4955, 42.6529, 268.6528
143444.7686, 6394382.4564, 36.6550, 685.7258, 237.3360
143453.8287, 6394384.5652, 39.7222, 995.9816, 127.0718
143455.3663, 6394388.6228, 40.4051, 943.8674, 131.6417
143440.8000, 6394370.4601, 35.3973, 855.0496, 225.5222
143440.7477, 6394370.4770, 35.3820, 849.9616, 226.9745
143446.9068, 6394392.5329, 37.6741, 587.6687, 241.1059
143448.0820, 6394379.6773, 36.4801, 913.7611, 237.7426
143450.9388, 6394406.0432, 38.0381, 547.5796, 273.0821
143435.9504, 6394377.9754, 35.1240, 261.7563, 291.7391
143456.6866, 6394391.9480, 40.8282, 911.0554, 139.6617
143436.4477, 6394387.9900, 35.7311, 199.5988, 296.4538
143440.7165, 6394370.4596, 34.6179, 848.4501, 299.7455
143448.1403, 6394376.0682, 37.6366, 1048.6929, 142.3264
143435.4411, 6394385.4733, 35.3172, 162.3672, 308.8475
143436.4962, 6394380.0063, 34.9886, 274.9746, 310.5250
143446.9068, 6394392.5329, 37.6741, 587.6687, 241.1059
143447.9446, 6394375.1452, 37.4751, 1078.8192, 142.2833
143438.8074, 6394394.4583, 35.6375, 261.9278, 319.1057
143440.3729, 6394370.6259, 34.3651, 812.2440, 324.2289
143449.3393, 6394379.1465, 38.2017, 987.6132, 142.8890
143447.9630, 6394375.1407, 37.4232, 1079.9235, 145.6992
143438.7984, 6394394.4625, 35.0268, 262.1618, 343.4635
143446.8363, 6394392.5494, 37.6665, 584.9437, 241.3669
143437.0501, 6394371.9954, 35.2036, 469.4812, 246.3749
143454.3443, 6394387.0449, 39.6527, 948.6213, 148.7298
143438.7984, 6394394.4625, 35.0268, 262.1618, 343.4635
143440.2765, 6394370.5592, 34.0089, 807.7824, 357.8669
143435.1628, 6394376.4726, 34.0324, 221.8255, 368.2128
143435.0604, 6394372.9956, 33.8800, 261.7147, 375.7707
143443.5705, 6394398.4870, 37.8557, 402.8206, 251.6105
143456.3011, 6394392.4888, 40.2996, 888.8703, 160.5054
143443.5705, 6394398.4870, 37.8557, 402.8206, 251.6105
143443.4256, 6394398.9679, 34.1840, 396.1759, 378.7277
143435.8116, 6394375.5015, 33.8490, 288.1276, 381.3590
143456.1325, 6394392.0683, 40.1880, 892.3748, 161.8653
143447.1776, 6394395.5359, 37.9703, 555.6924, 241.6827
143448.0143, 6394375.9894, 37.3115, 1045.6497, 161.5194
143445.2069, 6394394.0749, 33.4191, 509.1963, 404.3336
143440.4563, 6394370.5846, 33.5160, 821.2857, 404.6103
143440.3458, 6394370.6599, 33.3962, 808.6270, 416.0189
143447.8674, 6394375.5621, 37.1837, 1056.4592, 165.0573
143439.1206, 6394394.9588, 37.2970, 269.3002, 254.9196
143439.7083, 6394378.4539, 33.0688, 508.5316, 433.2602
143448.4421, 6394378.1505, 37.5809, 982.1812, 166.1545
143447.1776, 6394395.5359, 37.9703, 555.6924, 241.6827
143436.9642, 6394371.9994, 35.2267, 461.4189, 243.9035
143448.5750, 6394380.6050, 36.4702, 906.6071, 244.2187
143456.0509, 6394393.1223, 40.0629, 869.2042, 171.5444
143456.1026, 6394393.0885, 40.0615, 871.3546, 171.5237
143441.5189, 6394399.5012, 37.7213, 324.6323, 257.3104
143456.1026, 6394393.0885, 40.0615, 871.3546, 171.5237
143434.4779, 6394382.9894, 37.3920, 114.5738, 173.2865
143441.5189, 6394399.5012, 37.7213, 324.6323, 257.3104
143434.6858, 6394383.4771, 37.4355, 125.1526, 175.5292
143435.0609, 6394375.4615, 35.3468, 222.6965, 257.1159
143440.5265, 6394370.5290, 34.9348, 829.4617, 269.5541
143434.7501, 6394383.4739, 37.3516, 129.3341, 180.7070
143439.7211, 6394396.9709, 37.3682, 278.4205, 259.8918
143434.7548, 6394383.4738, 37.3495, 129.6356, 180.8464
143434.9301, 6394383.9710, 37.4151, 137.5799, 181.5687
143448.9394, 6394401.9881, 37.7923, 534.7205, 268.9780
143434.9351, 6394383.9787, 37.3577, 137.9447, 184.9953
143439.8021, 6394384.0767, 37.6123, 410.1432, 185.3470
143448.3234, 6394378.6299, 37.2938, 959.7013, 186.0836
143451.0288, 6394406.0136, 37.9859, 550.2369, 274.5436
143435.2128, 6394384.9819, 37.4604, 148.5983, 187.6670
143450.6702, 6394406.4662, 38.1063, 536.4116, 271.9402
143447.6056, 6394376.6255, 36.9113, 999.5218, 190.7323
143447.6056, 6394376.6255, 36.9113, 999.5218, 190.7323
143440.0452, 6394384.5300, 37.5661, 416.1975, 191.6789
143450.8475, 6394406.4753, 37.9998, 540.9689, 275.0554
143450.6702, 6394406.4662, 38.1063, 536.4116, 271.9402
143435.5077, 6394385.4658, 37.4122, 162.7742, 194.6719
143435.4388, 6394385.4780, 37.3823, 158.8318, 196.2185
143454.2688, 6394409.9220, 38.0315, 591.6378, 283.4741
143440.8821, 6394370.4093, 34.7916, 864.3575, 283.1771
143438.8508, 6394388.5350, 37.9110, 309.9975, 197.5501
143438.8508, 6394388.5350, 37.9110, 309.9975, 197.5501
143447.5617, 6394375.6090, 36.6546, 1038.8263, 198.4566
143447.5617, 6394375.6090, 36.6546, 1038.8263, 198.4566
143435.6625, 6394385.9735, 37.3592, 168.4370, 201.4569
143452.3632, 6394410.9600, 37.9978, 536.9293, 285.1908
143437.9956, 6394389.9901, 37.9684, 257.2549, 201.6054
143437.2389, 6394389.9684, 37.9283, 222.0239, 201.7173
143440.8850, 6394370.3994, 35.6353, 865.0571, 202.3755
143440.8205, 6394370.4535, 34.6869, 857.1090, 293.3199
143440.5892, 6394370.4932, 34.6694, 836.4281, 294.8076
143440.5892, 6394370.4932, 34.6694, 836.4281, 294.8076
143437.7238, 6394390.0016, 37.9288, 244.5704, 202.9163
143453.2846, 6394410.4734, 37.8708, 563.2514, 288.0491
143437.7238, 6394390.0016, 37.9288, 244.5704, 202.9163
143440.9166, 6394370.3790, 35.6282, 868.6793, 202.9511
143447.7399, 6394375.4740, 36.5581, 1053.5637, 204.1031
143456.3434, 6394385.5974, 42.5487, 1052.6915, 23.8502
143436.7361, 6394374.0423, 37.7958, 384.9851, 36.4186
143436.7361, 6394374.0423, 37.7958, 384.9851, 36.4186
143443.0237, 6394388.5086, 37.6704, 496.5924, 217.0375
143449.7129, 6394377.1497, 39.3626, 1079.3412, 56.8823
143438.3894, 6394377.0165, 37.8567, 447.5697, 92.7348
143452.2559, 6394386.5954, 37.8400, 888.4355, 216.8203
143440.7837, 6394370.4654, 35.4378, 853.4561, 221.6400
143448.7628, 6394376.0851, 38.2463, 1078.4946, 107.0465
143436.5556, 6394379.4616, 35.1515, 285.3748, 297.6048
143448.1038, 6394374.0130, 37.6008, 1140.3236, 121.8188
143447.8860, 6394378.5815, 36.6358, 941.0635, 222.0345
143448.3359, 6394376.0452, 37.8412, 1059.3213, 130.0501
143447.8860, 6394378.5815, 36.6358, 941.0635, 222.0345
143448.5932, 6394380.6554, 36.8455, 905.8829, 224.8088
143444.0320, 6394407.4398, 37.0965, 348.1419, 298.3912
143440.3509, 6394370.6364, 34.5482, 809.8787, 306.8254
143440.3509, 6394370.6364, 34.5482, 809.8787, 306.8254
143440.8926, 6394370.4060, 34.5204, 865.3840, 309.0001
143455.4572, 6394389.5863, 40.3036, 924.7117, 141.8943
143451.5987, 6394385.6129, 37.4045, 888.9633, 229.6142
143440.7139, 6394370.4726, 35.3433, 847.4630, 230.5122
143436.9249, 6394389.4747, 35.5397, 213.4857, 310.4545
143445.2415, 6394410.9505, 37.4089, 358.4714, 296.7278
143454.5044, 6394387.5487, 39.7966, 941.6171, 146.5426
143447.7788, 6394374.5967, 37.1216, 1095.2211, 159.3030
143441.1141, 6394383.9785, 37.8574, 478.3151, 175.2038
143437.3875, 6394390.4765, 37.3225, 226.2383, 232.5289
143447.5094, 6394374.6538, 36.8634, 1078.4998, 176.1510
143440.5441, 6394371.1225, 34.3921, 801.8618, 324.1514
143440.5441, 6394371.1225, 34.3921, 801.8618, 324.1514
143433.2792, 6394379.4840, 36.5450, 46.4107, 193.4737
143452.1719, 6394385.5339, 38.0693, 911.5453, 201.3865
143433.2103, 6394378.9826, 35.9024, 44.0413, 235.6886
143438.6336, 6394393.9646, 37.4319, 256.3907, 245.0765
143437.2731, 6394371.9859, 35.2197, 490.1045, 245.4548
143437.2731, 6394371.9859, 35.2197, 490.1045, 245.4548
143438.5987, 6394393.9711, 37.3572, 254.9841, 248.0974
143438.9809, 6394394.9856, 37.3632, 263.4710, 252.2301
143434.1404, 6394373.4896, 35.2398, 161.2180, 247.5418
143434.1404, 6394373.4896, 35.2398, 161.2180, 247.5418
143440.7615, 6394370.4710, 35.0588, 851.4266, 257.8636
143434.4685, 6394373.4812, 35.0808, 194.0844, 263.5596
143434.2943, 6394373.5070, 35.0437, 176.8021, 266.8248
143440.8563, 6394370.4323, 34.8706, 861.0743, 275.7510
143440.8563, 6394370.4323, 34.8706, 861.0743, 275.7510
143434.1262, 6394373.5200, 34.9074, 160.4430, 279.4734
143434.6619, 6394375.0196, 34.8991, 194.2573, 291.2331
143433.1615, 6394379.4962, 34.7797, 41.7244, 319.7542
143433.1615, 6394379.4962, 34.7797, 41.7244, 319.7542
143436.3117, 6394387.9749, 35.2234, 193.4859, 321.3635
143445.8564, 6394403.4733, 35.4922, 432.0248, 340.5455
143440.2751, 6394370.5655, 34.1493, 807.3176, 344.4754
143436.3117, 6394387.9749, 35.2234, 193.4859, 321.3635
143434.6650, 6394383.4879, 34.5984, 129.0747, 343.6554
143439.5244, 6394396.4662, 37.3750, 274.4431, 257.7094
143435.3519, 6394385.4866, 34.5808, 158.4455, 348.7697
143453.2265, 6394405.5772, 35.3857, 611.9988, 347.0271
143440.5100, 6394398.9660, 37.5732, 293.3101, 259.7522
143440.8556, 6394370.4324, 35.0298, 860.9982, 260.5720
143440.8556, 6394370.4324, 35.0298, 860.9982, 260.5720
143443.8151, 6394407.4537, 34.9377, 343.2537, 360.5262
143447.9238, 6394392.0687, 34.7666, 631.4788, 351.9967
143439.5646, 6394396.4572, 37.2478, 276.1601, 262.5436
143440.8804, 6394370.4119, 34.9966, 864.0676, 263.6335
143447.9238, 6394392.0687, 34.7666, 631.4788, 351.9967
143447.4629, 6394406.4398, 34.1147, 453.0404, 383.2153
143448.9394, 6394401.5259, 37.7555, 539.6938, 268.9231
143453.2328, 6394405.5691, 34.8746, 612.4036, 361.1034
143440.3908, 6394370.4907, 33.9737, 820.5692, 361.0662
143454.9947, 6394410.1039, 34.7787, 607.7098, 366.4573
143447.4629, 6394406.4398, 34.1147, 453.0404, 383.2153
143440.6064, 6394370.5018, 33.6547, 837.5539, 391.3327
143449.0301, 6394395.0873, 34.4261, 623.5984, 367.3876
143444.9721, 6394395.5710, 33.7039, 483.0883, 394.0566
143449.0301, 6394395.0873, 34.4261, 623.5984, 367.3876
143444.9721, 6394395.5710, 33.7039, 483.0883, 394.0566
143440.1565, 6394381.0254, 33.1258, 483.4573, 426.3778
143439.3476, 6394370.9713, 32.5408, 712.1421, 498.2328
143439.3476, 6394370.9713, 32.5408, 712.1421, 498.2328
143439.4092, 6394370.9542, 32.3362, 718.2047, 517.3965
143451.1376, 6394405.9839, 38.1113, 553.3160, 271.0409
143440.7458, 6394370.4532, 34.3481, 851.1710, 325.4356
143447.6648, 6394391.5996, 34.2979, 629.9785, 369.5037
143445.8000, 6394397.0020, 34.3649, 494.4337, 371.0882
143450.4538, 6394406.4764, 38.1211, 530.6661, 271.3938
143447.8251, 6394392.1131, 34.2399, 627.5800, 372.0948
143447.8251, 6394392.1131, 34.2399, 627.5800, 372.0948
143447.2591, 6394390.6155, 34.1445, 631.3267, 374.8375
143447.6678, 6394391.6009, 34.0897, 630.1467, 377.5383
143450.6380, 6394406.4725, 37.9891, 535.5586, 275.1991
143440.8911, 6394370.4085, 34.8748, 865.1144, 275.2559
143457.3109, 6394387.6533, 42.9197, 1028.5662, 31.9495
143449.7435, 6394376.5324, 39.3354, 1106.2379, 50.6589
143441.7478, 6394401.9473, 37.2245, 315.3108, 281.1200
143456.4934, 6394387.6330, 41.9038, 1003.4844, 68.9215
143437.4271, 6394375.0479, 37.4737, 419.7759, 86.9147
143437.4271, 6394375.0479, 37.4737, 419.7759, 86.9147
143438.3956, 6394377.0472, 37.8300, 447.3929, 95.1492
143440.9173, 6394370.3879, 34.2493, 868.3307, 334.7036
143442.0963, 6394402.9597, 37.2444, 319.6686, 283.2028
143440.9153, 6394370.3873, 34.7857, 868.1790, 283.6538
143448.3352, 6394376.6325, 37.6056, 1034.9897, 150.5804
143438.3995, 6394374.4191, 34.9871, 514.1580, 286.9525
143447.3064, 6394390.5961, 34.0009, 633.4089, 380.5193
143440.5684, 6394371.5892, 33.7597, 782.4326, 382.6421
143448.1507, 6394378.0609, 37.2498, 971.7893, 183.6665
143445.4891, 6394393.5380, 33.6557, 525.8127, 395.3390
143442.0821, 6394394.9499, 35.2101, 385.2230, 337.8854
143442.7489, 6394404.4451, 37.1891, 330.1048, 288.7888
143447.6948, 6394375.4937, 36.8866, 1050.5891, 182.9582
143444.4078, 6394383.0729, 33.6004, 656.6128, 396.6140
143444.4078, 6394383.0729, 33.6004, 656.6128, 396.6140
143453.7236, 6394388.6561, 38.5736, 890.3422, 199.8037
143442.7489, 6394404.4451, 37.1891, 330.1048, 288.7888
143445.5160, 6394393.5285, 33.5761, 526.9332, 398.3244
143440.8903, 6394372.1187, 33.5558, 783.5088, 400.4979
143444.4318, 6394391.5052, 37.9423, 511.1902, 222.4943
143444.4318, 6394391.5052, 37.9423, 511.1902, 222.4943
143440.9096, 6394399.9582, 35.3565, 302.3316, 339.4682
143440.2583, 6394370.5727, 34.2020, 805.5679, 339.4588
143440.2989, 6394370.5495, 34.1846, 810.0458, 341.0646
143446.0013, 6394393.4455, 33.4523, 545.1941, 402.7753
143446.0013, 6394393.4455, 33.4523, 545.1941, 402.7753
143439.6482, 6394372.1154, 33.3586, 688.6726, 419.0944
143439.6482, 6394372.1154, 33.3586, 688.6726, 419.0944
143446.4102, 6394404.4332, 35.4063, 439.9282, 344.3104
143443.7306, 6394384.6011, 33.1146, 595.0488, 420.9577
143439.4853, 6394371.6048, 33.3183, 696.1727, 423.5368
143439.4853, 6394371.6048, 33.3183, 696.1727, 423.5368
143439.2792, 6394371.1075, 33.3129, 699.9691, 425.0439
143439.3146, 6394371.0748, 33.2935, 704.3713, 426.8602
143440.6628, 6394371.6439, 33.1298, 787.4504, 438.2850
143441.4812, 6394382.0205, 32.7953, 536.0295, 442.3637
143438.6574, 6394371.5576, 32.6627, 629.7178, 486.0661
143439.0035, 6394371.5368, 32.6504, 659.7046, 486.1688
143438.4787, 6394371.5318, 32.6599, 615.4175, 487.0567
143438.9097, 6394371.4770, 32.6382, 654.2133, 487.9077
143439.0793, 6394371.1071, 32.6398, 683.5951, 489.0950
143438.4446, 6394371.0557, 32.6509, 630.7928, 490.5403
143438.5017, 6394371.0583, 32.6491, 635.7163, 490.4998
143438.6042, 6394371.0477, 32.6455, 645.1212, 490.5371
143438.6392, 6394371.0316, 32.6440, 648.8306, 490.6463
143439.6331, 6394370.9152, 32.6024, 738.4622, 491.7151
143439.6086, 6394370.9233, 32.5838, 736.0696, 493.5133
143437.4408, 6394371.5193, 32.5948, 524.1144, 496.9884
143439.5813, 6394370.9411, 32.5379, 733.0321, 497.8267
143437.8929, 6394371.5187, 32.5574, 564.8299, 498.8835
143438.4431, 6394371.4777, 32.5311, 614.5178, 499.5541
143439.4087, 6394370.9584, 32.5123, 717.8632, 500.7778
143439.1601, 6394370.9908, 32.5117, 695.4739, 501.5760
143439.1347, 6394371.0020, 32.4900, 692.8572, 503.6670
143439.0998, 6394370.9785, 32.4677, 690.9056, 506.0605
143437.6193, 6394371.5215, 32.4873, 540.3605, 506.6115
143436.9935, 6394371.9866, 32.4769, 469.0554, 507.1186
143439.1894, 6394370.9711, 32.4526, 698.8540, 507.1898
143437.8820, 6394371.4909, 32.4465, 564.9803, 509.6447
143437.8820, 6394371.4909, 32.4465, 564.9803, 509.6447
143437.0407, 6394371.9881, 32.4051, 473.4149, 513.7108
143437.6612, 6394371.5039, 32.3820, 544.8770, 516.6257
143438.3689, 6394371.4592, 32.3198, 609.0161, 519.8147
143438.0330, 6394371.4744, 32.3077, 579.1075, 522.3049
143438.9835, 6394370.9780, 32.2387, 681.1699, 528.3158
143444.5995, 6394401.4740, 35.0929, 411.4504, 350.6197
143440.4238, 6394370.5942, 34.6816, 817.8812, 293.9816
143440.4238, 6394370.5942, 34.6816, 817.8812, 293.9816
143444.7992, 6394401.4615, 35.0008, 417.8260, 353.5746
143451.3587, 6394401.1021, 34.9773, 614.1231, 354.4985
143454.9731, 6394410.1131, 35.2425, 606.9861, 354.7743
143446.3222, 6394413.4571, 37.6263, 370.4887, 295.9268
143445.0893, 6394401.4606, 34.8873, 426.8828, 357.2201
143446.3222, 6394413.4571, 37.6263, 370.4887, 295.9268
143451.3767, 6394401.0941, 34.8494, 614.7640, 358.3748
143440.9272, 6394370.3936, 33.9953, 868.8318, 358.8139
143439.9703, 6394381.0616, 34.2508, 471.2717, 360.6203
143439.4673, 6394396.4756, 35.3247, 274.1625, 335.1629
143436.3302, 6394387.9772, 34.5219, 195.4037, 355.9427
143446.9161, 6394389.6170, 34.0552, 635.3007, 377.8516
143444.7792, 6394401.5167, 34.5333, 417.0137, 368.5561
143446.9161, 6394389.6170, 34.0552, 635.3007, 377.8516
143440.3417, 6394371.1128, 33.7676, 786.4764, 381.5075
143440.8961, 6394372.1064, 33.6976, 784.4211, 388.3357
143445.8208, 6394393.4794, 33.6333, 538.3071, 396.0534
143444.7792, 6394401.5167, 34.5333, 417.0137, 368.5561
143441.2030, 6394373.0097, 33.2015, 769.0822, 428.9575
143440.7196, 6394371.6380, 33.5319, 791.9211, 402.7433
143445.0348, 6394395.0410, 33.3880, 491.5643, 405.4768
143440.4251, 6394370.5959, 34.3452, 817.9922, 326.0376
143440.5235, 6394371.1367, 34.3496, 799.5776, 328.0988
143448.1763, 6394396.6060, 33.2904, 576.4510, 407.3564
143448.1763, 6394396.6060, 33.2904, 576.4510, 407.3564
143448.1763, 6394396.6060, 33.2904, 576.4510, 407.3564
143445.6093, 6394393.4776, 32.9361, 531.2483, 422.3517
143445.6093, 6394393.4776, 32.9361, 531.2483, 422.3517
143442.8085, 6394382.1015, 32.8074, 601.5076, 439.9628
143442.8085, 6394382.1015, 32.8074, 601.5076, 439.9628
143441.7632, 6394393.9330, 35.2721, 383.0183, 333.7788
143442.8085, 6394382.1015, 32.8074, 601.5076, 439.9628
143437.5915, 6394371.5241, 32.6284, 537.5715, 493.1769
143437.5915, 6394371.5241, 32.6284, 537.5715, 493.1769
143437.6645, 6394371.5157, 32.5536, 544.5338, 500.1242
143439.1565, 6394370.9939, 32.5289, 695.0292, 499.9408
143438.3491, 6394371.4789, 32.4560, 606.4196, 506.9597
143438.9227, 6394370.9965, 32.4669, 674.9934, 506.7270
143437.3722, 6394371.5244, 32.4871, 517.8464, 507.6014
143437.3864, 6394371.9713, 32.4183, 505.0094, 511.1613
143438.4622, 6394371.0288, 32.3902, 633.6743, 515.7562
143438.7936, 6394371.0118, 32.3517, 663.3221, 518.1494
143438.7936, 6394371.0118, 32.3517, 663.3221, 518.1494
143440.5659, 6394370.5095, 34.1950, 833.7940, 340.0848
143440.1901, 6394370.6139, 34.1774, 797.9407, 341.9127
143444.1812, 6394400.4412, 35.2455, 407.1364, 344.4661
143440.8485, 6394370.4350, 34.0858, 860.3684, 350.3403
143445.9838, 6394386.6237, 34.6095, 652.3057, 351.1328
143445.9838, 6394386.6237, 34.6095, 652.3057, 351.1328
143445.3549, 6394401.9558, 34.9836, 430.5669, 354.6371
143435.9665, 6394382.0191, 30.4037, 227.5373, 593.2798
143435.9665, 6394382.0191, 30.4037, 227.5373, 593.2798
143445.3549, 6394401.9558, 34.9836, 430.5669, 354.6371
143440.3227, 6394371.1216, 34.0134, 784.4602, 358.8864
143455.2266, 6394383.9702, 41.5571, 1061.9127, 45.9821
143436.4032, 6394373.9713, 37.8024, 357.8262, 31.6306
143455.2266, 6394383.9702, 41.5571, 1061.9127, 45.9821
143437.0476, 6394374.5295, 37.6297, 400.5688, 62.4684
143447.6944, 6394374.0063, 37.0221, 1118.9486, 159.6393
143448.4769, 6394380.6512, 36.6416, 900.9528, 235.2717
143432.9352, 6394378.0001, 35.6816, 24.6302, 244.0698
143458.4268, 6394392.0779, 43.3906, 958.3912, 54.8624
143446.9101, 6394397.0797, 37.8673, 527.9404, 250.3081
143458.4268, 6394392.0779, 43.3906, 958.3912, 54.8624
143435.7291, 6394385.9769, 35.5501, 174.9614, 298.2643
143435.7291, 6394385.9769, 35.5501, 174.9614, 298.2643
143442.0638, 6394391.5597, 27.8908, 425.6587, 631.0543
143455.6502, 6394385.0959, 41.6539, 1043.6982, 54.1257
143438.7195, 6394387.0236, 35.0109, 322.1705, 330.8564
143458.4362, 6394392.5947, 43.4140, 947.7838, 57.9494
143449.5493, 6394376.5756, 39.2123, 1095.3757, 57.6373
143442.8763, 6394399.9739, 35.0783, 368.7632, 349.2878
143449.5493, 6394376.5756, 39.2123, 1095.3757, 57.6373
143448.2598, 6394372.5710, 38.1507, 1225.2206, 64.2058
143437.3995, 6394374.5400, 37.4920, 429.1382, 76.7956
143437.8274, 6394374.5594, 37.4563, 462.7988, 82.9960
143437.8274, 6394374.5594, 37.4563, 462.7988, 82.9960
143449.0452, 6394376.1192, 38.6316, 1090.7423, 84.8638
143442.3190, 6394397.9831, 33.6750, 367.5032, 396.3036
143448.9872, 6394376.4681, 38.5315, 1073.2126, 94.9295
143443.9977, 6394398.9392, 33.3108, 415.9603, 408.1806
143448.4582, 6394376.0271, 37.8961, 1066.0671, 126.9253
143454.4537, 6394386.9909, 39.7381, 953.5828, 145.1644
143454.1202, 6394387.5286, 39.3652, 929.4502, 162.8836
143453.0472, 6394385.6276, 38.9385, 940.1392, 166.3602
143441.0597, 6394384.0356, 37.5916, 474.8969, 189.5235
143441.0597, 6394384.0356, 37.5916, 474.8969, 189.5235
143452.0422, 6394385.1255, 38.1852, 917.3055, 193.7715
143442.5008, 6394387.0601, 37.8999, 495.1517, 197.3204
143442.3237, 6394387.5452, 37.9394, 480.1323, 197.9852
143447.6485, 6394375.0914, 36.5159, 1065.6871, 203.4919
143452.2010, 6394385.5300, 37.9664, 912.6765, 205.8852
143432.8279, 6394377.9843, 35.8605, 15.1782, 229.7773
143444.7474, 6394392.9653, 37.8971, 503.9255, 231.1658
143434.8142, 6394383.4901, 35.7645, 136.1558, 275.0835
143437.8348, 6394391.9654, 35.6273, 238.2112, 313.4313
143440.4664, 6394370.5696, 34.3711, 822.6508, 323.4979
143439.6689, 6394388.4641, 35.0992, 351.7697, 330.1410
143435.4396, 6394385.4750, 34.4728, 163.6457, 354.6095
143455.9051, 6394387.4770, 40.9093, 988.6582, 105.3114
143447.8573, 6394373.8717, 36.5511, 1133.7651, 191.3111
143434.7201, 6394374.4965, 34.9733, 205.5055, 281.5429
143438.4157, 6394386.0153, 35.0102, 317.6815, 328.4614
143436.2906, 6394381.5369, 34.2334, 246.0935, 362.2941
143440.8576, 6394370.4291, 33.7825, 861.4322, 379.0226
143444.4958, 6394408.9685, 35.1863, 352.3454, 354.7099
143440.1542, 6394370.6309, 33.9985, 794.2256, 359.0271
143436.3946, 6394372.5643, 37.7665, 388.7692, 3.6078
143457.6211, 6394386.5507, 43.4031, 1067.3434, 3.4480
143443.1786, 6394398.0359, 34.6315, 395.8927, 362.6974
143443.1786, 6394398.0359, 34.6315, 395.8927, 362.6974
143458.0558, 6394387.9537, 43.7833, 1043.8025, 3.9147
143443.4332, 6394399.9660, 34.5364, 387.5213, 367.4479
143459.3739, 6394392.1222, 44.8091, 984.0789, 8.8158
143457.5816, 6394387.0173, 43.3343, 1053.5781, 10.6372
143435.9613, 6394372.9822, 37.6832, 338.8948, 17.2475
143433.5553, 6394380.4884, 36.2865, 64.5868, 221.0379
143433.9827, 6394373.5142, 35.1506, 145.4962, 255.8225
143434.9151, 6394383.9787, 34.8134, 141.2797, 332.3906
143443.4332, 6394399.9660, 34.5364, 387.5213, 367.4479
143440.3750, 6394371.0933, 33.8747, 790.0013, 371.6090
143440.3063, 6394370.5528, 33.8494, 810.5884, 373.0654
143440.3063, 6394370.5528, 33.8494, 810.5884, 373.0654
143440.6120, 6394370.4887, 33.8266, 838.6436, 375.0320
143455.7153, 6394384.1357, 42.2282, 1073.8278, 20.1677
143436.7295, 6394388.9755, 34.6443, 208.5460, 351.5358
143457.5735, 6394387.5004, 43.1825, 1040.6324, 21.2066
143445.4203, 6394401.4897, 34.2955, 437.1516, 376.0511
143457.5480, 6394388.0618, 43.2764, 1025.5470, 22.6304
143449.6945, 6394376.1270, 39.5080, 1121.4774, 34.3301
143445.4203, 6394401.4897, 34.2955, 437.1516, 376.0511
143443.0462, 6394398.4622, 34.0231, 388.0166, 384.0952
143446.6049, 6394404.4397, 33.9405, 446.2444, 387.8412
143436.7297, 6394376.4613, 33.6800, 344.6291, 394.7047
143445.3612, 6394393.5838, 33.5986, 520.7224, 397.5396
143437.4299, 6394378.9467, 33.5948, 353.3887, 400.6661
143437.4299, 6394378.9467, 33.5948, 353.3887, 400.6661
143442.6300, 6394397.0045, 33.3250, 387.2370, 408.6065
143445.2968, 6394394.0176, 33.2765, 513.1546, 409.6123
143445.2968, 6394394.0176, 33.2765, 513.1546, 409.6123
143444.4319, 6394398.9776, 33.0165, 430.0091, 417.8805
143445.3484, 6394393.5703, 33.0455, 520.7544, 418.3636
143443.3656, 6394392.4926, 32.9165, 461.4641, 425.1618
143439.4151, 6394378.4973, 33.0960, 489.4485, 431.8166
143441.4651, 6394380.4974, 32.7608, 566.1154, 446.6855
143437.2675, 6394371.5295, 32.5854, 507.9515, 498.4919
143437.2675, 6394371.5295, 32.5854, 507.9515, 498.4919
143439.5782, 6394370.9365, 32.4650, 733.0157, 504.7089
143437.8712, 6394371.4723, 32.2691, 564.9003, 526.7030
143439.2310, 6394370.9637, 32.2328, 702.8587, 527.8661
143439.5950, 6394370.8817, 32.2188, 737.0167, 528.1650
143439.5950, 6394370.8817, 32.2188, 737.0167, 528.1650
143448.2940, 6394377.1132, 37.4644, 1013.9797, 163.4610
143433.5206, 6394380.4937, 34.9832, 65.0603, 309.7428
143440.3737, 6394370.5115, 33.8848, 818.1449, 369.6001
143440.3737, 6394370.5115, 33.8848, 818.1449, 369.6001
143449.7523, 6394377.0975, 39.9760, 1083.5487, 20.0736
143436.4674, 6394373.5594, 37.7803, 372.3060, 25.5348
143455.5674, 6394384.0952, 41.9826, 1069.9503, 29.8919
143457.1952, 6394387.0304, 42.7401, 1041.0811, 32.9537
143457.1198, 6394387.1171, 42.6628, 1036.4426, 36.5457
143448.4513, 6394372.5691, 38.4278, 1235.7720, 45.2126
143448.1534, 6394372.0278, 38.1900, 1250.9955, 52.0048
143448.1534, 6394372.0278, 38.1900, 1250.9955, 52.0048
143449.0755, 6394374.9635, 38.7267, 1144.0933, 64.0260
143437.1634, 6394375.0319, 37.5210, 399.1998, 81.0423
143437.1842, 6394376.0018, 37.6070, 380.9114, 89.6805
143448.9769, 6394375.9872, 38.5194, 1093.1013, 89.8949
143447.4425, 6394371.6067, 37.5095, 1236.2267, 92.7864
143447.4425, 6394371.6067, 37.5095, 1236.2267, 92.7864
143437.8412, 6394377.0642, 37.7942, 408.2191, 94.9076
143438.1354, 6394377.5441, 37.8679, 419.3129, 97.8329
143436.6312, 6394376.5149, 37.5390, 329.5664, 99.3620
143434.9874, 6394379.5269, 37.8637, 170.4293, 107.8052
143448.5166, 6394376.1011, 38.0505, 1065.8407, 118.3335
143457.0579, 6394392.5273, 41.3858, 909.9894, 124.3290
143433.0668, 6394378.9922, 37.3928, 28.7924, 125.1193
143455.1844, 6394388.0762, 40.3728, 950.9940, 128.7995
143455.1844, 6394388.0762, 40.3728, 950.9940, 128.7995
143456.8312, 6394392.5107, 41.0643, 903.7980, 134.9490
143456.6318, 6394391.9503, 40.6945, 909.4086, 144.2946
143448.1265, 6394376.0176, 37.5303, 1050.0887, 148.4389
143440.0628, 6394381.5413, 37.8696, 464.2279, 150.9101
143440.4007, 6394382.0228, 37.8721, 474.3221, 156.2777
143456.1110, 6394391.6599, 40.2103, 900.0687, 158.8236
143447.5847, 6394374.1069, 37.0210, 1108.3058, 160.3271
143434.1147, 6394381.9894, 37.3878, 95.4284, 163.1593
143454.2287, 6394388.0381, 39.3771, 920.9641, 165.6896
143456.1609, 6394392.5404, 40.1120, 883.7622, 167.0833
143453.9073, 6394389.1268, 39.3488, 885.8737, 172.3450
143453.9073, 6394389.1268, 39.3488, 885.8737, 172.3450
143447.7938, 6394375.5323, 37.0596, 1053.9962, 172.4969
143447.5264, 6394374.1207, 36.8383, 1104.4614, 172.7704
143434.5673, 6394382.9701, 37.3172, 120.5309, 177.9756
143453.8062, 6394387.5742, 38.9733, 917.9550, 178.2831
143447.5086, 6394375.1914, 36.8911, 1054.2946, 179.3111
143447.5086, 6394375.1914, 36.8911, 1054.2946, 179.3111
143441.7783, 6394383.4799, 37.6994, 520.1353, 181.7489
143441.7783, 6394383.4799, 37.6994, 520.1353, 181.7489
143434.7239, 6394383.4770, 37.2705, 127.8360, 185.4876
143434.7239, 6394383.4770, 37.2705, 127.8360, 185.4876
143439.7896, 6394384.5010, 37.6637, 403.4452, 185.6417
143441.9469, 6394387.0174, 37.9238, 471.0018, 194.6784
143440.8893, 6394370.3911, 35.6690, 865.8436, 199.0488
143452.3488, 6394386.1330, 38.1986, 902.8989, 199.4314
143434.3020, 6394381.9844, 36.8098, 109.2078, 200.5357
143436.1411, 6394387.4751, 37.5023, 184.6006, 204.8895
143436.1463, 6394387.4787, 37.3962, 185.0044, 210.3074
143443.3317, 6394387.9856, 37.6967, 517.3273, 213.6885
143443.6043, 6394388.5449, 37.6365, 520.3964, 219.8090
143443.6043, 6394388.5449, 37.6365, 520.3964, 219.8090
143444.5124, 6394392.9712, 37.9927, 495.1409, 227.1029
143440.7486, 6394370.4749, 35.3154, 850.1522, 233.3238
143448.1527, 6394379.6165, 36.5704, 918.8934, 232.5963
143440.8664, 6394370.4197, 35.0785, 862.5286, 255.8440
143435.2960, 6394375.9584, 35.3212, 236.2000, 263.4216
143448.9462, 6394401.4961, 37.8155, 540.1880, 266.9907
143450.8629, 6394406.0674, 38.0861, 545.3408, 271.7351
143451.0533, 6394406.0165, 37.8433, 550.9001, 278.5605
143451.0533, 6394406.0165, 37.8433, 550.9001, 278.5605
143436.7057, 6394379.9496, 35.2429, 289.0564, 293.8991
143436.5561, 6394379.4615, 35.1511, 285.4107, 297.6335
143437.0716, 6394389.9736, 35.6447, 216.9796, 307.0367
143440.0459, 6394389.4527, 35.2427, 358.0782, 325.8606
143440.5707, 6394370.5038, 34.1491, 834.4836, 344.4305
143444.1707, 6394400.9737, 35.0073, 402.3389, 352.8307
143444.1707, 6394400.9737, 35.0073, 402.3389, 352.8307
143440.8074, 6394370.4417, 34.0394, 856.7437, 354.7387
143440.9282, 6394370.3930, 33.9919, 868.9376, 359.1289
143451.4937, 6394401.0433, 34.6950, 618.6736, 363.0243
143444.0910, 6394399.4504, 34.1829, 413.7622, 378.8944
143440.2672, 6394370.5763, 33.7723, 806.2426, 380.4550
143446.0771, 6394395.4484, 33.9706, 522.0330, 384.1283
143440.5308, 6394370.5490, 33.7337, 829.0464, 383.9524
143440.5051, 6394371.1462, 33.6464, 797.8970, 392.5448
143446.2118, 6394403.4362, 33.5262, 443.8727, 400.2105
143440.3459, 6394370.6502, 33.5230, 809.0812, 404.0631
143440.9241, 6394372.0997, 33.4932, 786.8627, 405.8196
143444.9729, 6394395.5407, 33.3339, 483.6823, 407.4103
143445.7056, 6394393.4469, 33.0361, 534.9952, 418.5492
143440.7240, 6394371.6065, 33.2670, 793.7633, 426.1423
143439.5047, 6394370.5278, 33.1524, 745.1281, 441.0753
143439.5047, 6394370.5278, 33.1524, 745.1281, 441.0753
143439.8759, 6394370.8979, 33.1102, 759.0424, 443.3785
143438.3856, 6394371.4747, 32.6156, 609.5654, 491.8359
143439.0763, 6394371.0003, 32.6047, 687.8740, 493.0065
143438.4505, 6394371.4774, 32.5723, 615.1177, 495.6555
143437.5386, 6394371.5175, 32.5815, 533.0743, 497.9173
143438.4012, 6394371.4610, 32.5164, 611.5392, 501.1906
143437.4246, 6394371.5243, 32.5033, 522.6064, 505.8285
143437.3363, 6394371.9742, 32.4629, 500.3819, 507.1605
143437.2827, 6394371.5288, 32.4954, 509.5068, 507.1304
143437.0385, 6394371.9925, 32.4561, 473.0096, 508.8653
143439.5727, 6394370.9027, 32.2947, 734.1804, 520.9642
143439.0127, 6394371.0004, 32.2918, 682.6842, 522.9745
143438.0095, 6394371.4783, 32.2561, 576.9538, 527.2678
143457.6886, 6394388.1033, 43.5029, 1028.8287, 14.7632
143458.8112, 6394392.0558, 43.9060, 969.7209, 37.8686
143458.8112, 6394392.0558, 43.9060, 969.7209, 37.8686
143455.1383, 6394383.6237, 41.5785, 1069.2585, 41.2413
143458.6351, 6394392.0812, 43.6531, 964.2104, 46.3470
143458.6351, 6394392.0812, 43.6531, 964.2104, 46.3470
143455.1290, 6394384.0789, 41.4742, 1055.3368, 50.3083
143457.0450, 6394388.1249, 42.4453, 1008.4115, 53.6528
143458.1382, 6394392.1361, 42.9829, 948.9653, 68.7079
143437.2759, 6394375.0113, 37.5374, 408.5520, 80.0951
143437.0763, 6394376.0108, 37.5970, 372.5115, 89.9414
143437.0763, 6394376.0108, 37.5970, 372.5115, 89.9414
143436.8862, 6394376.0017, 37.5692, 358.1100, 90.8267
143436.8862, 6394376.0017, 37.5692, 358.1100, 90.8267
143438.1440, 6394377.0506, 37.8275, 429.7870, 93.9766
143456.1025, 6394388.5017, 41.0675, 969.8643, 107.1005
143454.9433, 6394387.1294, 40.5294, 966.3176, 115.2481
143454.9433, 6394387.1294, 40.5294, 966.3176, 115.2481
143448.2764, 6394375.6728, 37.9422, 1072.3730, 119.3313
143448.2764, 6394375.6728, 37.9422, 1072.3730, 119.3313
143433.1824, 6394379.0190, 37.4119, 37.8654, 124.6290
143433.2139, 6394379.0321, 37.3250, 40.5460, 131.3858
143453.5888, 6394384.6074, 39.4851, 986.3596, 137.1006
143456.3173, 6394392.0750, 40.4221, 897.6620, 153.9764
143456.3173, 6394392.0750, 40.4221, 897.6620, 153.9764
143449.3939, 6394379.6109, 37.9818, 974.1512, 159.0296
143447.5273, 6394374.1654, 36.9875, 1102.4580, 162.9976
143440.4238, 6394383.0220, 37.8898, 458.5628, 163.8654
143447.4211, 6394373.6880, 36.7179, 1119.9949, 176.4531
143447.4799, 6394374.1851, 36.7158, 1098.8499, 181.6114
143441.1543, 6394383.9866, 37.7130, 480.3210, 183.0156
143441.3425, 6394383.5549, 37.5664, 497.1349, 188.2033
143441.3425, 6394383.5549, 37.5664, 497.1349, 188.2033
143447.5944, 6394375.0912, 36.7301, 1063.0397, 189.2702
143447.5082, 6394375.1675, 36.7119, 1055.2421, 190.8475
143447.5635, 6394375.5908, 36.7522, 1039.7330, 192.0342
143447.5755, 6394375.1226, 36.6412, 1060.6333, 195.3116
143443.0588, 6394388.0820, 37.6949, 504.2884, 213.7567
143447.7912, 6394378.6409, 36.6982, 934.6280, 218.6435
143444.1408, 6394391.5610, 37.9621, 499.3060, 221.4680
143445.1032, 6394392.5116, 37.9882, 522.8463, 226.2029
143457.7407, 6394388.5017, 43.3861, 1020.4283, 23.1210
143436.7574, 6394373.5671, 37.7573, 397.6412, 30.2954
143449.7912, 6394377.1190, 39.8019, 1084.3645, 30.9144
143436.5564, 6394373.9773, 37.6990, 371.1627, 42.2210
143455.2673, 6394383.4809, 41.5503, 1078.0273, 41.5971
143455.2673, 6394383.4809, 41.5503, 1078.0273, 41.5971
143449.7757, 6394377.0635, 39.4666, 1085.7451, 49.9485
143449.7757, 6394377.0635, 39.4666, 1085.7451, 49.9485
143455.0417, 6394383.4238, 41.2392, 1071.8617, 54.0647
143454.8040, 6394384.0866, 41.1010, 1043.8295, 65.5974
143444.9991, 6394392.5561, 37.8502, 518.5051, 231.6588
143449.3139, 6394376.0939, 38.9411, 1104.7341, 66.7526
143437.1343, 6394374.5432, 37.4590, 407.6357, 77.8096
143437.2102, 6394375.0658, 37.4536, 402.2999, 87.4612
143437.2102, 6394375.0658, 37.4536, 402.2999, 87.4612
143444.9991, 6394392.5561, 37.8502, 518.5051, 231.6588
143448.4422, 6394374.6497, 38.1942, 1127.1631, 91.4266
143438.6820, 6394377.0074, 37.8759, 467.9468, 92.8512
143448.6536, 6394380.5492, 36.4779, 911.7260, 243.6601
143434.4082, 6394373.4803, 35.1774, 187.9371, 254.2285
143435.3686, 6394375.9577, 35.1987, 242.4513, 273.4874
143448.8486, 6394376.0530, 38.4323, 1084.0784, 95.4935
143437.9671, 6394377.5299, 37.8436, 408.0052, 98.4710
143437.0165, 6394376.0521, 37.4667, 367.3677, 100.4475
143447.4959, 6394373.1854, 37.2137, 1150.0394, 136.1874
143448.0037, 6394375.0042, 37.3774, 1088.1069, 147.4411
143440.4105, 6394382.5076, 37.8964, 466.4417, 159.1332
143440.4105, 6394382.5076, 37.8964, 466.4417, 159.1332
143447.7483, 6394375.1237, 37.0852, 1069.6200, 166.8112
143450.8965, 6394406.4833, 37.8975, 542.2006, 277.9502
143440.9333, 6394370.3761, 34.8435, 870.2045, 278.1031
143434.8138, 6394383.4892, 36.6672, 134.4811, 221.6797
143448.3907, 6394380.0938, 36.7700, 914.3633, 225.0807
143434.8005, 6394383.4905, 35.7761, 135.2868, 274.3756
143440.5061, 6394370.5457, 34.6624, 827.0211, 295.6573
143440.8639, 6394370.4226, 34.5589, 862.2194, 305.3823
143438.7140, 6394385.9766, 35.0975, 333.1050, 324.0881
143440.2322, 6394370.5900, 34.1656, 802.5806, 342.9838
143440.7869, 6394370.4555, 34.1549, 854.3695, 343.8289
143452.9430, 6394410.5285, 37.9875, 554.6095, 284.9785
143443.0272, 6394405.4602, 35.3250, 333.0676, 347.3240
143443.0272, 6394405.4602, 35.3250, 333.0676, 347.3240
143436.0806, 6394386.9873, 35.7075, 187.2073, 293.9056
143440.0789, 6394397.9688, 34.9276, 287.0133, 351.9445
143440.6444, 6394370.4676, 34.0654, 842.3033, 352.3063
143440.8912, 6394370.4160, 34.0620, 864.7795, 352.5512
143440.4293, 6394370.4853, 34.0129, 823.9741, 357.3143
143440.4293, 6394370.4853, 34.0129, 823.9741, 357.3143
143437.0379, 6394378.4570, 34.0677, 333.8410, 368.4585
143436.0806, 6394386.9873, 35.7075, 187.2073, 293.9056
143437.0379, 6394378.4570, 34.0677, 333.8410, 368.4585
143437.1886, 6394381.4619, 35.2531, 300.9679, 300.1247
143440.9590, 6394370.3612, 34.2066, 873.0738, 338.6884
143442.7089, 6394399.9995, 34.7572, 363.2451, 360.0872
143440.3702, 6394370.5127, 33.9321, 817.7895, 365.0901
143450.6063, 6394414.4324, 34.5795, 468.7298, 373.7267
143437.2970, 6394378.9501, 33.8460, 344.1620, 383.9635
143437.2970, 6394378.9501, 33.8460, 344.1620, 383.9635
143442.1396, 6394399.0165, 34.4113, 352.2397, 371.1185
143445.4928, 6394395.9741, 33.9573, 496.0840, 384.9352
143442.1396, 6394399.0165, 34.4113, 352.2397, 371.1185
143445.4497, 6394401.4596, 33.7528, 438.6454, 393.2409
143443.3792, 6394397.9886, 34.3216, 403.3689, 373.4545
143445.4497, 6394401.4596, 33.7528, 438.6454, 393.2409
143436.5906, 6394376.4935, 33.6745, 333.6135, 395.2311
143443.3792, 6394397.9886, 34.3216, 403.3689, 373.4545
143450.0942, 6394412.9246, 33.3973, 468.5297, 402.5624
143445.6169, 6394393.4798, 33.1700, 531.3609, 413.5592
143444.8726, 6394400.4594, 34.0915, 429.6507, 382.2215
143445.6169, 6394393.4798, 33.1700, 531.3609, 413.5592
143444.1852, 6394396.4855, 32.9809, 446.5305, 420.2110
143444.8726, 6394400.4594, 34.0915, 429.6507, 382.2215
143440.4715, 6394371.0464, 33.7186, 799.9404, 385.8768
143440.4715, 6394371.0464, 33.7186, 799.9404, 385.8768
143440.4715, 6394371.0464, 33.7186, 799.9404, 385.8768
143449.0553, 6394410.4236, 33.7357, 462.3918, 394.0798
143444.6889, 6394399.9452, 33.6769, 428.8188, 395.7018
143444.9909, 6394395.0559, 33.4407, 489.8361, 403.5744
143440.8610, 6394372.1347, 33.3009, 780.7345, 422.3297
143439.3843, 6394371.0395, 33.2874, 711.7610, 427.3727
143442.7944, 6394386.4787, 32.8340, 520.8444, 433.7317
143437.4042, 6394371.5327, 32.6013, 520.3289, 496.4236
143438.3429, 6394371.0519, 32.5501, 622.0598, 500.6646
143437.6567, 6394371.5122, 32.4711, 544.0658, 508.0655
143437.6567, 6394371.5122, 32.4711, 544.0658, 508.0655
143439.3340, 6394370.9720, 32.4038, 711.0678, 511.2116
143438.3866, 6394371.4646, 32.3899, 610.2682, 513.1141
143439.5551, 6394370.9191, 32.3605, 731.9339, 514.7426
143439.5521, 6394370.9125, 32.2802, 732.0258, 522.3537
143439.3242, 6394370.9663, 32.2595, 710.5883, 524.9040
143456.5126, 6394385.1188, 42.9453, 1071.8356, 3.0123
143436.3487, 6394372.5892, 37.7162, 383.9742, 8.6204
143436.0907, 6394372.9893, 37.7279, 350.7254, 14.3634
143457.7444, 6394387.9468, 43.4173, 1034.4613, 16.8418
143436.6155, 6394373.5317, 37.8062, 385.9432, 23.8820
143450.2309, 6394376.8040, 39.8055, 1117.2788, 28.8406
143455.4511, 6394384.0708, 41.8763, 1066.6919, 33.8295
143455.5286, 6394383.9559, 41.8439, 1072.7306, 34.4153
143450.2427, 6394376.8231, 39.7085, 1116.9528, 34.9359
143455.0942, 6394383.6386, 41.5268, 1067.2705, 43.5204
143456.9656, 6394387.0343, 42.4269, 1033.7322, 44.6482
143449.2569, 6394375.6254, 39.1073, 1122.7418, 49.7950
143449.2071, 6394374.9473, 38.8384, 1151.3462, 57.2934
143449.1036, 6394375.5721, 38.7031, 1117.5286, 73.7892
143438.8001, 6394374.0344, 37.5231, 552.7930, 75.1689
143438.7301, 6394374.5023, 37.5980, 533.8684, 76.3728
143438.5204, 6394374.5058, 37.5671, 517.8488, 77.5582
143438.5742, 6394374.5220, 37.5345, 521.5504, 80.8633
143438.5742, 6394374.5220, 37.5345, 521.5504, 80.8633
143438.0552, 6394374.5647, 37.4677, 480.5017, 83.6407
143436.5680, 6394376.0208, 37.5745, 333.0175, 88.7401
143436.4714, 6394376.0453, 37.5606, 325.0478, 89.6275
143436.4231, 6394376.5338, 37.6086, 313.1697, 93.0052
143436.5768, 6394376.5279, 37.5350, 325.1978, 99.5482
143435.8222, 6394378.5437, 37.8506, 240.4267, 100.1388
143436.2589, 6394378.0461, 37.7858, 278.4570, 100.4162
143436.2589, 6394378.0461, 37.7858, 278.4570, 100.4162
143436.4481, 6394376.5478, 37.5118, 315.0517, 100.8917
