143437.6954, 6394377.0091, 37.8665, 387.5429, 71.9359
143449.1621, 6394376.5616, 38.6595, 1082.2744, 79.8145
143446.1257, 6394387.6269, 34.3169, 635.6093, 362.8292
143448.5028, 6394374.5602, 38.1666, 1140.7853, 81.8486
143448.2764, 6394373.5259, 37.8693, 1181.7036, 86.7956
143457.2135, 6394388.0804, 42.7583, 1017.0717, 37.9150
143440.8052, 6394372.0970, 37.4693, 774.5737, 40.2177
143440.2605, 6394373.4476, 37.7024, 677.3966, 42.0171
143457.7135, 6394392.0797, 42.3025, 939.1623, 88.4472
143448.0981, 6394374.5421, 37.5923, 1120.2716, 118.5367
143440.3315, 6394373.4401, 37.7098, 683.0509, 41.8209
143434.5144, 6394379.0581, 37.7627, 122.0047, 90.2916
143448.5606, 6394376.6473, 37.8504, 1049.1763, 128.0884
143434.5144, 6394379.0581, 37.7627, 122.0047, 90.2916
143434.2952, 6394379.5516, 37.7993, 102.2446, 93.3486
143448.1465, 6394375.4715, 37.5502, 1079.2388, 132.4622
143434.2952, 6394379.5516, 37.7993, 102.2446, 93.3486
143439.3944, 6394379.5545, 37.5226, 453.6967, 138.9924
143434.2199, 6394380.0389, 37.8688, 93.9311, 94.7064
143454.9762, 6394410.1106, 34.8884, 604.4039, 364.5122
143434.2199, 6394380.0389, 37.8688, 93.9311, 94.7064
143454.1295, 6394387.0864, 39.5657, 941.6109, 148.5961
143457.4260, 6394392.1362, 42.0491, 929.6142, 97.0035
143454.1295, 6394387.0864, 39.5657, 941.6109, 148.5961
143447.1803, 6394405.9350, 34.7300, 444.5438, 364.9613
143447.6809, 6394374.5556, 37.0348, 1097.3074, 154.8768
143448.4335, 6394377.5039, 37.5467, 1008.5588, 154.7744
143456.0881, 6394388.5131, 41.0604, 970.7112, 104.1797
143433.2190, 6394379.0141, 37.4465, 20.0845, 105.4692
143441.1144, 6394383.5839, 37.6994, 478.2574, 172.4659
143433.2190, 6394379.0141, 37.4465, 20.0845, 105.4692
143448.5972, 6394376.0184, 38.0935, 1077.9005, 105.8188
143448.0505, 6394377.5496, 37.0902, 988.1849, 181.2933
143447.9990, 6394407.9417, 34.7030, 450.2374, 367.2102
143448.5972, 6394376.0184, 38.0935, 1077.9005, 105.8188
143452.0804, 6394385.0734, 38.3262, 920.8637, 183.4765
143448.4905, 6394376.0483, 37.9787, 1071.2550, 112.9653
143439.6093, 6394373.9552, 37.7308, 609.9094, 44.0010
143447.5994, 6394377.1483, 36.5543, 981.2615, 209.3062
143439.8707, 6394373.9504, 37.7572, 629.9712, 43.8038
143436.9400, 6394374.5840, 37.5192, 377.5258, 52.4198
143438.8869, 6394374.0087, 37.5730, 552.0506, 52.6255
143436.5487, 6394375.0276, 37.4979, 335.4337, 59.4927
143436.3889, 6394375.0675, 37.4517, 321.1900, 62.9536
143445.4544, 6394397.0654, 34.1089, 477.2323, 378.7677
143436.3889, 6394375.0675, 37.4517, 321.1900, 62.9536
143455.3514, 6394388.0333, 40.5358, 958.7679, 119.2078
143448.8568, 6394375.0004, 38.5015, 1137.6602, 67.5351
143435.9819, 6394375.5524, 37.4550, 278.4010, 68.3222
143448.3410, 6394376.1307, 37.8758, 1060.2252, 119.7533
143434.8434, 6394378.5528, 37.7761, 151.0444, 83.8905
143445.4544, 6394397.0654, 34.1089, 477.2323, 378.7677
143455.0417, 6394387.6398, 40.3131, 958.3180, 124.4351
143457.5105, 6394392.0839, 42.0158, 933.1553, 98.0738
143454.9916, 6394387.5969, 40.1730, 957.7055, 129.6546
143445.4163, 6394396.5415, 34.0395, 481.7914, 380.9384
143447.9550, 6394375.1474, 37.4235, 1084.1128, 136.3243
143455.2389, 6394388.1285, 40.4876, 952.8180, 121.4704
143446.0100, 6394387.0729, 33.8465, 641.2770, 383.3017
143439.2342, 6394379.4986, 37.5854, 444.6930, 133.5227
143433.7861, 6394380.9998, 37.3833, 58.9607, 138.3552
143448.0473, 6394375.9453, 37.3743, 1053.2142, 148.5509
143446.0858, 6394387.0383, 33.8551, 645.0112, 382.8943
143448.0473, 6394375.9453, 37.3743, 1053.2142, 148.5509
143446.0670, 6394387.0480, 33.7761, 644.0858, 386.4474
143440.9289, 6394372.0965, 33.6108, 784.3600, 386.7467
143456.7275, 6394391.9261, 40.7903, 913.4054, 138.7278
143449.3965, 6394381.4778, 36.3945, 915.9753, 249.3528
143447.3993, 6394373.1574, 36.9471, 1153.0586, 143.9035
143434.1570, 6394381.9803, 37.3629, 81.7837, 152.0394
143445.3333, 6394395.0227, 33.8509, 496.6083, 387.0674
143449.4468, 6394379.6213, 38.1153, 978.2784, 145.3602
143433.8803, 6394380.9884, 37.2620, 66.0964, 146.9677
143456.6171, 6394394.6402, 40.7531, 856.8593, 155.0147
143445.3165, 6394394.5567, 33.7810, 501.6828, 389.4882
143449.1035, 6394401.4788, 37.8591, 541.3675, 264.2560
143456.6171, 6394394.6402, 40.7531, 856.8593, 155.0147
143445.3165, 6394394.5567, 33.7810, 501.6828, 389.4882
143447.8726, 6394375.0016, 37.1436, 1086.3767, 153.0941
143441.7477, 6394377.5289, 33.5708, 648.2047, 393.3684
143456.7495, 6394394.5552, 40.7475, 862.1804, 155.0439
143440.5053, 6394371.1547, 33.4973, 794.7520, 396.5187
143440.7125, 6394371.6145, 33.3627, 789.5400, 408.9126
143443.5450, 6394380.1018, 37.5527, 678.9697, 159.7300
143443.5450, 6394380.1018, 37.5527, 678.9697, 159.7300
143449.1035, 6394401.4788, 37.8591, 541.3675, 264.2560
143445.5995, 6394393.4866, 33.0495, 525.5873, 416.9612
143447.7209, 6394375.5837, 37.1015, 1052.2168, 161.2393
143456.7495, 6394394.5552, 40.7475, 862.1804, 155.0439
143447.7209, 6394375.5837, 37.1015, 1052.2168, 161.2393
143444.3283, 6394397.4840, 32.9854, 435.2692, 418.5593
143439.5829, 6394371.5077, 33.1867, 702.3780, 426.4240
143439.5829, 6394371.5077, 33.1867, 702.3780, 426.4240
143437.8754, 6394372.0011, 32.5808, 535.2820, 485.9756
143439.4363, 6394371.5072, 32.5479, 690.2663, 487.0189
143439.3386, 6394371.4713, 32.5216, 683.5056, 489.9707
143439.3386, 6394371.4713, 32.5216, 683.5056, 489.9707
143439.3386, 6394371.4713, 32.5216, 683.5056, 489.9707
143437.9204, 6394372.0031, 32.5050, 539.3349, 493.0733
143437.9621, 6394372.0050, 32.5006, 543.0143, 493.3521
143439.2637, 6394371.4710, 32.4256, 677.1702, 499.3156
143439.4924, 6394370.9804, 32.4284, 718.1816, 501.1600
143439.0585, 6394371.4931, 32.3914, 658.6379, 503.1161
143438.8533, 6394371.5126, 32.3622, 640.0598, 506.4915
143439.0372, 6394371.5002, 32.3557, 656.5285, 506.5488
143439.0372, 6394371.5002, 32.3557, 656.5285, 506.5488
143439.5561, 6394371.4519, 32.3442, 702.8105, 506.1448
143437.9420, 6394371.9922, 32.3573, 541.7804, 507.1519
143438.6759, 6394371.5281, 32.3612, 623.8909, 507.1062
143438.5842, 6394371.5338, 32.3622, 615.5792, 507.3043
143439.4812, 6394371.4618, 32.2779, 696.1000, 512.5988
143439.4812, 6394371.4618, 32.2779, 696.1000, 512.5988
143439.4812, 6394371.4618, 32.2779, 696.1000, 512.5988
143448.6694, 6394378.5671, 37.5830, 979.9890, 163.1619
143456.8225, 6394395.5846, 40.9000, 845.4573, 155.4833
143448.6059, 6394378.6182, 37.5703, 975.2104, 164.1073
143447.6685, 6394375.0432, 36.9464, 1073.7084, 165.9018
143438.4697, 6394371.5370, 32.2379, 605.3816, 519.6852
143438.4697, 6394371.5370, 32.2379, 605.3816, 519.6852
143439.0710, 6394371.5099, 32.2149, 659.1182, 519.7646
143453.7731, 6394387.1103, 39.1168, 928.8876, 166.3973
143456.8225, 6394395.5846, 40.9000, 845.4573, 155.4833
143441.3288, 6394373.5338, 36.4348, 753.0770, 157.1975
143440.8370, 6394370.9539, 34.6236, 831.7049, 289.3724
143441.3288, 6394373.5338, 36.4348, 753.0770, 157.1975
143441.4136, 6394373.4890, 36.4367, 760.9163, 156.9134
143441.2197, 6394383.5326, 37.8024, 484.4919, 166.7834
143441.4136, 6394373.4890, 36.4367, 760.9163, 156.9134
143441.4643, 6394373.4607, 36.4340, 765.6781, 157.0446
143440.2429, 6394383.9745, 37.7330, 426.6139, 170.8868
143436.1347, 6394387.4795, 35.4897, 174.9995, 300.0108
143436.4494, 6394380.0065, 34.9761, 257.9766, 301.9555
143439.5175, 6394383.5507, 37.5883, 394.2759, 173.0639
143439.5175, 6394383.5507, 37.5883, 394.2759, 173.0639
143453.9732, 6394387.1338, 39.3557, 935.1244, 157.1702
143438.4183, 6394393.4655, 35.6385, 243.7654, 312.4797
143443.2791, 6394377.8919, 37.2227, 726.3032, 158.0417
143443.2791, 6394377.8919, 37.2227, 726.3032, 158.0417
143448.2441, 6394377.4745, 37.2269, 1000.4550, 173.0803
143443.6075, 6394380.0705, 37.5577, 683.0773, 159.3820
143438.4183, 6394393.4655, 35.6385, 243.7654, 312.4797
143440.6879, 6394371.0368, 34.3163, 815.4100, 318.7995
143443.6387, 6394382.5640, 37.9139, 625.0776, 160.9580
143440.3219, 6394384.0052, 37.6768, 430.3285, 174.4532
143441.0738, 6394383.9967, 37.6678, 469.3166, 177.2671
143439.5886, 6394396.4530, 35.5756, 270.6676, 322.3813
143441.0094, 6394370.9238, 34.2076, 847.0513, 329.0766
143443.6387, 6394382.5640, 37.9139, 625.0776, 160.9580
143447.6152, 6394374.6295, 36.6188, 1089.9913, 183.8628
143441.3266, 6394383.5183, 37.6710, 490.3248, 174.1862
143439.8138, 6394384.4969, 37.6857, 396.5682, 176.1738
143447.8482, 6394377.5168, 36.9641, 979.5565, 187.9649
143438.4213, 6394393.4657, 35.0296, 244.4370, 337.8613
143438.6607, 6394384.5170, 37.6189, 334.9510, 176.2773
143440.9581, 6394384.0072, 37.6765, 463.2237, 176.5156
143438.4213, 6394393.4657, 35.0296, 244.4370, 337.8613
143436.5698, 6394387.9680, 37.6867, 192.0995, 191.6141
143438.4309, 6394385.0163, 37.6550, 316.6703, 177.4603
143438.3790, 6394385.0079, 37.6418, 313.9872, 177.9497
143436.5698, 6394387.9680, 37.6867, 192.0995, 191.6141
143438.2152, 6394385.0358, 37.5730, 304.9075, 181.3786
143435.7451, 6394385.9735, 37.3711, 160.3844, 191.8404
143435.7453, 6394379.0149, 33.9611, 221.0659, 368.0757
143441.3079, 6394384.0402, 37.6045, 480.5443, 181.7233
143452.0468, 6394385.1356, 38.1073, 917.9586, 193.5349
143454.8362, 6394391.1579, 38.8926, 872.0833, 199.5552
143435.2058, 6394384.9866, 37.3703, 134.6905, 182.7047
143443.3643, 6394398.9757, 34.2000, 387.8802, 376.6437
143440.5320, 6394371.1308, 33.6632, 798.0856, 380.8373
143443.2462, 6394388.0017, 37.8105, 508.0216, 202.8434
143438.4323, 6394385.0372, 37.5544, 316.6103, 183.0711
143456.5203, 6394384.9803, 42.7926, 1079.4324, 3.0940
143443.3291, 6394387.9829, 37.7343, 511.9252, 206.4311
143435.2768, 6394384.9751, 37.3319, 139.0371, 185.0371
143443.3291, 6394387.9829, 37.7343, 511.9252, 206.4311
143458.0581, 6394387.9876, 43.6741, 1045.7191, 4.5281
143445.1872, 6394400.9418, 33.8119, 429.7989, 390.4486
143436.6127, 6394376.4889, 33.5976, 320.5791, 392.1187
143440.7626, 6394370.9922, 33.4354, 823.6061, 402.1842
143456.3156, 6394385.0052, 42.5891, 1071.8325, 11.1728
143447.7512, 6394378.0666, 36.6951, 954.3847, 208.0772
143435.3865, 6394385.4860, 37.3734, 142.6028, 186.9931
143445.2112, 6394394.0731, 33.4223, 504.0522, 402.8712
143439.7644, 6394378.4327, 33.0110, 503.5883, 431.5142
143441.7790, 6394382.9665, 32.7912, 526.3207, 437.5947
143443.1160, 6394388.5106, 37.6581, 494.9430, 212.3892
143455.6934, 6394384.1605, 42.2107, 1075.7805, 15.8534
143435.3865, 6394385.4860, 37.3734, 142.6028, 186.9931
143455.6934, 6394384.1605, 42.2107, 1075.7805, 15.8534
143435.4347, 6394385.4782, 37.3466, 145.4895, 188.5757
143457.5848, 6394388.0454, 43.2301, 1029.5842, 20.5280
143449.6977, 6394377.2043, 39.7953, 1081.3115, 22.1922
143449.7552, 6394377.1607, 39.7754, 1085.7612, 23.1166
143436.0196, 6394386.9798, 37.4281, 169.4360, 196.6913
143450.4102, 6394376.7984, 39.9843, 1131.3213, 9.3287
143449.7552, 6394377.1607, 39.7754, 1085.7612, 23.1166
143451.9217, 6394385.5184, 37.6513, 903.4258, 215.5955
143440.6720, 6394371.0327, 35.3194, 814.3936, 223.0215
143450.0364, 6394376.9226, 39.6945, 1108.6528, 26.3226
143457.5044, 6394388.1167, 43.2135, 1025.2854, 21.5249
143458.8136, 6394391.6866, 43.9170, 979.5275, 31.6199
143448.4948, 6394372.5330, 38.3936, 1249.6818, 34.4762
143437.3640, 6394390.4756, 37.3720, 215.1146, 223.6847
143459.0986, 6394391.9948, 44.2680, 980.8870, 22.7703
143449.8861, 6394377.1054, 39.5506, 1093.9445, 36.6608
143455.0741, 6394383.6633, 41.5011, 1069.1633, 39.5913
143440.7691, 6394373.4457, 37.7681, 715.5500, 40.5825
143444.0545, 6394391.5335, 37.9572, 491.2677, 216.9828
143440.9667, 6394373.4348, 37.7876, 730.5327, 40.3534
143440.4247, 6394373.4362, 37.7222, 690.2251, 41.4600
143447.7224, 6394377.0761, 36.4027, 990.0796, 218.4905
143459.0986, 6394391.9948, 44.2680, 980.8870, 22.7703
143437.4064, 6394390.4620, 37.2897, 217.2962, 227.5017
143447.6789, 6394377.1155, 36.3634, 986.3804, 221.0642
143455.2168, 6394383.4694, 41.5170, 1080.1362, 37.4999
143446.2508, 6394387.0586, 37.2902, 650.4556, 228.0303
143455.2768, 6394384.0752, 41.6159, 1063.7642, 39.5386
143455.2768, 6394384.0752, 41.6159, 1063.7642, 39.5386
143448.3658, 6394372.4801, 38.2751, 1245.6848, 41.4831
143445.8809, 6394392.4696, 37.8678, 547.6541, 228.2802
143456.8403, 6394387.1556, 42.3641, 1029.1421, 43.8136
143437.3419, 6394374.5096, 37.6295, 412.8680, 44.6864
143438.0945, 6394392.4604, 37.3919, 234.9999, 234.0214
143437.1644, 6394372.5005, 35.2024, 452.0696, 235.0836
143437.5915, 6394372.4262, 35.2001, 493.2826, 236.2646
143437.2888, 6394372.4867, 35.1701, 463.9418, 238.5518
143455.0706, 6394383.4721, 41.2768, 1074.8170, 47.7912
143443.6137, 6394398.0115, 38.0271, 403.0522, 240.8848
143455.6544, 6394385.0854, 41.6749, 1047.0215, 48.5114
143441.1633, 6394372.0382, 37.4602, 804.9669, 42.9789
143443.6137, 6394398.0115, 38.0271, 403.0522, 240.8848
143456.9400, 6394387.9568, 42.3113, 1011.5555, 53.4058
143447.9375, 6394372.1994, 38.0058, 1238.5580, 54.0454
143448.5491, 6394380.6281, 36.4399, 905.3361, 240.7771
143449.0607, 6394375.5854, 38.7871, 1120.5935, 58.2256
143436.4557, 6394375.0567, 37.4613, 327.0592, 62.4533
143436.7472, 6394375.0543, 37.4878, 351.6487, 62.4119
143436.7472, 6394375.0543, 37.4878, 351.6487, 62.4119
143436.5913, 6394375.0672, 37.4627, 338.3304, 63.5850
143437.0231, 6394375.0439, 37.4848, 374.8192, 64.6171
143436.3929, 6394375.5538, 37.5177, 312.8117, 66.1652
143436.3929, 6394375.5538, 37.5177, 312.8117, 66.1652
143448.5953, 6394374.6316, 38.2968, 1142.1207, 74.5458
143442.7930, 6394398.5230, 37.9895, 370.1106, 242.9050
143448.6632, 6394375.1471, 38.3859, 1120.8921, 76.0777
143464.4763, 6394402.6065, 46.6099, 917.8995, 42.9409
143454.0919, 6394384.5614, 40.0829, 1007.5980, 107.5946
143442.7930, 6394398.5230, 37.9895, 370.1106, 242.9050
143454.0919, 6394384.5614, 40.0829, 1007.5980, 107.5946
143448.1185, 6394374.0096, 37.5523, 1147.8081, 114.7711
143464.4763, 6394402.6065, 46.6099, 917.8995, 42.9409
143441.0302, 6394399.5001, 37.8592, 300.9179, 248.5263
143449.2096, 6394378.6408, 38.2388, 1002.3615, 128.2946
143447.6884, 6394373.4920, 37.1426, 1151.2563, 135.1765
143440.0041, 6394382.0195, 37.8889, 444.8868, 144.0555
143447.7917, 6394374.5741, 37.1677, 1102.3673, 146.4653
143458.5777, 6394392.6326, 43.7868, 952.3865, 43.0347
143454.5157, 6394388.0640, 39.7048, 930.6740, 150.3407
143445.9388, 6394392.4798, 37.7953, 549.6582, 231.2825
143440.9675, 6394383.9930, 37.7466, 463.8876, 172.6543
143440.9675, 6394383.9930, 37.7466, 463.8876, 172.6543
143458.5777, 6394392.6326, 43.7868, 952.3865, 43.0347
143440.9833, 6394373.1155, 37.6793, 744.5499, 43.5505
143447.6232, 6394375.0751, 36.6853, 1069.6946, 183.5685
143440.9833, 6394373.1155, 37.6793, 744.5499, 43.5505
143440.3588, 6394373.4347, 37.6790, 685.3270, 44.5797
143440.3588, 6394373.4347, 37.6790, 685.3270, 44.5797
143440.4108, 6394373.4526, 37.6884, 688.5716, 44.5501
143440.4108, 6394373.4526, 37.6884, 688.5716, 44.5501
143439.2238, 6394373.9606, 37.6850, 579.9481, 44.8510
143439.0998, 6394373.9636, 37.6650, 570.1633, 45.6070
143445.9388, 6394392.4798, 37.7953, 549.6582, 231.2825
143447.6052, 6394377.1146, 36.7294, 982.9316, 198.2545
143439.8407, 6394373.6351, 37.6548, 638.6132, 46.2550
143439.7107, 6394373.9675, 37.7124, 617.2635, 46.6162
143439.8259, 6394373.9607, 37.7241, 626.2460, 46.4290
143447.6849, 6394375.0699, 36.4711, 1072.9928, 198.1026
143438.5181, 6394374.4803, 37.6841, 509.0737, 49.0722
143448.0401, 6394371.9569, 38.0219, 1259.0068, 49.4440
143437.7337, 6394374.5085, 37.6075, 445.3259, 49.8021
143438.0248, 6394374.4898, 37.6106, 469.4793, 51.5402
143438.4425, 6394374.4919, 37.6377, 502.8178, 52.6084
143438.9721, 6394374.0002, 37.5741, 559.0438, 53.0600
143438.0603, 6394374.5097, 37.5839, 471.8600, 54.4792
143438.0603, 6394374.5097, 37.5839, 471.8600, 54.4792
143436.1830, 6394375.5252, 37.5299, 295.7118, 63.0201
143443.1248, 6394388.0583, 37.7071, 501.9757, 207.6422
143435.9685, 6394377.5286, 37.8351, 248.8306, 70.9229
143448.6798, 6394375.0090, 38.3510, 1128.2325, 76.6103
143443.1248, 6394388.0583, 37.7071, 501.9757, 207.6422
143437.8903, 6394391.9640, 37.3207, 229.3654, 234.4296
143437.4810, 6394372.4633, 35.2079, 482.1280, 235.4576
143437.4810, 6394372.4633, 35.2079, 482.1280, 235.4576
143437.3173, 6394372.4740, 35.1975, 466.8948, 235.9060
143443.1860, 6394388.5539, 37.6003, 497.3345, 215.3933
143457.8079, 6394392.1303, 42.5765, 940.8591, 79.3664
143435.3948, 6394378.5488, 37.8164, 193.3974, 84.3186
143433.9016, 6394380.0502, 37.7982, 70.0608, 98.0411
143439.3830, 6394395.9645, 37.4617, 264.5240, 248.0515
143433.9016, 6394380.0502, 37.7982, 70.0608, 98.0411
143440.6408, 6394398.9613, 37.7734, 290.8777, 249.1759
143457.3843, 6394392.0309, 41.8836, 930.5917, 102.0596
143435.7431, 6394385.9681, 35.6665, 162.5937, 284.5463
143438.9952, 6394394.9798, 37.2468, 255.9606, 252.1823
143457.3783, 6394391.9711, 41.7300, 931.6528, 107.1204
143435.7431, 6394385.9681, 35.6665, 162.5937, 284.5463
143457.2871, 6394392.0423, 41.7083, 927.4949, 108.1104
143448.1490, 6394375.0794, 37.7226, 1097.4481, 116.5105
143452.3815, 6394405.4864, 37.9047, 587.8571, 276.0681
143448.1901, 6394375.0479, 37.7021, 1101.0023, 117.7111
143435.7307, 6394385.9746, 35.2648, 162.3916, 306.3093
143435.7307, 6394385.9746, 35.2648, 162.3916, 306.3093
143455.2030, 6394388.0647, 40.3580, 953.1723, 126.0893
143439.1785, 6394379.0921, 37.5448, 449.0251, 131.3563
143455.0728, 6394388.0431, 40.1890, 949.4432, 132.3215
143453.5529, 6394410.4765, 38.0476, 566.7037, 283.6757
143437.6520, 6394374.0297, 34.8260, 453.9073, 283.8414
143449.1367, 6394378.6718, 38.1429, 997.8757, 133.7823
143433.7237, 6394380.9931, 37.4122, 54.3668, 135.9959
143433.7313, 6394380.9910, 37.3488, 55.0573, 140.3581
143447.8812, 6394375.0533, 37.2250, 1084.4893, 148.2242
143439.6138, 6394388.4799, 35.0806, 340.3682, 326.2811
143439.6138, 6394388.4799, 35.0806, 340.3682, 326.2811
143433.9561, 6394380.9793, 37.2170, 71.7188, 150.2825
143433.9561, 6394380.9793, 37.2170, 71.7188, 150.2825
143447.7715, 6394375.6542, 37.2069, 1051.7819, 155.2500
143440.7461, 6394370.9915, 36.0163, 822.5770, 155.9416
143440.7461, 6394370.9915, 36.0163, 822.5770, 155.9416
143453.4448, 6394410.4824, 37.9313, 564.1035, 286.5974
143456.3725, 6394392.4956, 40.3457, 891.2109, 157.0069
143447.8569, 6394375.5045, 37.1529, 1062.7296, 157.6268
143447.8569, 6394375.5045, 37.1529, 1062.7296, 157.6268
143449.3281, 6394401.4745, 37.9316, 547.9283, 262.2144
143443.6525, 6394380.0482, 37.5578, 686.0270, 159.3431
143447.6086, 6394375.1705, 36.9874, 1064.8019, 164.1851
143447.6034, 6394375.0983, 36.9522, 1067.7878, 165.7993
143439.4430, 6394383.5285, 37.6178, 390.5156, 170.9790
143449.4061, 6394401.4886, 37.7870, 550.0775, 266.8495
143434.7696, 6394383.4823, 37.2942, 115.7597, 173.1082
143447.6857, 6394375.4980, 36.8939, 1054.0529, 173.9231
143447.6857, 6394375.4980, 36.8939, 1054.0529, 173.9231
143441.2178, 6394383.5612, 37.6299, 484.0184, 176.4096
143449.4061, 6394401.4886, 37.7870, 550.0775, 266.8495
143435.1016, 6394384.4796, 37.3829, 131.1214, 177.5242
143441.3524, 6394400.9481, 35.3446, 303.7004, 339.0793
143435.2542, 6394384.9775, 37.4035, 137.5747, 180.8989
143442.6524, 6394404.4711, 35.3288, 322.1271, 344.5782
143440.9929, 6394370.9342, 34.0199, 845.1650, 346.8660
143448.8656, 6394401.9947, 37.7712, 528.8982, 268.1482
143440.8203, 6394370.9647, 34.8376, 829.8235, 268.9989
143440.8203, 6394370.9647, 34.8376, 829.8235, 268.9989
143438.4281, 6394387.5285, 37.9133, 290.1217, 182.4238
143438.4281, 6394387.5285, 37.9133, 290.1217, 182.4238
143447.6276, 6394376.6141, 36.8731, 1003.9128, 185.1939
143444.0291, 6394407.9511, 35.2660, 340.2898, 350.5824
143440.4538, 6394371.0467, 33.9247, 795.7949, 355.8240
143440.8134, 6394370.9501, 33.9124, 829.8910, 356.9597
143437.2591, 6394388.5319, 37.9179, 223.0964, 185.7943
143437.6522, 6394388.5167, 37.9161, 242.8316, 186.8578
143443.7143, 6394400.4852, 34.7550, 386.1708, 359.0609
143437.6522, 6394388.5167, 37.9161, 242.8316, 186.8578
143455.6049, 6394392.1517, 39.3255, 875.2545, 190.0353
143441.2588, 6394400.9723, 37.3095, 299.0700, 272.4455
143441.0556, 6394370.9159, 34.8000, 851.2827, 272.9050
143441.0556, 6394370.9159, 34.8000, 851.2827, 272.9050
143449.9746, 6394376.9140, 39.9240, 1106.3384, 11.9144
143443.7143, 6394400.4852, 34.7550, 386.1708, 359.0609
143440.6396, 6394371.0037, 33.7774, 813.0909, 369.8247
143440.6396, 6394371.0037, 33.7774, 813.0909, 369.8247
143440.9701, 6394370.9293, 33.7566, 843.5401, 371.7402
143436.8180, 6394388.9827, 37.8476, 197.9124, 191.0382
143456.3393, 6394385.6087, 42.5213, 1055.2528, 20.4113
143445.3324, 6394401.4646, 34.3152, 429.3477, 374.4285
143436.8180, 6394388.9827, 37.8476, 197.9124, 191.0382
143457.2738, 6394387.5605, 42.8593, 1032.3384, 29.3954
143452.1368, 6394405.9691, 37.9296, 576.4039, 276.2562
143448.9083, 6394375.1393, 38.6614, 1133.7521, 59.2269
143436.6777, 6394376.0554, 37.5534, 327.3087, 73.9718
143436.6777, 6394376.0554, 37.5534, 327.3087, 73.9718
143448.3573, 6394376.0374, 37.7899, 1065.0011, 124.2623
143435.5711, 6394385.9933, 37.3695, 150.3817, 191.5587
143445.3324, 6394401.4646, 34.3152, 429.3477, 374.4285
143440.7711, 6394370.4967, 33.6818, 849.9984, 378.1023
143455.4630, 6394389.5931, 40.2483, 925.6247, 141.2498
143440.7065, 6394383.0644, 37.8823, 465.5465, 156.6421
143436.2029, 6394387.5027, 37.5676, 175.9118, 193.5182
143442.9469, 6394398.4595, 34.0789, 378.2384, 380.5456
143448.1821, 6394377.5749, 37.3664, 993.6948, 165.3319
143451.5144, 6394405.9797, 37.8191, 560.1572, 278.8632
143447.5325, 6394374.6473, 36.7951, 1084.9163, 171.6347
143447.6757, 6394375.5178, 36.8382, 1052.6266, 177.7399
143436.2029, 6394387.5027, 37.5676, 175.9118, 193.5182
143451.9126, 6394385.0982, 37.7870, 913.9510, 207.2934
143444.7923, 6394400.4824, 34.1273, 421.3301, 379.9705
143448.0965, 6394379.6632, 36.5204, 915.6761, 229.7504
143447.8589, 6394412.9924, 37.9758, 407.4908, 286.3293
143435.6422, 6394385.9806, 37.3306, 154.5567, 193.8005
143447.5430, 6394375.1859, 36.5074, 1060.3506, 196.1846
143448.0965, 6394379.6632, 36.5204, 915.6761, 229.7504
143434.1613, 6394374.0061, 35.2306, 134.7549, 235.6549
143434.1613, 6394374.0061, 35.2306, 134.7549, 235.6549
143441.1264, 6394370.8625, 35.0668, 859.8105, 247.2693
143434.3271, 6394374.0132, 35.0162, 151.7446, 256.7998
143440.5629, 6394371.1120, 34.3012, 801.5269, 320.4113
143445.4865, 6394395.9753, 33.9679, 490.6629, 383.2168
143447.6879, 6394377.4817, 36.7576, 972.9713, 199.7008
143434.4267, 6394382.4933, 35.7829, 100.6607, 258.3613
143447.6879, 6394377.4817, 36.7576, 972.9713, 199.7008
143451.6432, 6394386.4761, 36.5692, 869.5311, 266.4611
143447.8589, 6394412.9924, 37.9758, 407.4908, 286.3293
143440.9529, 6394370.9463, 34.6396, 841.4432, 288.0979
143447.6436, 6394377.1141, 36.5562, 984.7725, 209.0706
143435.0570, 6394383.9829, 35.7736, 133.5278, 268.2937
143445.5934, 6394401.4400, 33.9759, 437.8218, 385.3018
143443.7077, 6394406.9517, 37.2127, 336.5003, 292.2299
143441.1491, 6394370.8487, 34.5386, 862.2148, 297.5148
143436.5719, 6394388.4674, 35.5181, 191.4930, 302.3217
143444.6270, 6394399.9639, 33.6944, 420.9753, 394.1230
143441.0244, 6394391.9410, 35.2746, 366.3181, 326.2425
143444.6270, 6394399.9639, 33.6944, 420.9753, 394.1230
143440.7441, 6394371.6237, 33.5273, 791.5999, 393.8965
143435.9045, 6394377.9911, 35.0453, 242.6935, 286.2581
143437.4433, 6394378.9453, 33.5292, 341.6632, 397.9096
143435.9045, 6394377.9911, 35.0453, 242.6935, 286.2581
143435.0895, 6394384.4811, 35.2307, 133.5990, 302.1547
143444.8276, 6394394.0174, 33.2333, 491.0363, 410.1321
143435.0895, 6394384.4811, 35.2307, 133.5990, 302.1547
143444.6454, 6394399.9491, 33.0308, 422.0278, 416.1979
143447.2425, 6394415.4355, 37.0500, 376.7959, 313.4099
143445.3511, 6394393.5692, 33.0646, 515.5868, 416.4594
143451.8887, 6394385.5933, 37.6993, 900.3304, 213.8022
143444.1164, 6394396.4774, 32.9756, 438.2519, 419.3187
143441.7297, 6394393.9422, 35.2898, 374.6819, 329.9901
143442.9121, 6394390.9922, 32.9144, 455.5829, 424.6054
143444.6659, 6394391.4920, 37.9737, 515.5190, 217.2891
143445.8608, 6394391.4788, 32.8527, 562.9523, 425.3435
143440.6963, 6394371.6250, 33.1748, 787.7854, 426.0296
143447.8957, 6394378.5807, 36.5941, 942.9403, 218.0518
143440.6963, 6394371.6250, 33.1748, 787.7854, 426.0296
143440.9221, 6394378.9764, 32.7453, 562.2065, 446.7369
143437.6003, 6394372.0146, 32.4568, 510.0291, 498.6447
143439.6125, 6394371.4572, 32.3662, 707.3138, 503.8503
143447.8957, 6394378.5807, 36.5941, 942.9403, 218.0518
143441.0946, 6394370.8842, 35.3596, 856.1850, 219.4019
143444.3754, 6394391.5597, 37.8955, 503.4193, 220.2711
143435.0413, 6394384.4864, 34.5210, 131.7115, 342.9775
143437.1031, 6394389.9720, 37.3472, 206.0102, 221.6036
143437.4475, 6394390.4671, 37.3364, 219.1573, 225.4576
143444.4163, 6394382.6066, 36.7251, 662.1787, 227.5256
143443.2671, 6394405.9472, 34.9947, 331.2652, 356.4777
143440.5860, 6394370.9763, 33.9269, 810.0910, 355.4971
143436.0355, 6394378.9710, 33.9217, 242.5485, 370.8492
143435.7365, 6394375.0111, 33.7573, 272.1635, 377.6755
143440.9294, 6394370.9352, 33.5772, 839.9402, 388.6922
143444.4163, 6394382.6066, 36.7251, 662.1787, 227.5256
143445.1151, 6394396.0381, 33.7266, 477.2832, 391.9756
143437.4210, 6394390.4696, 37.2063, 218.0214, 231.4209
143437.2707, 6394372.4890, 35.1963, 462.1790, 235.9892
143437.2707, 6394372.4890, 35.1963, 462.1790, 235.9892
143445.1151, 6394396.0381, 33.7266, 477.2832, 391.9756
143439.3781, 6394378.5079, 33.0981, 477.4040, 425.9882
143439.7001, 6394371.3956, 32.2081, 717.3895, 518.8024
143440.7600, 6394370.9915, 34.3301, 823.5241, 317.3870
143443.3832, 6394394.9929, 37.7404, 425.0410, 239.6190
143443.3832, 6394394.9929, 37.7404, 425.0410, 239.6190
143440.4673, 6394371.0435, 34.1173, 797.0628, 337.4631
143449.9257, 6394382.5688, 36.4574, 905.9424, 252.4804
143443.8169, 6394399.4391, 35.2725, 398.3660, 340.4389
143449.2359, 6394401.4686, 38.0491, 545.2772, 258.4262
143444.0384, 6394399.9437, 35.2332, 401.2165, 342.5341
143443.6291, 6394406.9568, 35.4283, 335.1147, 344.7187
143441.2046, 6394373.6098, 34.1469, 741.5738, 344.6244
143441.2046, 6394373.6098, 34.1469, 741.5738, 344.6244
143440.0643, 6394397.9719, 35.4501, 278.3297, 330.1506
143441.6981, 6394393.9543, 35.2067, 373.3892, 333.2857
143440.9220, 6394370.9398, 34.1556, 839.2124, 333.9543
143440.5652, 6394370.9841, 34.1307, 808.0208, 336.0555
143446.3266, 6394404.4548, 35.4834, 432.4657, 341.0790
143444.0419, 6394400.9652, 35.1083, 392.5304, 347.9600
143448.7176, 6394401.9845, 37.8495, 524.6789, 265.5379
143440.7956, 6394370.9734, 34.8733, 827.3897, 265.5892
143451.3755, 6394401.0960, 35.1660, 611.4927, 348.4971
143444.0419, 6394400.9652, 35.1083, 392.5304, 347.9600
143449.1971, 6394401.4795, 37.7899, 544.1073, 266.5201
143453.1788, 6394405.5905, 35.3043, 607.7738, 349.5384
143444.6760, 6394401.4775, 35.0707, 408.3381, 349.9667
143440.9292, 6394399.9585, 37.2865, 294.5892, 269.9492
143453.1788, 6394405.5905, 35.3043, 607.7738, 349.5384
143440.9292, 6394399.9585, 37.2865, 294.5892, 269.9492
143449.7055, 6394396.5612, 34.5154, 620.8974, 364.7162
143450.1270, 6394406.4985, 37.8219, 518.5636, 278.7882
143448.6609, 6394409.4422, 34.7694, 455.4477, 366.4425
143449.7427, 6394406.5385, 37.7882, 507.9896, 279.5099
143448.2106, 6394393.1045, 34.3535, 621.9874, 367.2687
143442.2798, 6394403.4603, 37.2627, 316.0142, 281.5772
143445.7298, 6394397.0237, 34.4096, 486.7965, 368.1776
143448.2160, 6394412.4792, 37.9790, 419.9989, 285.5108
143449.0060, 6394410.4262, 34.6548, 456.4969, 370.1357
143445.0102, 6394401.4566, 34.9463, 419.0760, 354.0543
143440.5121, 6394371.0116, 33.9383, 802.2936, 354.4634
143448.2160, 6394412.4792, 37.9790, 419.9989, 285.5108
143448.4125, 6394375.6053, 38.0981, 1087.0331, 99.5464
143440.0153, 6394381.0486, 34.1946, 465.5213, 357.8551
143448.4125, 6394375.6053, 38.0981, 1087.0331, 99.5464
143449.0060, 6394410.4262, 34.6548, 456.4969, 370.1357
143440.3524, 6394371.1085, 33.7762, 784.4662, 370.0598
143440.3524, 6394371.1085, 33.7762, 784.4662, 370.0598
143454.8661, 6394386.0945, 40.2371, 992.0968, 115.6637
143445.7718, 6394396.5388, 34.3046, 493.7373, 371.5229
143447.2570, 6394390.6169, 34.0863, 627.4375, 375.5245
143443.5088, 6394406.4446, 37.3069, 333.9275, 288.1989
143440.7328, 6394371.0077, 34.6293, 820.5375, 288.9465
143447.9374, 6394376.1074, 37.4546, 1040.7935, 144.5937
143446.1551, 6394387.6145, 33.9834, 637.1069, 377.5674
143446.7265, 6394389.1110, 34.0529, 632.9089, 375.7372
143448.1767, 6394377.5738, 37.3923, 993.4852, 163.7372
143447.4756, 6394375.1793, 36.7978, 1057.3295, 176.4372
143447.3254, 6394390.5879, 34.0119, 630.4412, 378.4997
143446.7265, 6394389.1110, 34.0529, 632.9089, 375.7372
143447.4756, 6394375.1793, 36.7978, 1057.3295, 176.4372
143447.5224, 6394374.1702, 36.6382, 1107.2866, 177.6933
143445.6877, 6394411.9964, 37.7103, 358.6515, 289.8369
143445.4789, 6394394.9832, 33.8692, 502.1702, 386.3673
143440.8336, 6394370.9575, 33.5923, 831.1029, 387.3033
143440.9041, 6394372.1103, 33.5743, 781.8459, 389.9831
143443.1443, 6394388.0576, 37.6629, 502.8515, 209.7144
143443.1443, 6394388.0576, 37.6629, 502.8515, 209.7144
143440.5489, 6394371.1297, 33.5623, 799.5077, 390.3544
143444.4999, 6394408.9642, 37.4443, 345.9457, 290.2834
143445.9536, 6394393.4636, 33.7299, 538.2811, 390.9795
143443.1443, 6394388.0576, 37.6629, 502.8515, 209.7144
143441.1617, 6394376.0553, 33.5351, 654.6061, 395.3457
143441.1617, 6394376.0553, 33.5351, 654.6061, 395.3457
143447.5569, 6394376.6711, 36.5074, 997.8917, 208.4468
143445.1442, 6394395.0293, 33.7034, 489.9598, 392.5357
143447.5569, 6394376.6711, 36.5074, 997.8917, 208.4468
143444.4999, 6394408.9642, 37.4443, 345.9457, 290.2834
143433.2344, 6394379.0108, 35.5831, 25.5613, 246.1658
143445.6323, 6394393.4858, 33.5322, 526.5801, 398.5605
143445.9052, 6394393.4830, 33.5288, 536.3754, 398.6378
143442.3264, 6394391.4903, 27.9214, 428.9541, 630.4885
143445.7313, 6394393.4781, 33.4856, 530.2451, 400.3167
143440.6598, 6394371.6531, 33.4569, 783.5936, 400.3628
143445.9052, 6394393.4830, 33.5288, 536.3754, 398.6378
143450.1938, 6394404.4505, 33.3341, 541.8807, 404.8122
143450.1938, 6394404.4505, 33.3341, 541.8807, 404.8122
143439.9832, 6394373.1072, 33.3689, 670.6113, 408.5140
143439.8607, 6394372.5927, 33.3333, 680.6288, 411.8544
143439.4529, 6394371.6030, 33.2989, 687.3408, 415.8873
143439.6074, 6394372.0728, 33.2641, 680.8615, 418.6083
143439.4526, 6394371.6030, 33.2702, 687.3268, 418.5878
143440.5273, 6394371.1331, 33.2486, 797.5824, 419.9294
143439.5058, 6394371.5469, 33.2230, 694.1963, 423.0440
143439.5058, 6394371.5469, 33.2230, 694.1963, 423.0440
143439.5962, 6394371.5006, 33.1600, 703.8148, 428.9398
143439.6362, 6394370.9867, 33.0852, 730.0956, 436.9355
143439.6362, 6394370.9867, 33.0852, 730.0956, 436.9355
143439.6570, 6394370.9748, 33.0598, 732.4377, 439.4014
143440.9849, 6394380.5123, 32.7754, 532.0346, 442.4007
143440.9849, 6394380.5123, 32.7754, 532.0346, 442.4007
143439.3123, 6394371.4876, 32.5784, 680.5543, 484.5869
143438.7296, 6394371.5188, 32.5787, 628.8384, 486.0857
143439.0764, 6394371.4957, 32.5659, 659.9930, 486.4082
143439.3228, 6394371.4810, 32.5521, 681.7412, 487.0774
143438.8429, 6394371.5285, 32.5256, 638.4217, 490.7924
143439.0491, 6394371.5058, 32.5180, 657.2486, 491.0114
143438.2165, 6394371.9863, 32.4294, 566.3452, 499.4126
143438.2165, 6394371.9863, 32.4294, 566.3452, 499.4126
143439.4822, 6394371.4685, 32.3893, 695.8572, 502.0491
143439.2041, 6394371.4904, 32.3823, 671.2776, 503.5061
143439.2041, 6394371.4904, 32.3823, 671.2776, 503.5061
143439.4500, 6394371.4754, 32.3692, 692.8498, 504.0045
143439.4500, 6394371.4754, 32.3692, 692.8498, 504.0045
143439.5115, 6394371.4618, 32.3676, 698.6202, 504.0334
143439.5115, 6394371.4618, 32.3676, 698.6202, 504.0334
143437.8946, 6394372.0121, 32.3848, 536.8362, 504.5692
143437.3561, 6394372.4605, 32.2730, 474.3552, 514.2227
143438.8553, 6394371.5036, 32.2747, 640.6425, 514.9094
143438.8968, 6394371.5373, 32.2697, 642.9145, 515.0093
143439.1563, 6394371.4882, 32.2521, 667.3297, 516.0555
143439.1116, 6394371.4882, 32.1909, 663.5205, 522.0350
143440.6687, 6394371.0512, 34.5038, 813.1418, 301.0231
143440.7494, 6394371.6023, 33.4522, 793.0162, 400.7332
143442.1847, 6394391.5178, 27.8459, 423.0066, 633.8364
143447.9992, 6394396.0951, 33.3126, 573.2188, 406.1687
143444.9629, 6394395.0489, 33.2891, 483.5300, 407.8895
143444.9629, 6394395.0489, 33.2891, 483.5300, 407.8895
143443.4808, 6394389.4816, 33.2053, 498.6190, 412.5467
143444.1062, 6394385.6051, 33.2099, 587.7864, 413.0166
143444.1062, 6394385.6051, 33.2099, 587.7864, 413.0166
143445.7520, 6394393.4423, 33.0095, 531.6443, 418.4371
143442.5607, 6394391.4176, 27.9019, 439.1682, 631.0181
143435.9470, 6394386.4879, 35.7883, 170.6080, 280.4640
143445.6366, 6394393.4790, 32.9365, 527.0604, 421.2514
143435.0753, 6394384.4839, 35.2089, 132.7546, 303.4036
143445.6366, 6394393.4790, 32.9365, 527.0604, 421.2514
143435.0753, 6394384.4839, 35.2089, 132.7546, 303.4036
143446.2830, 6394393.4910, 32.8796, 549.9167, 423.1110
143438.9584, 6394394.9915, 35.3381, 255.9948, 328.3997
143446.2830, 6394393.4910, 32.8796, 549.9167, 423.1110
143440.4915, 6394371.1537, 33.1856, 793.6697, 425.8780
143440.7129, 6394371.6138, 33.0931, 789.6116, 433.4607
143439.2944, 6394371.4970, 32.5882, 678.6288, 483.6655
143438.0902, 6394371.9996, 32.5268, 554.6072, 490.4911
143438.0902, 6394371.9996, 32.5268, 554.6072, 490.4911
143438.0902, 6394371.9996, 32.5268, 554.6072, 490.4911
143439.3250, 6394371.4798, 32.4307, 682.0212, 498.5842
143437.9912, 6394371.9964, 32.4309, 545.9720, 499.9440
143438.5422, 6394371.5271, 32.3984, 612.0872, 504.0027
143438.7306, 6394371.5112, 32.3635, 629.3669, 506.8058
143437.7041, 6394372.0160, 32.3595, 519.5325, 507.6201
143438.4811, 6394371.5442, 32.3653, 606.0229, 507.2984
143439.2455, 6394371.4910, 32.3373, 674.8184, 507.6300
143437.5669, 6394372.0168, 32.3287, 507.0433, 511.0618
143439.2812, 6394371.4853, 32.2977, 678.1210, 511.2955
143439.2812, 6394371.4853, 32.2977, 678.1210, 511.2955
143438.7831, 6394371.5075, 32.2627, 634.1783, 516.3083
143438.9584, 6394394.9915, 35.3381, 255.9948, 328.3997
143445.1259, 6394398.9927, 33.0020, 446.7661, 417.2493
143441.2161, 6394373.0005, 33.1318, 766.9388, 427.4839
143442.3642, 6394391.4567, 27.7890, 430.9342, 635.9866
143439.1179, 6394371.4890, 32.2268, 664.0072, 518.5974
143439.1179, 6394371.4890, 32.2268, 664.0072, 518.5974
143442.3642, 6394391.4567, 27.7890, 430.9342, 635.9866
143447.8694, 6394416.9445, 37.0269, 382.6199, 316.3509
143440.5069, 6394371.0109, 34.2549, 801.9163, 324.2303
143440.5069, 6394371.0109, 34.2549, 801.9163, 324.2303
143440.5393, 6394370.9909, 34.2604, 805.5590, 323.6559
143437.2130, 6394374.5677, 37.4891, 400.9382, 56.9518
143437.2130, 6394374.5677, 37.4891, 400.9382, 56.9518
143439.4583, 6394396.4757, 35.5244, 265.5149, 324.2972
143456.3153, 6394387.5508, 41.4985, 1001.9399, 80.1092
143447.5955, 6394373.0911, 37.2064, 1167.7351, 125.0357
143447.5955, 6394373.0911, 37.2064, 1167.7351, 125.0357
143447.7450, 6394377.4832, 36.4788, 975.5907, 216.8192
143451.4272, 6394401.0734, 35.7871, 613.0836, 329.4101
143440.8457, 6394370.9508, 34.1989, 832.5042, 329.7924
143440.6729, 6394370.9739, 34.1523, 817.3199, 334.0929
143441.0445, 6394370.9203, 34.1440, 850.0380, 335.1334
143440.4977, 6394371.0258, 34.1124, 800.4198, 337.8899
143440.8499, 6394370.9452, 34.0963, 833.1155, 339.5151
143435.4473, 6394385.4724, 35.5403, 148.7869, 289.0020
143435.4473, 6394385.4724, 35.5403, 148.7869, 289.0020
143441.3184, 6394400.9568, 35.3057, 302.5134, 340.3928
143441.0090, 6394370.9334, 34.0803, 846.5052, 341.1647
143441.0090, 6394370.9334, 34.0803, 846.5052, 341.1647
143440.5741, 6394370.9821, 34.0662, 808.8395, 342.2220
143444.9695, 6394401.9834, 35.1566, 413.0876, 347.8619
143440.7152, 6394370.9635, 33.9080, 821.2563, 357.3549
143441.8855, 6394402.4854, 35.7922, 310.7306, 326.7713
143436.0542, 6394387.4867, 34.5207, 171.8803, 349.5086
143444.5261, 6394400.9558, 34.6055, 408.3712, 364.5671
143444.5261, 6394400.9558, 34.6055, 408.3712, 364.5671
143444.5261, 6394400.9558, 34.6055, 408.3712, 364.5671
143436.9704, 6394374.5230, 37.7772, 381.0583, 28.8571
143449.3278, 6394375.5244, 39.2110, 1136.8088, 31.6112
143449.7649, 6394377.1631, 39.1647, 1085.6937, 59.9391
143448.4806, 6394374.1506, 38.2149, 1160.1671, 72.6534
143456.9291, 6394389.6145, 41.8929, 970.7427, 83.0233
143434.6826, 6394374.5088, 34.9194, 181.1030, 271.0243
143437.5775, 6394383.5196, 34.9827, 288.7567, 316.0453
143435.8700, 6394374.9851, 33.8091, 284.0666, 373.2146
143448.2503, 6394374.5981, 37.8619, 1125.6682, 101.6544
143448.1843, 6394375.5762, 37.7570, 1076.6068, 120.2906
143448.0743, 6394376.5259, 37.3437, 1030.0442, 156.4457
143447.3842, 6394372.6107, 36.5777, 1182.0010, 164.9395
143434.8325, 6394383.9907, 36.1627, 118.9598, 244.8870
143434.6710, 6394383.4902, 34.7913, 113.4482, 324.1722
143436.3138, 6394387.9792, 34.6427, 182.3450, 344.3736
143437.3418, 6394374.5076, 37.6378, 412.8985, 43.9290
143437.0438, 6394374.5400, 37.5936, 387.1723, 45.9179
143456.7878, 6394387.1227, 42.2959, 1028.3203, 46.0672
143455.0720, 6394383.4723, 41.2721, 1074.8577, 48.0142
143437.7832, 6394374.5223, 37.5615, 449.0836, 54.4174
143437.7832, 6394374.5223, 37.5615, 449.0836, 54.4174
143456.7151, 6394387.6778, 42.2157, 1011.5817, 53.9417
143454.8201, 6394384.0657, 41.1219, 1047.9706, 59.5854
143447.5674, 6394371.5590, 37.7275, 1256.7493, 62.2864
143437.8344, 6394374.5610, 37.4563, 452.4094, 64.5587
143436.1437, 6394377.5401, 37.8341, 262.2093, 72.3708
143436.1437, 6394377.5401, 37.8341, 262.2093, 72.3708
143436.9034, 6394375.9982, 37.5788, 346.3339, 72.5549
143449.0677, 6394376.1001, 38.6245, 1097.6854, 75.5928
143448.7263, 6394376.1642, 38.4103, 1078.1165, 88.1220
143449.2398, 6394377.6303, 38.6159, 1042.1946, 95.6906
143454.8928, 6394387.1902, 40.4322, 964.6694, 115.8722
143448.5421, 6394377.1997, 37.8280, 1025.8363, 135.1902
143447.7416, 6394374.6776, 37.2550, 1094.8558, 141.4160
143454.1031, 6394386.6602, 39.4281, 951.3865, 151.4194
143447.5805, 6394374.0893, 36.7515, 1114.5051, 169.1788
143447.5124, 6394374.1882, 36.5892, 1105.8232, 181.2532
143434.8920, 6394384.0018, 36.6625, 121.8301, 215.5085
143448.5905, 6394380.0169, 36.4042, 926.5139, 239.3828
143453.0702, 6394410.4775, 38.0107, 555.1924, 284.2779
143440.6883, 6394370.9734, 33.7900, 818.5642, 368.5810
143440.6883, 6394370.9734, 33.7900, 818.5642, 368.5810
143453.0702, 6394410.4775, 38.0107, 555.1924, 284.2779
143453.0702, 6394410.4775, 38.0107, 555.1924, 284.2779
143436.6383, 6394379.9765, 35.0802, 270.9888, 295.1586
143436.6383, 6394379.9765, 35.0802, 270.9888, 295.1586
143436.8040, 6394388.9920, 35.6563, 199.6245, 297.5269
143441.0380, 6394370.9245, 34.5244, 849.3748, 299.0936
143440.9258, 6394370.9364, 34.4661, 839.7430, 304.4583
143438.6657, 6394385.9890, 35.0980, 320.7054, 318.2592
143438.6657, 6394385.9890, 35.0980, 320.7054, 318.2592
143440.5367, 6394371.0034, 34.0943, 804.7281, 339.5773
143442.6312, 6394404.4745, 35.3591, 321.4299, 343.6350
143439.5703, 6394396.4570, 34.9566, 270.4194, 345.9809
143439.5703, 6394396.4570, 34.9566, 270.4194, 345.9809
143441.8814, 6394402.4528, 35.0774, 311.2554, 350.0172
143445.5002, 6394401.9294, 34.8144, 430.1266, 358.8531
143436.9373, 6394377.9509, 33.9932, 321.0093, 364.3217
143436.9373, 6394377.9509, 33.9932, 321.0093, 364.3217
143449.2398, 6394376.0406, 38.7827, 1108.7491, 65.7746
143450.2062, 6394413.4365, 34.6631, 462.8021, 371.6488
143437.3079, 6394378.9503, 33.7938, 332.0489, 379.8423
143437.3079, 6394378.9503, 33.7938, 332.0489, 379.8423
143449.8627, 6394412.4299, 33.5060, 462.5636, 400.4589
143445.6263, 6394393.4767, 33.1716, 526.6275, 412.3054
143445.6263, 6394393.4767, 33.1716, 526.6275, 412.3054
143437.5390, 6394372.0303, 32.5672, 503.7992, 488.1203
143438.6816, 6394371.5248, 32.4484, 624.4692, 498.7307
143437.0005, 6394374.5817, 37.4627, 382.7777, 57.8008
143437.0005, 6394374.5817, 37.4627, 382.7777, 57.8008
143437.5324, 6394375.0800, 37.4749, 415.6016, 69.9465
143449.9655, 6394376.9873, 39.7308, 1102.6802, 24.6121
143449.7346, 6394377.2058, 39.6897, 1082.8809, 28.7886
143457.4331, 6394388.0208, 42.9350, 1025.4360, 31.2816
143449.9466, 6394377.0420, 39.5800, 1099.4008, 34.3730
143455.1200, 6394383.6455, 41.5568, 1071.3419, 37.0932
143458.7120, 6394392.0392, 43.7466, 968.8753, 40.1846
143456.9897, 6394387.0212, 42.4004, 1037.4385, 41.7018
143449.6206, 6394376.6493, 39.3102, 1100.7002, 43.3973
143454.7421, 6394384.0734, 40.9475, 1044.9418, 67.1519
143436.1867, 6394375.5361, 37.4764, 295.9329, 67.7686
143436.1867, 6394375.5361, 37.4764, 295.9329, 67.7686
143448.7955, 6394375.0098, 38.4352, 1134.0790, 71.7013
143456.2661, 6394388.0250, 41.3667, 988.3879, 88.9800
143456.2661, 6394388.0250, 41.3667, 988.3879, 88.9800
143448.4197, 6394375.0751, 38.1040, 1111.7572, 92.4577
143448.1269, 6394374.0400, 37.6900, 1146.8331, 105.5867
143447.5174, 6394372.6017, 37.2967, 1190.7864, 111.3384
143456.8686, 6394392.4727, 41.1118, 906.2903, 130.9183
143455.7186, 6394384.1078, 42.3020, 1078.2776, 11.3551
143457.1703, 6394392.0591, 41.5139, 923.7079, 114.8324
143457.3073, 6394387.0434, 42.9494, 1047.0676, 21.0206
143457.1703, 6394392.0591, 41.5139, 923.7079, 114.8324
143447.4310, 6394372.6375, 37.1811, 1183.7939, 120.0515
143449.8676, 6394377.0606, 39.7767, 1095.1171, 22.2952
143455.5323, 6394384.0913, 41.9451, 1072.2275, 26.1767
143456.3683, 6394392.0354, 40.4400, 900.4888, 151.0570
143457.1622, 6394387.0543, 42.7479, 1042.1353, 28.6621
143454.0890, 6394387.4599, 39.3172, 931.0169, 161.1268
143450.1035, 6394376.8824, 39.6280, 1113.4028, 30.1762
143438.9499, 6394373.9870, 37.6608, 557.6320, 45.1813
143441.0773, 6394383.9682, 37.8701, 469.8284, 166.1585
143437.9135, 6394374.4995, 37.6113, 460.2127, 50.7627
143437.6406, 6394374.5072, 37.5569, 437.7789, 53.3853
143447.5365, 6394375.1487, 36.6893, 1061.8250, 183.6550
143448.9785, 6394375.6796, 38.7229, 1112.2101, 63.1857
143436.1134, 6394375.5449, 37.5035, 289.5659, 65.0746
143436.2866, 6394377.5400, 37.8539, 273.1403, 71.8229
143436.2866, 6394377.5400, 37.8539, 273.1403, 71.8229
143435.9680, 6394378.0451, 37.8182, 242.4010, 80.2683
143448.6053, 6394375.0255, 38.2645, 1123.6210, 82.1609
143435.6491, 6394378.0563, 37.7605, 218.0315, 82.7234
143457.9079, 6394392.4572, 42.5262, 936.8237, 83.7770
143455.4062, 6394388.1178, 40.7175, 958.5204, 112.7353
143448.2348, 6394375.6137, 37.8720, 1077.5553, 113.4711
143455.0596, 6394387.6309, 40.2943, 959.1176, 125.1838
143448.2056, 6394376.1014, 37.6887, 1054.6267, 130.7396
143448.2140, 6394376.0011, 37.6461, 1059.3372, 132.4082
143448.0101, 6394375.5892, 37.5552, 1067.0541, 132.8121
143448.8016, 6394378.1431, 38.0148, 1001.8587, 134.6420
143447.9603, 6394375.1368, 37.4487, 1084.8923, 134.5476
143444.5342, 6394391.5227, 37.9260, 510.0455, 219.1466
143439.5336, 6394379.5510, 37.5731, 462.3627, 136.2930
143448.1883, 6394379.5707, 36.7111, 922.9645, 218.7649
143454.5180, 6394387.1082, 39.7803, 954.1249, 140.9680
143447.8843, 6394375.6868, 37.4144, 1056.2488, 142.5122
143433.7985, 6394380.9983, 37.3075, 60.0154, 143.5807
143434.1423, 6394381.9885, 37.3189, 80.8187, 154.9263
143434.3002, 6394382.4847, 37.4019, 89.4199, 155.2365
143434.3178, 6394382.4872, 37.3061, 90.7577, 161.4411
143441.2098, 6394383.5341, 37.8130, 483.9500, 166.1834
143447.6759, 6394374.5051, 36.8667, 1099.3357, 165.8752
143440.2462, 6394383.9734, 37.7338, 426.8017, 170.8476
143441.2773, 6394383.5258, 37.7279, 487.6227, 170.9836
143441.2773, 6394383.5258, 37.7279, 487.6227, 170.9836
143447.5032, 6394375.1478, 36.8397, 1060.2261, 173.4332
143447.5032, 6394375.1478, 36.8397, 1060.2261, 173.4332
143451.6603, 6394385.5701, 37.4027, 892.5295, 226.2927
143453.6600, 6394387.5206, 38.7339, 915.0273, 184.3530
143447.6199, 6394376.6168, 36.8906, 1003.4277, 184.0888
143447.6199, 6394376.6168, 36.8906, 1003.4277, 184.0888
143434.0603, 6394381.4819, 36.7840, 78.0613, 184.9210
143442.9731, 6394387.5452, 37.9031, 503.0044, 195.1519
143442.9731, 6394387.5452, 37.9031, 503.0044, 195.1519
143434.4495, 6394373.9928, 35.1685, 163.7077, 242.5706
143449.9403, 6394381.9077, 36.4857, 925.8138, 247.9150
143434.5844, 6394382.9998, 35.7131, 108.7701, 265.8838
143435.6241, 6394376.9731, 35.1843, 233.0820, 268.8290
143450.5967, 6394406.0335, 38.1079, 535.4158, 270.0275
143435.7221, 6394376.9594, 35.1524, 241.1339, 271.4799
143448.9028, 6394380.5959, 37.1960, 922.0800, 201.0547
143447.8101, 6394375.4256, 36.4895, 1063.3947, 200.3605
143447.8101, 6394375.4256, 36.4895, 1063.3947, 200.3605
143442.9947, 6394388.0891, 37.8024, 495.8266, 203.1328
143443.0058, 6394388.4955, 37.7480, 490.3891, 207.9741
143443.0058, 6394388.4955, 37.7480, 490.3891, 207.9741
143451.0866, 6394406.0027, 37.8619, 548.7129, 277.3485
143436.5793, 6394379.4579, 35.1686, 273.1986, 286.5582
143436.9046, 6394380.4567, 35.1725, 282.7523, 291.7259
143437.5096, 6394382.4666, 35.2126, 296.4722, 298.7765
143437.3440, 6394390.4793, 35.5856, 216.0017, 305.9762
143441.1041, 6394370.8835, 35.3205, 856.9756, 223.1770
143444.9925, 6394392.9737, 37.9622, 508.0791, 225.2219
143437.1584, 6394372.4997, 35.2223, 451.5130, 233.1305
143451.4789, 6394385.6464, 37.1700, 883.9311, 236.5818
143451.4256, 6394386.1066, 37.0027, 870.6272, 245.8899
143435.1648, 6394375.4577, 35.2323, 213.1725, 252.3421
143435.3186, 6394375.9629, 35.2437, 220.2204, 255.8970
143440.0255, 6394389.4603, 35.2176, 348.8194, 322.5387
143440.9224, 6394370.9387, 34.0999, 839.2920, 339.2330
143440.9224, 6394370.9387, 34.0999, 839.2920, 339.2330
143451.3140, 6394400.6156, 34.7513, 615.7418, 360.7985
143440.7106, 6394370.9579, 33.8638, 821.1572, 361.5337
143440.7106, 6394370.9579, 33.8638, 821.1572, 361.5337
143442.1153, 6394399.5498, 34.4672, 340.4565, 367.7147
143442.1153, 6394399.5498, 34.4672, 340.4565, 367.7147
143440.4063, 6394371.0777, 33.7763, 790.3838, 370.0028
143448.8631, 6394401.5039, 38.0493, 534.0133, 258.1098
143443.2107, 6394400.0264, 34.3886, 373.6334, 370.8902
143448.7573, 6394401.5606, 37.8824, 530.3546, 263.3855
143435.6662, 6394376.9597, 35.2512, 236.4984, 263.6031
143443.9999, 6394399.4781, 34.0441, 404.7255, 382.2515
143440.5698, 6394371.1092, 33.6293, 802.2049, 384.0079
143440.5698, 6394371.1092, 33.6293, 802.2049, 384.0079
143440.5698, 6394371.1092, 33.6293, 802.2049, 384.0079
143443.5616, 6394398.9745, 33.9365, 394.6863, 385.7169
143450.9730, 6394406.0240, 38.0976, 545.4466, 270.6365
143443.5616, 6394398.9745, 33.9365, 394.6863, 385.7169
143440.7751, 6394370.9940, 33.5678, 824.5377, 389.6623
143450.2052, 6394406.4700, 37.8239, 520.9031, 278.7321
143448.6687, 6394409.4234, 33.8162, 456.1433, 392.0952
143453.3484, 6394410.4799, 38.0495, 561.8047, 283.4839
143449.8802, 6394376.9823, 39.9755, 1099.1268, 9.2081
143448.6687, 6394409.4234, 33.8162, 456.1433, 392.0952
143440.6568, 6394371.0570, 33.4436, 811.8223, 401.4718
143455.7240, 6394384.1064, 42.2922, 1078.5004, 11.7977
143445.8909, 6394393.4532, 33.4250, 536.3011, 402.5857
143449.7302, 6394377.1299, 39.9346, 1085.9849, 12.9119
143449.7844, 6394377.0954, 39.8957, 1089.9019, 15.0922
143445.3322, 6394394.0045, 33.2390, 509.3125, 409.7619
143452.8612, 6394410.9694, 38.0388, 545.6835, 284.3622
143455.5328, 6394384.0931, 41.9384, 1072.1887, 26.4950
143443.4237, 6394398.4659, 33.2056, 394.9866, 410.9396
143455.5328, 6394384.0931, 41.9384, 1072.1887, 26.4950
143443.4237, 6394398.4659, 33.2056, 394.9866, 410.9396
143439.1077, 6394378.0196, 33.0803, 470.1610, 427.9113
143444.6911, 6394389.0213, 32.8469, 554.8561, 427.6427
143457.4098, 6394388.1431, 43.0179, 1021.6329, 29.0601
143442.3035, 6394384.9917, 32.8324, 516.1726, 432.9579
143452.8612, 6394410.9694, 38.0388, 545.6835, 284.3622
143442.3035, 6394384.9917, 32.8324, 516.1726, 432.9579
143437.7321, 6394372.0127, 32.4740, 522.0579, 496.5775
143455.4370, 6394384.0910, 41.8473, 1068.9177, 30.0971
143455.5075, 6394383.9812, 41.8168, 1074.6475, 30.6307
143449.5558, 6394376.1509, 39.3901, 1119.4520, 30.9490
143437.9857, 6394371.9978, 32.3430, 545.5165, 508.3261
143439.6371, 6394371.4363, 32.2762, 710.3114, 512.3618
143448.4635, 6394372.5409, 38.3530, 1247.4817, 37.4042
143439.5206, 6394373.9543, 37.7319, 603.1301, 43.1679
143439.7535, 6394373.9431, 37.7544, 621.3204, 42.9511
143440.8326, 6394372.1216, 37.4470, 775.6027, 42.9937
143440.8326, 6394372.1216, 37.4470, 775.6027, 42.9937
143440.9883, 6394372.0800, 37.4546, 789.5571, 42.8133
143440.9883, 6394372.0800, 37.4546, 789.5571, 42.8133
143440.8245, 6394372.6396, 37.5565, 752.3903, 43.5785
143440.8245, 6394372.6396, 37.5565, 752.3903, 43.5785
143439.0431, 6394373.9851, 37.6706, 565.0312, 45.0703
143440.2254, 6394373.4734, 37.6718, 673.7875, 44.8439
143440.2254, 6394373.4734, 37.6718, 673.7875, 44.8439
143438.9534, 6394373.9862, 37.6585, 557.9330, 45.3927
143439.6309, 6394371.4174, 32.1413, 710.6618, 525.2015
143455.1419, 6394384.0726, 41.4558, 1059.1049, 46.0733
143458.6807, 6394392.5104, 43.6610, 957.8467, 46.8165
143440.5832, 6394373.4656, 37.6691, 701.0031, 47.8442
143437.7915, 6394374.5051, 37.6215, 450.1293, 48.9999
143439.2025, 6394373.9902, 37.6045, 577.4012, 52.1224
143438.1749, 6394374.4973, 37.6007, 481.3798, 53.7247
143437.9897, 6394374.5111, 37.5702, 466.1378, 55.1135
143437.9897, 6394374.5111, 37.5702, 466.1378, 55.1135
143436.7217, 6394375.0241, 37.5358, 350.0268, 57.5417
143436.2428, 6394375.0629, 37.4490, 308.7891, 61.9516
143436.0432, 6394375.5511, 37.4804, 283.5797, 66.6041
143436.2199, 6394376.5665, 37.6591, 282.1953, 70.7357
143436.0221, 6394377.5379, 37.7987, 252.9175, 74.2288
143436.2157, 6394376.5734, 37.6080, 281.8376, 74.9233
143435.3402, 6394378.0473, 37.8080, 194.1519, 76.9756
143435.8526, 6394378.0433, 37.8120, 233.6623, 79.9577
143435.4480, 6394378.5409, 37.8707, 197.4229, 80.5079
143435.2318, 6394378.5367, 37.8256, 181.0647, 82.4252
143448.6019, 6394375.0300, 38.2598, 1123.2338, 82.5118
143457.9201, 6394392.4498, 42.5203, 937.3249, 83.9684
143434.6462, 6394378.5528, 37.7517, 135.6818, 84.4706
143453.4955, 6394411.0074, 37.8451, 560.4309, 289.8210
143437.7036, 6394382.9605, 35.3128, 302.0450, 295.1216
143440.7626, 6394370.9897, 34.3327, 823.8298, 317.1288
143440.4764, 6394398.9662, 35.4196, 286.6020, 333.1143
143441.3392, 6394400.9515, 35.3286, 303.2380, 339.6190
143454.9726, 6394410.1132, 35.3832, 604.2005, 351.9359
143440.5105, 6394371.0152, 33.8476, 801.9841, 363.1138
143443.2999, 6394398.0104, 34.3374, 394.2692, 371.1972
143440.6261, 6394371.0753, 33.6939, 808.4401, 377.8589
143440.6261, 6394371.0753, 33.6939, 808.4401, 377.8589
143444.3727, 6394399.9600, 34.1470, 412.5392, 379.0359
143440.7664, 6394375.0809, 33.4763, 658.9150, 399.5070
143440.7664, 6394375.0809, 33.4763, 658.9150, 399.5070
143440.7664, 6394375.0809, 33.4763, 658.9150, 399.5070
143445.0017, 6394395.0515, 33.4288, 484.8045, 402.7144
143446.6518, 6394394.4751, 32.8761, 549.6198, 422.6480
143446.6518, 6394394.4751, 32.8761, 549.6198, 422.6480
143446.6518, 6394394.4751, 32.8761, 549.6198, 422.6480
143441.0906, 6394381.9079, 32.8188, 510.1647, 437.9312
143440.0062, 6394371.3745, 33.0345, 743.5848, 440.3851
143441.1279, 6394373.0634, 32.9514, 757.9695, 442.4891
143437.7870, 6394371.9996, 32.5928, 527.3407, 485.0880
143439.2626, 6394371.4755, 32.4798, 676.8627, 494.1457
143439.3862, 6394371.4839, 32.4802, 687.0367, 493.6830
143437.8538, 6394372.0023, 32.4538, 533.4240, 498.1794
143439.4723, 6394371.4679, 32.4207, 695.0370, 499.1213
143437.5154, 6394372.0108, 32.3716, 502.4703, 507.1552
143437.6147, 6394372.0205, 32.3665, 511.2474, 507.2401
143437.3689, 6394372.4766, 32.3263, 474.9752, 509.0611
