143438.5098, 6394372.9717, 32.3526, 547.5110, 500.0863
143440.4990, 6394373.0976, 37.7799, 708.5282, 7.0460
143440.8031, 6394371.5559, 33.9120, 804.4750, 351.4325
143438.5018, 6394372.9684, 32.2664, 546.9449, 508.2487
143438.5018, 6394372.9684, 32.2664, 546.9449, 508.2487
143439.5932, 6394372.4633, 32.2183, 660.4514, 512.7458
143440.2590, 6394373.4095, 37.8172, 676.4483, 8.1384
143440.2888, 6394373.4228, 37.8252, 678.2690, 8.0545
143445.9604, 6394396.0648, 34.4698, 481.9448, 370.9120
143440.8796, 6394371.5476, 33.6785, 811.0463, 374.1337
143440.8796, 6394371.5476, 33.6785, 811.0463, 374.1337
143443.8199, 6394398.9587, 33.7786, 376.6674, 397.0019
143459.4676, 6394391.1170, 44.7014, 997.9783, 6.0600
143459.5830, 6394391.9479, 44.8310, 982.0093, 9.4513
143459.6137, 6394392.9042, 45.0584, 961.5963, 10.0410
143439.4877, 6394373.6151, 37.7551, 606.3019, 9.9040
143439.5708, 6394373.5770, 37.7570, 614.5183, 9.7817
143439.1556, 6394373.9630, 37.7836, 566.5799, 11.5567
143449.9530, 6394397.6092, 35.9553, 592.7938, 323.7270
143438.4384, 6394374.4622, 37.7719, 491.0793, 15.9693
143436.8871, 6394374.5794, 37.6097, 353.4304, 16.3708
143445.0481, 6394395.5446, 33.7046, 456.2125, 398.5898
143439.5716, 6394372.4512, 32.3238, 659.1524, 502.9287
143439.0982, 6394372.4960, 32.2946, 616.7986, 506.6395
143439.6825, 6394372.4386, 32.2854, 669.0180, 506.3349
143438.2130, 6394372.9794, 32.2804, 521.0267, 507.6159
143439.5691, 6394372.0471, 32.2998, 676.4042, 507.3971
143439.1130, 6394372.4859, 32.2549, 618.4866, 510.4373
143439.0538, 6394372.4707, 32.2502, 613.9630, 511.1334
143457.4804, 6394387.6109, 43.0873, 1026.5591, 25.3569
143445.3476, 6394401.4363, 34.4828, 403.7201, 375.1318
143440.7929, 6394371.6010, 33.5370, 801.0916, 387.8017
143440.7929, 6394371.6010, 33.5370, 801.0916, 387.8017
143440.9510, 6394372.0883, 33.4677, 789.2650, 395.1946
143440.3680, 6394374.1022, 33.4590, 657.1257, 397.7538
143440.3680, 6394374.1022, 33.4590, 657.1257, 397.7538
143459.6137, 6394392.9042, 45.0584, 961.5963, 10.0410
143440.2342, 6394373.4316, 37.7892, 673.5792, 10.9012
143440.2342, 6394373.4316, 37.7892, 673.5792, 10.9012
143439.6819, 6394373.5848, 37.7428, 623.2609, 12.4842
143438.6454, 6394374.0445, 37.7252, 521.4718, 13.0746
143439.5531, 6394373.9451, 37.8083, 599.5088, 13.2725
143443.3871, 6394398.4627, 33.6018, 366.3548, 403.0106
143439.5531, 6394373.9451, 37.8083, 599.5088, 13.2725
143445.3125, 6394394.4931, 33.6404, 478.7568, 400.6822
143467.9645, 6394409.3416, 50.2629, 872.8945, 8.7106
143440.9864, 6394372.0091, 37.5456, 798.2117, 8.8537
143440.9864, 6394372.0091, 37.5456, 798.2117, 8.8537
143441.2371, 6394371.9649, 37.5634, 820.5555, 9.0322
143441.2371, 6394371.9649, 37.5634, 820.5555, 9.0322
143441.3611, 6394371.9056, 37.5644, 833.4902, 8.9571
143441.3611, 6394371.9056, 37.5644, 833.4902, 8.9571
143439.5329, 6394373.9260, 37.8436, 598.5786, 9.4670
143458.2464, 6394391.5006, 42.9622, 953.4695, 67.3622
143445.3281, 6394394.0338, 33.4350, 485.2903, 408.4776
143445.1080, 6394394.5481, 33.5738, 470.6281, 403.2162
143459.3049, 6394392.0347, 44.6923, 972.1967, 13.9537
143438.4325, 6394374.4677, 37.7389, 490.4322, 18.9767
143438.4325, 6394374.4677, 37.7389, 490.4322, 18.9767
143458.2464, 6394391.5006, 42.9622, 953.4695, 67.3622
143449.7739, 6394377.1595, 39.7486, 1087.8047, 19.4517
143438.0440, 6394374.5010, 37.6280, 456.7824, 25.5183
143450.0678, 6394401.6055, 33.0729, 545.6175, 421.2672
143465.7116, 6394402.5736, 48.2585, 928.3434, 9.3295
143445.7142, 6394390.1119, 33.0348, 557.2227, 424.8222
143440.7297, 6394371.6105, 33.1472, 795.1952, 425.3690
143439.9017, 6394372.0194, 33.1087, 706.2390, 429.0044
143441.1889, 6394373.5171, 32.9526, 741.9603, 440.8801
143441.1889, 6394373.5171, 32.9526, 741.9603, 440.8801
143439.6903, 6394372.0413, 32.4392, 687.0914, 493.6934
143438.3709, 6394372.9736, 32.3807, 535.2117, 497.7460
143438.3709, 6394372.9736, 32.3807, 535.2117, 497.7460
143457.3592, 6394387.5990, 42.9699, 1023.0443, 29.3934
143457.8990, 6394391.5351, 42.5838, 942.4803, 80.0748
143449.8988, 6394377.0606, 39.5261, 1097.7531, 32.6353
143436.0882, 6394375.5347, 37.5348, 262.1563, 35.6519
143449.3850, 6394411.4326, 33.1924, 431.8418, 417.2027
143440.7106, 6394383.0394, 33.1383, 447.7152, 421.8433
143455.3717, 6394383.9736, 41.6686, 1062.1835, 38.5622
143457.8594, 6394391.4403, 42.2595, 943.3398, 91.0284
143435.7196, 6394377.0578, 37.7758, 206.3213, 41.9547
143440.9920, 6394371.5347, 34.1526, 821.1827, 328.4916
143440.9920, 6394371.5347, 34.1526, 821.1827, 328.4916
143440.7433, 6394371.5692, 34.0943, 798.9673, 333.6770
143440.7433, 6394371.5692, 34.0943, 798.9673, 333.6770
143435.4526, 6394377.5405, 37.8141, 177.6486, 45.5107
143436.2145, 6394377.0662, 37.7907, 247.7338, 45.4781
143445.3550, 6394389.1059, 33.1217, 559.5340, 421.2959
143438.0533, 6394373.0037, 32.4873, 505.8494, 488.1685
143438.1657, 6394372.9972, 32.4872, 516.1393, 487.9780
143435.8460, 6394377.5450, 37.8054, 210.3948, 49.8671
143465.7116, 6394402.5736, 48.2585, 928.3434, 9.3295
143439.4838, 6394373.6166, 37.7559, 605.9214, 9.8140
143439.2650, 6394373.9508, 37.8045, 575.9615, 10.5997
143434.1975, 6394381.9851, 37.3882, 46.2619, 134.9355
143439.9992, 6394373.5314, 37.7772, 650.8799, 11.6543
143439.9992, 6394373.5314, 37.7772, 650.8799, 11.6543
143442.3347, 6394381.0535, 37.8121, 577.1685, 141.3885
143438.0393, 6394373.0039, 32.2893, 504.6488, 507.0790
143438.1236, 6394372.9901, 32.2871, 512.6806, 507.1410
143437.7343, 6394373.0045, 32.2784, 476.9665, 508.9171
143439.2671, 6394372.4639, 32.2382, 632.6707, 511.7433
143455.8299, 6394383.9984, 42.3303, 1077.5868, 11.3303
143439.7764, 6394373.5835, 37.7571, 630.9613, 12.2031
143442.2424, 6394381.9903, 37.8939, 550.7076, 145.5108
143458.5550, 6394391.6127, 43.4868, 960.0083, 50.4706
143448.7580, 6394374.6788, 38.5550, 1155.1813, 51.6679
143440.8825, 6394371.5562, 34.0488, 811.0590, 338.3570
143442.2424, 6394381.9903, 37.8939, 550.7076, 145.5108
143456.3433, 6394385.1015, 42.6558, 1061.0975, 11.9104
143442.3500, 6394382.0532, 37.9154, 555.1013, 145.3879
143442.3500, 6394382.0532, 37.9154, 555.1013, 145.3879
143458.5136, 6394391.4684, 43.3368, 962.0426, 54.5599
143435.4694, 6394378.0525, 37.8153, 173.1889, 54.9454
143434.6630, 6394378.5431, 37.8125, 101.8440, 56.9024
143434.6237, 6394378.5538, 37.7576, 98.5521, 61.1187
143451.4224, 6394401.0761, 35.5630, 590.9003, 343.5607
143459.2020, 6394391.5889, 44.5638, 979.4055, 14.1403
143434.5202, 6394379.0475, 37.8312, 86.4009, 62.9709
143438.1560, 6394374.4715, 37.7227, 467.0909, 17.5425
143438.0358, 6394374.4818, 37.7061, 456.5971, 17.9675
143439.0573, 6394373.9722, 37.6946, 558.1896, 18.7233
143434.6256, 6394383.0151, 37.4371, 71.8293, 145.7963
143434.5202, 6394379.0475, 37.8312, 86.4009, 62.9709
143433.5923, 6394379.9805, 37.8173, 5.9422, 72.0216
143449.8206, 6394377.1129, 39.7594, 1092.0317, 18.4205
143433.8855, 6394380.0434, 37.8592, 29.5236, 72.1709
143438.9090, 6394373.9751, 37.6691, 545.8121, 19.4910
143438.7495, 6394374.0262, 37.6529, 530.8166, 20.3777
143438.1696, 6394374.4764, 37.6892, 468.1149, 20.8128
143438.1696, 6394374.4764, 37.6892, 468.1149, 20.8128
143438.4546, 6394374.4704, 37.7016, 492.2035, 22.5953
143433.8855, 6394380.0434, 37.8592, 29.5236, 72.1709
143434.5730, 6394382.9924, 37.4177, 68.3290, 146.5293
143441.8922, 6394382.5063, 37.9234, 520.8556, 147.1596
143457.4802, 6394387.4659, 43.0553, 1030.4478, 25.2320
143441.8922, 6394382.5063, 37.9234, 520.8556, 147.1596
143441.1879, 6394371.4520, 33.9465, 841.3397, 348.4633
143457.9103, 6394391.4835, 42.4694, 943.9268, 83.8902
143449.5537, 6394376.1624, 39.3770, 1122.1602, 25.9306
143440.3919, 6394383.0407, 37.8697, 428.5936, 148.3631
143434.6739, 6394383.4856, 37.4690, 72.7462, 149.0405
143447.8514, 6394392.1044, 34.9427, 604.9933, 348.9186
143457.2385, 6394386.9689, 42.8045, 1036.3397, 29.4150
143457.9103, 6394391.4835, 42.4694, 943.9268, 83.8902
143449.2669, 6394375.5477, 39.0268, 1137.3375, 37.0927
143436.1002, 6394375.5643, 37.4555, 262.7914, 43.4933
143434.6739, 6394383.4856, 37.4690, 72.7462, 149.0405
143447.9523, 6394392.0561, 34.8641, 609.4023, 352.0305
143455.1646, 6394384.0248, 41.5420, 1053.3254, 43.7861
143434.7777, 6394383.5151, 37.4707, 79.5868, 149.7771
143435.9281, 6394377.5317, 37.8331, 217.3177, 48.1123
143457.6400, 6394391.4656, 42.0981, 936.3086, 96.3199
143439.4375, 6394383.0403, 37.6955, 374.6020, 154.0959
143447.9523, 6394392.0561, 34.8641, 609.4023, 352.0305
143441.0525, 6394371.5445, 33.8962, 825.4158, 353.4033
143457.6400, 6394391.4656, 42.0981, 936.3086, 96.3199
143455.8276, 6394391.1120, 40.0189, 889.2527, 165.0030
143447.4295, 6394372.1075, 37.2718, 1229.7855, 96.4148
143458.4696, 6394391.1807, 43.3362, 967.3797, 52.0542
143435.2298, 6394378.0538, 37.7677, 153.4424, 56.6930
143447.8956, 6394392.0812, 34.7843, 606.9598, 355.1814
143441.2771, 6394371.3960, 33.8559, 851.5105, 357.1564
143440.9057, 6394371.9755, 33.8616, 791.4297, 357.9636
143438.0777, 6394385.0156, 37.7003, 270.2287, 165.8816
143457.4471, 6394391.0768, 41.9168, 939.3480, 99.4781
143435.5501, 6394385.5050, 37.5218, 117.5703, 169.5136
143448.5740, 6394376.0523, 38.0429, 1078.0751, 104.3869
143458.3198, 6394391.5639, 43.1775, 954.2350, 60.3411
143449.7616, 6394396.5372, 34.8113, 601.8494, 361.3601
143439.2307, 6394379.0479, 37.7046, 434.6348, 106.9727
143448.5001, 6394376.0401, 37.9753, 1074.8888, 108.2207
143440.1093, 6394381.0243, 34.0839, 450.9246, 363.5342
143436.9758, 6394387.5402, 37.8555, 184.9443, 173.9881
143458.3289, 6394391.4791, 43.0888, 956.3867, 62.9145
143454.1630, 6394384.5184, 40.0248, 1002.3187, 112.5944
143434.0670, 6394379.5324, 37.8520, 46.4657, 65.8162
143446.2944, 6394396.4925, 34.6519, 488.1795, 364.9180
143441.1512, 6394371.4817, 33.7203, 836.6312, 370.2934
143433.5980, 6394379.9904, 37.7707, 6.4528, 75.7650
143448.3782, 6394375.9986, 37.8599, 1070.5790, 114.5635
143433.5980, 6394379.9904, 37.7707, 6.4528, 75.7650
143436.9758, 6394387.5402, 37.8555, 184.9443, 173.9881
143433.8286, 6394380.9853, 37.3693, 22.3151, 121.4940
143444.3246, 6394382.6242, 34.0414, 643.2213, 372.5142
143445.0875, 6394384.5940, 34.0379, 634.4186, 375.9074
143441.1688, 6394371.4704, 33.6410, 838.6035, 377.9204
143455.1344, 6394387.4673, 40.2557, 954.0145, 129.6546
143435.8165, 6394386.5069, 37.5988, 127.1671, 174.8802
143458.0447, 6394391.4654, 42.6944, 948.3231, 76.0595
143447.9631, 6394375.0538, 37.3919, 1093.8672, 132.0933
143447.8274, 6394375.9499, 36.4549, 1043.5427, 204.2641
143445.8226, 6394396.0616, 34.2461, 477.2268, 379.0607
143441.1262, 6394371.4993, 33.6235, 833.6067, 379.6189
143444.2893, 6394382.5989, 33.8298, 642.0818, 384.0099
143454.5176, 6394386.6421, 39.8845, 954.9033, 136.9154
143458.0447, 6394391.4654, 42.6944, 948.3231, 76.0595
143436.9626, 6394374.5752, 37.5547, 360.3694, 22.2019
143436.9626, 6394374.5752, 37.5547, 360.3694, 22.2019
143436.8968, 6394375.0205, 37.5899, 344.2814, 28.1180
143437.5933, 6394390.9855, 37.6467, 191.0217, 210.2893
143441.0849, 6394371.9851, 35.4194, 806.1329, 211.7165
143456.7032, 6394391.6481, 40.8823, 904.2126, 138.9097
143446.0390, 6394395.5567, 34.0875, 491.0805, 384.6150
143456.1306, 6394386.9915, 41.2683, 999.5404, 87.9228
143449.5400, 6394379.5330, 38.1838, 981.3991, 139.6201
143455.5989, 6394384.5885, 41.8471, 1051.0969, 38.1650
143449.2325, 6394379.0475, 38.0435, 985.3221, 141.4251
143455.0405, 6394383.0481, 41.3365, 1080.0817, 42.2167
143457.5026, 6394391.0878, 42.0254, 940.7750, 95.7502
143436.8953, 6394375.9859, 37.6457, 323.7738, 43.1778
143446.0183, 6394394.5782, 33.9383, 503.0201, 389.5539
143447.6908, 6394372.1173, 37.6534, 1244.6222, 68.1390
143448.0431, 6394375.9456, 37.3667, 1055.5952, 144.6729
143437.6649, 6394390.9790, 37.6125, 194.5424, 212.0605
143448.3496, 6394375.6808, 38.0443, 1084.1454, 98.0708
143441.3419, 6394374.1228, 35.6867, 728.8499, 213.4146
143448.7999, 6394378.5907, 37.7741, 982.4226, 150.6219
143449.2222, 6394378.0971, 38.5712, 1021.9357, 100.0805
143444.5014, 6394382.5874, 36.9057, 652.9193, 215.7560
143454.5028, 6394384.0649, 40.5888, 1028.3173, 84.3948
143439.4983, 6394383.0292, 37.6794, 378.2816, 155.2249
143447.9391, 6394373.5998, 37.5269, 1169.1794, 103.0668
143448.0615, 6394374.5298, 37.5444, 1125.6440, 115.4015
143444.5014, 6394382.5874, 36.9057, 652.9193, 215.7560
143439.5826, 6394383.0045, 37.6857, 383.5135, 155.0099
143448.0615, 6394374.5298, 37.5444, 1125.6440, 115.4015
143439.3052, 6394379.0490, 37.5887, 439.6105, 115.5591
143439.5826, 6394383.0045, 37.6857, 383.5135, 155.0099
143439.3052, 6394379.0490, 37.5887, 439.6105, 115.5591
143457.5005, 6394391.6011, 41.9880, 929.1611, 100.8191
143447.7726, 6394375.5822, 37.1330, 1058.2988, 154.8605
143448.6000, 6394376.6053, 37.8998, 1054.2966, 120.5791
143447.7726, 6394375.5822, 37.1330, 1058.2988, 154.8605
143447.6892, 6394374.5409, 37.0623, 1104.7992, 147.4180
143454.1719, 6394384.5681, 40.1733, 1001.2414, 106.3475
143440.4582, 6394383.9661, 37.8841, 416.5487, 156.5200
143437.6700, 6394391.5060, 37.5860, 191.0565, 216.3874
143439.1625, 6394379.0774, 37.6658, 429.4860, 109.6351
143439.6281, 6394383.0192, 37.6307, 385.9105, 158.6150
143452.3960, 6394384.8412, 38.3101, 928.3984, 186.4588
143433.6914, 6394380.9884, 37.4410, 11.5542, 115.4787
143439.7081, 6394383.0129, 37.6405, 390.5829, 158.3496
143433.7422, 6394380.9910, 37.4167, 15.5353, 117.6010
143448.3373, 6394379.1319, 37.1001, 940.3186, 192.9941
143445.5438, 6394390.5570, 37.9491, 542.9296, 216.3047
143448.3821, 6394379.4760, 36.4011, 929.7468, 236.0740
143435.0690, 6394384.4808, 37.4833, 93.5218, 160.1392
143453.7642, 6394384.1466, 39.8093, 999.0652, 117.5980
143437.6554, 6394385.0091, 37.7011, 246.1771, 163.9504
143453.7942, 6394384.0640, 39.7848, 1002.6183, 118.1463
143441.0850, 6394371.5254, 33.4997, 828.8093, 391.5211
143438.3609, 6394384.9947, 37.7549, 286.4286, 163.8340
143437.9107, 6394391.9913, 37.6408, 198.9203, 217.3015
143453.7942, 6394384.0640, 39.7848, 1002.6183, 118.1463
143445.1730, 6394388.0845, 33.4922, 569.6679, 404.6706
143447.8990, 6394396.9783, 37.8026, 535.4888, 254.9460
143448.1048, 6394375.0603, 37.5742, 1101.1115, 120.4445
143442.9243, 6394382.1077, 33.3226, 584.5795, 411.4625
143454.8961, 6394389.6087, 39.7200, 893.8418, 164.7453
143442.9243, 6394382.1077, 33.3226, 584.5795, 411.4625
143455.1541, 6394387.5421, 40.3677, 952.7816, 125.6625
143445.7034, 6394390.5497, 37.9279, 549.3279, 217.5831
143447.4714, 6394373.1849, 37.0740, 1166.5031, 128.0072
143442.9243, 6394382.1077, 33.3226, 584.5795, 411.4625
143454.8961, 6394389.6087, 39.7200, 893.8418, 164.7453
143449.1424, 6394378.6694, 38.1560, 995.5520, 130.6012
143443.0819, 6394392.4964, 37.7730, 417.7191, 227.4837
143447.8990, 6394396.9783, 37.8026, 535.4888, 254.9460
143441.1361, 6394371.4537, 34.6508, 837.5441, 280.1805
143448.0240, 6394375.5569, 37.4646, 1072.8066, 133.5276
143437.7803, 6394385.0162, 37.6493, 253.3058, 167.4969
143442.1985, 6394393.5765, 37.7638, 369.7667, 230.9822
143437.0536, 6394389.4766, 35.8519, 176.0932, 287.6982
143451.2926, 6394406.9114, 33.2416, 521.6907, 415.9784
143436.9006, 6394380.4617, 35.1206, 253.8716, 288.0497
143442.0641, 6394379.5834, 33.2274, 598.5779, 416.9798
143454.1724, 6394388.9209, 39.4495, 886.3062, 169.0786
143456.8436, 6394392.4857, 41.1233, 890.4971, 135.8572
143441.3411, 6394373.0532, 36.4051, 775.1584, 137.8441
143441.3411, 6394373.0532, 36.4051, 775.1584, 137.8441
143447.5051, 6394374.2087, 36.5808, 1111.5428, 177.1333
143442.0641, 6394379.5834, 33.2274, 598.5779, 416.9798
143443.0455, 6394377.9745, 37.3746, 702.3560, 139.4741
143447.6314, 6394374.5966, 36.6380, 1098.4148, 177.8109
143443.0455, 6394377.9745, 37.3746, 702.3560, 139.4741
143442.0641, 6394379.5834, 33.2274, 598.5779, 416.9798
143439.8441, 6394372.0249, 33.1436, 701.1165, 425.6528
143439.8441, 6394372.0249, 33.1436, 701.1165, 425.6528
143441.1044, 6394373.5647, 33.0119, 733.7000, 435.8060
143439.6500, 6394372.0432, 32.4792, 683.5642, 489.9133
143439.6500, 6394372.0432, 32.4792, 683.5642, 489.9133
143438.4790, 6394372.9827, 32.4323, 544.4036, 492.5942
143447.9073, 6394375.0199, 37.2641, 1092.4885, 140.2039
143442.6720, 6394387.0344, 37.9272, 476.9694, 187.3093
143439.1876, 6394395.0204, 37.7274, 233.2880, 232.3263
143447.9193, 6394375.6734, 37.3737, 1061.8480, 140.4277
143447.5220, 6394377.1839, 36.7318, 975.1249, 195.7247
143447.9193, 6394375.6734, 37.3737, 1061.8480, 140.4277
143448.2368, 6394379.5786, 36.4457, 919.4461, 233.7155
143447.9193, 6394375.6734, 37.3737, 1061.8480, 140.4277
143439.7073, 6394372.4646, 32.3774, 670.0060, 497.4984
143437.7467, 6394373.0067, 32.3665, 477.9929, 500.3958
143439.5628, 6394372.0541, 32.3524, 675.5633, 502.3029
143439.1352, 6394372.4814, 32.3285, 620.5917, 503.3935
143439.7961, 6394371.9784, 32.3339, 698.9391, 503.9048
143439.7961, 6394371.9784, 32.3339, 698.9391, 503.9048
143438.5542, 6394372.9617, 32.2916, 551.7647, 505.7843
143439.3651, 6394372.4803, 32.2899, 640.3904, 506.4912
143438.4549, 6394372.9633, 32.2822, 543.0052, 506.9074
143438.0553, 6394372.9947, 32.2490, 506.4076, 510.9312
143438.1068, 6394372.9931, 32.2468, 511.0823, 511.0066
143447.5220, 6394377.1839, 36.7318, 975.1249, 195.7247
143439.5936, 6394372.0479, 32.2573, 678.4658, 511.4349
143439.7680, 6394371.9862, 32.2451, 696.1700, 512.4902
143452.3701, 6394405.9758, 37.7912, 559.3873, 287.2031
143442.4862, 6394381.0700, 37.8372, 585.1130, 140.8054
143452.1622, 6394385.0600, 38.0849, 913.6295, 197.3898
143441.0115, 6394394.5170, 37.6888, 312.5180, 235.7195
143443.4377, 6394380.1076, 37.7512, 661.8296, 140.8604
143436.2680, 6394387.5001, 35.6202, 148.0474, 289.9712
143436.2681, 6394381.9685, 30.3520, 197.6212, 600.8720
143441.3975, 6394382.0545, 37.8731, 503.1800, 143.2688
143454.1844, 6394389.6103, 38.6760, 870.5545, 203.7650
143436.2681, 6394381.9685, 30.3520, 197.6212, 600.8720
143441.1501, 6394394.5016, 37.7041, 318.2555, 235.3389
143448.4507, 6394377.5796, 37.6784, 1005.5586, 144.5002
143442.1310, 6394382.0370, 37.8878, 543.6767, 145.7940
143439.3776, 6394395.0376, 37.6417, 241.1297, 236.3575
143441.9667, 6394382.5358, 37.9376, 524.2410, 146.9744
143441.9667, 6394382.5358, 37.9376, 524.2410, 146.9744
143441.7755, 6394382.5533, 37.9109, 513.6162, 147.7845
143439.8525, 6394396.9627, 37.8297, 246.0686, 238.4269
143441.7755, 6394382.5533, 37.9109, 513.6162, 147.7845
143438.7722, 6394393.9620, 35.9128, 224.3018, 303.1529
143440.9731, 6394371.5469, 34.3138, 819.1009, 312.9145
143440.3332, 6394383.0602, 37.8627, 424.9840, 148.6848
143448.4075, 6394377.5129, 37.5935, 1006.1241, 148.8437
143440.3132, 6394397.9435, 37.8405, 256.7954, 243.0558
143439.6925, 6394382.9952, 37.7637, 389.9274, 150.8278
143447.9164, 6394375.5174, 37.1844, 1068.8462, 151.4347
143439.5411, 6394383.0072, 37.7352, 381.0704, 151.9101
143443.5682, 6394397.9346, 34.4442, 377.5417, 372.4844
143440.7830, 6394371.6057, 33.6501, 800.1021, 376.8888
143440.4398, 6394383.5327, 37.8888, 422.7751, 152.1703
143439.1949, 6394383.0250, 37.6115, 360.8419, 157.7985
143449.2558, 6394401.4820, 37.8457, 522.8699, 270.0813
143439.5329, 6394383.0293, 37.6242, 380.2941, 158.6542
143447.7273, 6394375.5069, 37.0171, 1059.3646, 161.6662
143447.7273, 6394375.5069, 37.0171, 1059.3646, 161.6662
143447.4572, 6394406.4396, 34.2403, 421.7790, 386.7315
143437.9928, 6394385.0006, 37.7437, 265.5462, 162.9248
143436.7436, 6394376.4584, 33.5851, 305.3174, 387.7066
143441.0502, 6394371.5078, 33.4185, 826.8666, 399.2870
143454.6646, 6394390.6373, 38.7623, 863.1290, 206.8282
143449.2558, 6394401.4820, 37.8457, 522.8699, 270.0813
143435.3280, 6394385.0040, 37.5276, 106.8885, 163.6381
143444.3064, 6394399.4526, 33.5074, 388.6165, 406.6927
143451.5586, 6394386.5348, 36.5684, 852.4802, 271.0698
143435.4636, 6394385.5045, 37.5632, 112.2601, 166.7288
143447.7048, 6394375.5426, 36.9501, 1056.4540, 166.4894
143451.3132, 6394406.9034, 33.4690, 522.2925, 409.6121
143436.9778, 6394385.0545, 37.5743, 206.3980, 168.6696
143436.9059, 6394385.5239, 37.6267, 197.9146, 169.4809
143451.3132, 6394406.9034, 33.4690, 522.2925, 409.6121
143440.9052, 6394371.5408, 33.2850, 813.2581, 412.1032
143450.1342, 6394401.4734, 37.8226, 548.7810, 272.0256
143443.4269, 6394386.4893, 32.8360, 521.7498, 435.7511
143437.2728, 6394385.5247, 37.6343, 219.0687, 170.6078
143436.9373, 6394385.5371, 37.5762, 199.6585, 172.5828
143446.7213, 6394404.5674, 37.7901, 416.4212, 276.9103
143435.6568, 6394385.9742, 37.5114, 121.1228, 174.6459
143447.3631, 6394407.0767, 38.0182, 412.9752, 277.3945
143447.7118, 6394376.6080, 36.9930, 1009.0322, 174.4677
143436.8308, 6394388.0373, 37.8956, 173.3150, 175.2367
143447.7639, 6394376.5686, 36.3709, 1012.8696, 214.7290
143452.0207, 6394405.6098, 38.0539, 554.1594, 278.4237
143436.7681, 6394388.5355, 37.9524, 166.3631, 175.9110
143445.7749, 6394391.0863, 37.9535, 543.6373, 219.4702
143436.7681, 6394388.5355, 37.9524, 166.3631, 175.9110
143445.7749, 6394391.0863, 37.9535, 543.6373, 219.4702
143444.6374, 6394392.9830, 38.0140, 472.4767, 223.6559
143435.7055, 6394385.9733, 37.4821, 124.0587, 176.5109
143451.8170, 6394405.9563, 38.0355, 545.0402, 279.5521
143444.6374, 6394392.9830, 38.0140, 472.4767, 223.6559
143437.6797, 6394373.4507, 35.2633, 456.7390, 224.1690
143437.6797, 6394373.4507, 35.2633, 456.7390, 224.1690
143436.1794, 6394386.9737, 37.6349, 144.9963, 178.1739
143448.3653, 6394378.8845, 36.4495, 950.2354, 229.2931
143441.5381, 6394371.8361, 35.1379, 849.4476, 239.0665
143441.5381, 6394371.8361, 35.1379, 849.4476, 239.0665
143451.5714, 6394385.5833, 37.1836, 877.3945, 239.5176
143436.2508, 6394387.4879, 37.6528, 145.5807, 181.5599
143451.5714, 6394385.5833, 37.1836, 877.3945, 239.5176
143447.6678, 6394376.5396, 36.8088, 1009.5901, 185.6004
143447.6165, 6394375.5692, 36.6445, 1050.3151, 187.0753
143452.0300, 6394405.9646, 38.0328, 550.5694, 279.9037
143447.5703, 6394375.1512, 36.5640, 1067.6449, 188.3012
143443.3915, 6394387.0344, 37.9285, 509.9349, 189.6788
143447.6706, 6394396.9686, 37.9334, 528.0695, 249.8546
143435.9188, 6394377.9615, 35.3386, 213.3467, 252.3909
143447.6829, 6394376.5469, 36.7115, 1009.9677, 192.0697
143447.7669, 6394376.0061, 36.4387, 1037.8815, 205.5684
143447.7335, 6394376.5434, 36.4526, 1012.4796, 209.0964
143447.7058, 6394377.5036, 36.5474, 971.2976, 210.7873
143447.5419, 6394396.9755, 37.8268, 523.7333, 253.4476
143452.1562, 6394405.9730, 37.8051, 553.8101, 286.5603
143437.5113, 6394391.0010, 37.6240, 186.9592, 211.2026
143447.5419, 6394396.9755, 37.8268, 523.7333, 253.4476
143437.7992, 6394391.4768, 37.6553, 197.3513, 213.3877
143451.0801, 6394384.6006, 36.7314, 884.9589, 254.3462
143441.1171, 6394371.4697, 34.8513, 835.2780, 260.7850
143446.0013, 6394387.5652, 37.5838, 613.5900, 217.2975
143450.1926, 6394401.4560, 37.9965, 550.6797, 266.5687
143448.3884, 6394418.0022, 37.8731, 360.2354, 304.6735
143450.1926, 6394401.4560, 37.9965, 550.6797, 266.5687
143439.6908, 6394380.0471, 34.8713, 444.6548, 309.4494
143439.6908, 6394380.0471, 34.8713, 444.6548, 309.4494
143450.7173, 6394400.9698, 37.9386, 571.8411, 267.7313
143445.9906, 6394391.5655, 37.9402, 544.5030, 222.9742
143437.5674, 6394373.4699, 35.2525, 445.9713, 224.7927
143437.5674, 6394373.4699, 35.2525, 445.9713, 224.7927
143448.6811, 6394401.9789, 37.8215, 500.2571, 271.4630
143448.6726, 6394381.1505, 36.7893, 887.2698, 226.1093
143448.6726, 6394381.1505, 36.7893, 887.2698, 226.1093
143448.6726, 6394381.1505, 36.7893, 887.2698, 226.1093
143448.6811, 6394401.9789, 37.8215, 500.2571, 271.4630
143438.3181, 6394392.9878, 37.5765, 210.4686, 226.6149
143442.5995, 6394392.5238, 37.7021, 397.8985, 229.4364
143442.5995, 6394392.5238, 37.7021, 397.8985, 229.4364
143449.9927, 6394401.4948, 37.8067, 544.4038, 272.3929
143440.8070, 6394371.5843, 34.2749, 803.5311, 316.4106
143441.0761, 6394397.5312, 37.9815, 288.8798, 237.5712
143441.0761, 6394397.5312, 37.9815, 288.8798, 237.5712
143451.8668, 6394404.5271, 38.0723, 562.0331, 274.9729
143448.1323, 6394417.4303, 37.1017, 357.8660, 322.2614
143451.2838, 6394405.0653, 38.0567, 540.3637, 276.0719
143447.9667, 6394392.0478, 35.5545, 610.0515, 324.7058
143451.2838, 6394405.0653, 38.0567, 540.3637, 276.0719
143441.5154, 6394371.8585, 35.0933, 846.4637, 243.3777
143450.7100, 6394399.6184, 36.0483, 588.8497, 325.1561
143444.5497, 6394408.5585, 37.9164, 321.6608, 280.5902
143447.9691, 6394396.9582, 37.9494, 538.0402, 249.7867
143450.7100, 6394399.6184, 36.0483, 588.8497, 325.1561
143447.4768, 6394396.9609, 37.9142, 521.7529, 250.1613
143440.7214, 6394371.5656, 34.0227, 797.3056, 340.5584
143448.0772, 6394396.9792, 37.8817, 541.3185, 252.4589
143447.9664, 6394396.9814, 37.7645, 537.6633, 256.4248
143441.1052, 6394371.4723, 34.8928, 834.1965, 256.7186
143450.9804, 6394383.5687, 36.5666, 910.0240, 257.0482
143450.9804, 6394383.5687, 36.5666, 910.0240, 257.0482
143450.9804, 6394383.5687, 36.5666, 910.0240, 257.0482
143440.0507, 6394381.0345, 34.3151, 447.1496, 349.0620
143440.8645, 6394371.9987, 33.9146, 786.9972, 352.9809
143440.8873, 6394371.9852, 33.9017, 789.4918, 354.1898
143440.8873, 6394371.9852, 33.9017, 789.4918, 354.1898
143447.8318, 6394396.9768, 37.7271, 533.3045, 257.5028
143448.0041, 6394392.0353, 34.7991, 611.6000, 354.6083
143446.1890, 6394387.6027, 34.4846, 620.6219, 359.6341
143441.6732, 6394401.4490, 37.7512, 280.8064, 261.5728
143446.1410, 6394387.6238, 34.4358, 618.2433, 361.8493
143451.4387, 6394386.0922, 36.7270, 859.2241, 262.0088
143446.1410, 6394387.6238, 34.4358, 618.2433, 361.8493
143446.1717, 6394387.6094, 34.3764, 619.7838, 364.5508
143440.8300, 6394372.0251, 33.7754, 782.8476, 366.1131
143449.0742, 6394401.4936, 37.8297, 517.3474, 270.3659
143445.6206, 6394386.1004, 34.2706, 626.3514, 366.8859
143445.6206, 6394386.1004, 34.2706, 626.3514, 366.8859
143440.8700, 6394372.0016, 33.7332, 787.2030, 370.0764
143443.7761, 6394381.1268, 33.9915, 652.5436, 372.6293
143445.5986, 6394386.1153, 34.1449, 625.0997, 372.9041
143449.0742, 6394401.4936, 37.8297, 517.3474, 270.3659
143445.5986, 6394386.1153, 34.1449, 625.0997, 372.9041
143447.4842, 6394415.9371, 37.8637, 351.3763, 300.5474
143445.8406, 6394396.5147, 34.3265, 472.3605, 376.5201
143442.7728, 6394404.0210, 37.7277, 299.1244, 271.9699
143447.4842, 6394415.9371, 37.8637, 351.3763, 300.5474
143446.2818, 6394394.5063, 34.1895, 513.3286, 380.0677
143441.1212, 6394371.5032, 33.6028, 832.9827, 381.6113
143435.7392, 6394374.4883, 33.5950, 252.4581, 382.6789
143442.7728, 6394404.0210, 37.7277, 299.1244, 271.9699
143445.9407, 6394395.4944, 34.0363, 488.4264, 386.4362
143440.8839, 6394372.1283, 33.5458, 782.0020, 387.9150
143440.8839, 6394372.1283, 33.5458, 782.0020, 387.9150
143442.7178, 6394378.6184, 33.6210, 663.0406, 391.4300
143442.7178, 6394378.6184, 33.6210, 663.0406, 391.4300
143454.3045, 6394415.4755, 37.8911, 514.9569, 304.9114
143451.6880, 6394404.5633, 38.0583, 556.8027, 275.2510
143445.8516, 6394393.9761, 33.8339, 505.0756, 393.1465
143441.0224, 6394375.5470, 33.5331, 652.6438, 393.5792
143441.0224, 6394375.5470, 33.5331, 652.6438, 393.5792
143459.5414, 6394391.0799, 44.6357, 1000.9157, 8.4317
143437.3414, 6394374.5447, 37.5058, 394.8585, 30.1094
143436.7213, 6394375.0270, 37.5413, 328.6243, 30.8026
143448.3483, 6394372.4940, 38.2781, 1258.1353, 31.4629
143435.9849, 6394375.0784, 37.4481, 260.9083, 32.6483
143436.5585, 6394375.0279, 37.5069, 314.0750, 32.2383
143436.5585, 6394375.0279, 37.5069, 314.0750, 32.2383
143437.0317, 6394374.5863, 37.4418, 366.3812, 33.6078
143448.2995, 6394372.5307, 38.1412, 1252.9644, 42.2821
143448.5099, 6394373.6105, 38.3804, 1200.1903, 44.8081
143449.1192, 6394375.5784, 38.8386, 1128.3663, 48.9554
143444.2012, 6394407.9479, 37.8460, 315.7011, 280.7217
143441.5137, 6394371.8410, 34.6915, 846.9767, 280.9143
143441.0277, 6394371.5278, 34.6271, 824.7559, 282.6531
143440.9890, 6394371.5513, 34.5615, 820.3204, 289.0369
143440.9485, 6394371.5546, 34.5002, 816.8060, 294.8461
143440.9485, 6394371.5546, 34.5002, 816.8060, 294.8461
143446.4102, 6394393.9142, 33.6938, 526.0717, 398.6516
143448.9534, 6394375.5363, 38.6089, 1121.9614, 62.4230
143449.1559, 6394376.0816, 38.6959, 1106.0298, 65.9364
143448.8025, 6394376.1629, 38.4545, 1084.7045, 80.3847
143454.5112, 6394384.1379, 40.6566, 1026.4213, 82.0281
143440.0021, 6394373.0771, 33.3406, 668.7883, 407.2237
143439.8255, 6394372.6126, 33.3351, 673.7174, 407.4533
143439.8254, 6394372.5812, 33.2801, 675.0393, 412.5749
143439.8511, 6394372.5445, 33.2563, 678.7367, 414.7983
143439.6946, 6394372.0942, 33.2555, 685.2661, 414.8469
143439.8543, 6394372.5432, 33.2276, 679.0579, 417.4879
143439.6864, 6394372.0742, 33.2281, 685.4573, 417.4926
143439.6864, 6394372.0742, 33.2281, 685.4573, 417.4926
143439.9919, 6394371.9705, 33.0508, 716.1119, 434.5927
143440.0748, 6394371.9231, 33.0110, 725.3034, 438.4423
143441.1314, 6394373.5500, 32.9736, 736.3044, 439.0808
143441.1314, 6394373.5500, 32.9736, 736.3044, 439.0808
143439.3496, 6394372.4932, 32.5049, 638.5503, 486.1043
143438.6250, 6394372.9692, 32.4960, 557.6461, 486.3566
143439.4667, 6394372.4807, 32.4797, 649.0427, 488.3068
143439.5613, 6394372.4719, 32.4768, 657.4232, 488.4262
143439.5459, 6394372.0481, 32.4828, 674.4038, 489.7650
143439.5459, 6394372.0481, 32.4828, 674.4038, 489.7650
143439.4812, 6394372.4720, 32.4529, 650.6340, 490.8521
143439.5583, 6394372.4720, 32.4505, 657.1686, 490.9150
143439.1134, 6394372.5060, 32.4527, 617.7164, 491.4914
143457.8947, 6394391.1450, 42.3649, 951.1151, 85.1079
143455.3695, 6394414.9856, 37.9569, 542.9567, 303.3973
143448.9665, 6394377.6180, 38.3695, 1029.2205, 105.1933
143439.4314, 6394378.9940, 37.6538, 449.1318, 111.1058
143455.0834, 6394387.0093, 40.5771, 964.4329, 112.6450
143455.0834, 6394387.0093, 40.5771, 964.4329, 112.6450
143448.2138, 6394375.6537, 37.8074, 1078.2858, 112.7514
143447.5691, 6394373.1045, 37.2635, 1176.8478, 113.1348
143447.5691, 6394373.1045, 37.2635, 1176.8478, 113.1348
143439.7451, 6394372.0055, 32.3333, 693.3635, 503.9428
143439.7451, 6394372.0055, 32.3333, 693.3635, 503.9428
143439.5450, 6394372.4619, 32.2879, 656.4494, 506.3260
143439.5450, 6394372.4619, 32.2879, 656.4494, 506.3260
143448.6050, 6394377.1923, 38.0521, 1029.3630, 117.8084
143439.3091, 6394379.5025, 37.5893, 430.3719, 121.3254
143448.5926, 6394377.1018, 37.7342, 1032.3252, 136.6712
143448.7535, 6394378.0020, 37.8873, 1003.2203, 137.6763
143447.8094, 6394374.5510, 37.1977, 1110.8378, 138.6413
143456.2351, 6394385.0950, 42.5346, 1057.6271, 16.5470
143437.5392, 6394374.4985, 37.6102, 413.3459, 21.6626
143440.7561, 6394382.5800, 37.8699, 457.2179, 145.5818
143454.0685, 6394386.1452, 39.5620, 952.7375, 145.4921
143457.2945, 6394387.0595, 42.9341, 1035.6748, 25.2744
143449.0121, 6394375.1621, 38.7586, 1143.5437, 47.1629
143449.2086, 6394376.5050, 38.7062, 1089.1346, 71.4979
143454.0025, 6394387.1147, 39.3551, 924.8760, 160.8471
143454.9840, 6394410.1064, 37.3910, 580.8237, 308.8530
143440.7371, 6394399.4854, 35.7876, 262.3593, 324.1581
143441.2553, 6394383.0303, 37.8758, 476.1741, 151.9386
143455.9462, 6394387.1973, 41.0735, 987.9570, 96.9217
143441.2553, 6394383.0303, 37.8758, 476.1741, 151.9386
143448.3871, 6394376.0001, 37.8259, 1070.9236, 116.8776
143440.9600, 6394383.5482, 37.9058, 450.7487, 153.7104
143447.9623, 6394375.2035, 37.5300, 1086.6313, 124.4116
143440.9600, 6394383.5482, 37.9058, 450.7487, 153.7104
143441.0867, 6394383.0892, 37.8428, 465.9410, 153.6182
143441.3964, 6394383.4753, 37.7864, 475.4270, 161.7357
143447.6848, 6394375.5063, 36.8500, 1057.0232, 172.8141
143441.0704, 6394383.5922, 37.7505, 455.9319, 163.3835
143454.9840, 6394410.1064, 37.3910, 580.8237, 308.8530
143454.9694, 6394410.1003, 36.7166, 580.5596, 326.3015
143441.5059, 6394371.8508, 34.1871, 845.5146, 328.1800
143447.6379, 6394375.0707, 36.6617, 1075.2156, 181.0643
143439.8027, 6394380.5540, 34.9089, 441.3964, 309.4263
143441.0512, 6394371.5160, 34.3234, 827.1037, 312.0392
143442.8458, 6394386.0530, 37.8895, 501.6131, 182.7754
143442.6498, 6394386.5274, 37.9222, 484.2760, 183.8795
143442.9201, 6394387.5448, 37.8998, 480.1265, 192.9594
143446.5996, 6394413.9346, 37.1760, 342.0480, 313.8740
143442.9201, 6394387.5448, 37.8998, 480.1265, 192.9594
143441.1393, 6394371.4516, 34.0943, 837.5391, 334.0772
143451.3439, 6394401.1091, 36.4022, 588.2198, 317.2675
143440.8099, 6394371.5796, 34.2373, 803.9970, 320.0331
143440.8099, 6394371.5796, 34.2373, 803.9970, 320.0331
143440.8409, 6394371.5600, 34.2413, 807.5657, 319.6217
143446.2441, 6394387.5660, 34.8009, 623.5980, 345.2246
143451.7043, 6394386.1394, 37.3374, 867.9944, 235.7264
143434.5192, 6394375.0258, 35.0540, 123.8254, 244.3748
143449.2105, 6394380.9488, 36.4336, 917.1823, 245.6401
143446.2441, 6394387.5660, 34.8009, 623.5980, 345.2246
143450.9777, 6394400.0822, 36.2195, 590.7128, 320.7481
143443.5597, 6394387.9862, 37.7412, 501.6357, 205.3699
143446.6387, 6394404.9302, 35.4131, 411.2198, 350.0988
143440.2362, 6394380.9769, 34.2279, 459.3623, 354.5912
143440.8213, 6394371.5837, 33.8418, 804.4887, 358.3661
143451.8636, 6394385.1348, 37.7877, 900.4094, 210.4942
143453.5152, 6394388.5100, 38.2434, 873.7348, 213.7196
143442.6300, 6394399.9876, 34.8119, 326.1487, 361.1329
143450.6968, 6394414.9238, 35.4442, 436.5020, 361.5283
143435.2294, 6394384.4797, 35.8890, 105.3396, 257.1388
143445.0185, 6394384.6245, 34.0884, 630.6174, 373.3495
143445.0185, 6394384.6245, 34.0884, 630.6174, 373.3495
143434.6473, 6394374.9952, 35.2016, 136.7048, 230.6879
143444.4670, 6394382.5073, 33.7253, 652.9710, 389.7200
143444.4670, 6394382.5073, 33.7253, 652.9710, 389.7200
143448.1927, 6394379.6219, 36.3704, 915.8555, 238.1684
143445.0555, 6394396.0619, 33.7665, 450.3513, 396.5013
143445.0555, 6394396.0619, 33.7665, 450.3513, 396.5013
143449.9538, 6394401.4740, 37.9225, 543.5019, 268.6154
143436.1360, 6394378.4741, 35.0800, 224.0260, 276.8328
143436.1360, 6394378.4741, 35.0800, 224.0260, 276.8328
143435.9504, 6394386.4854, 35.8200, 136.5846, 273.8599
143435.2779, 6394384.9848, 35.3561, 105.9330, 291.6416
143435.2779, 6394384.9848, 35.3561, 105.9330, 291.6416
143436.0497, 6394387.4900, 35.4900, 136.0740, 296.4138
143440.3855, 6394390.4504, 35.3531, 327.4332, 319.9740
143440.3855, 6394390.4504, 35.3531, 327.4332, 319.9740
143440.7221, 6394371.6239, 33.4255, 794.0343, 398.5394
143445.2762, 6394394.4906, 33.5033, 477.4913, 405.9308
143440.6856, 6394371.6366, 33.3347, 790.3403, 407.2904
143440.9190, 6394372.1075, 33.3038, 785.6904, 410.4690
143438.7708, 6394393.9641, 35.9175, 224.2262, 302.9605
143448.4301, 6394408.9193, 33.2387, 427.5303, 415.9858
143453.2176, 6394405.5746, 36.5690, 585.9440, 321.9425
143454.4532, 6394414.9645, 33.0661, 523.0231, 420.1788
143453.2176, 6394405.5746, 36.5690, 585.9440, 321.9425
143441.5408, 6394371.8250, 34.0218, 849.4797, 343.5801
143454.4532, 6394414.9645, 33.0661, 523.0231, 420.1788
143444.5132, 6394408.9621, 35.4523, 318.5611, 352.4561
143439.6145, 6394379.5358, 33.1150, 451.0407, 424.4051
143440.9205, 6394372.1062, 33.0686, 785.7578, 432.3563
143440.9205, 6394372.1062, 33.0686, 785.7578, 432.3563
143440.6837, 6394371.6373, 33.0678, 790.0086, 433.0121
143441.1170, 6394373.0742, 32.9262, 755.8223, 443.8531
143441.1170, 6394373.0742, 32.9262, 755.8223, 443.8531
143441.1170, 6394373.0742, 32.9262, 755.8223, 443.8531
143438.6064, 6394372.9683, 32.4534, 556.0558, 490.3998
143438.6064, 6394372.9683, 32.4534, 556.0558, 490.3998
143438.4254, 6394372.9730, 32.4255, 540.0322, 493.3924
143438.4254, 6394372.9730, 32.4255, 540.0322, 493.3924
143439.0764, 6394372.4935, 32.4318, 615.0109, 493.6129
143439.0764, 6394372.4935, 32.4318, 615.0109, 493.6129
143439.0764, 6394372.4935, 32.4318, 615.0109, 493.6129
143439.6286, 6394372.0398, 32.3898, 681.8572, 498.6060
143442.9127, 6394401.0173, 35.3149, 327.2369, 345.3661
143444.5132, 6394408.9621, 35.4523, 318.5611, 352.4561
143435.6225, 6394375.5318, 33.8015, 223.9928, 366.1326
143435.8641, 6394374.9869, 33.7190, 255.2043, 372.4487
143445.4650, 6394395.5187, 33.9444, 471.3448, 389.7170
143445.4650, 6394395.5187, 33.9444, 471.3448, 389.7170
143443.2687, 6394405.9432, 35.5062, 302.0512, 346.3782
143440.7291, 6394371.5725, 33.9069, 797.5266, 351.8528
143440.0728, 6394379.9599, 33.1195, 470.7947, 423.9036
143445.2922, 6394392.9638, 32.9025, 498.3724, 429.4517
143440.1689, 6394372.3601, 32.3561, 712.8466, 498.9555
143440.1689, 6394372.3601, 32.3561, 712.8466, 498.9555
143444.3643, 6394400.9570, 35.0607, 376.1798, 354.8944
143444.3643, 6394400.9570, 35.0607, 376.1798, 354.8944
143442.6716, 6394399.9806, 34.7342, 327.6730, 363.8593
143442.6716, 6394399.9806, 34.7342, 327.6730, 363.8593
143448.0107, 6394392.0308, 34.4714, 611.9125, 367.5565
143447.5940, 6394406.9213, 34.7886, 421.3557, 371.1418
143447.5940, 6394406.9213, 34.7886, 421.3557, 371.1418
143449.3263, 6394411.4553, 34.5532, 429.9608, 381.3346
143446.0324, 6394395.9892, 34.1951, 485.4225, 380.9673
143440.7416, 6394371.6324, 33.5967, 795.2992, 382.0554
143442.2037, 6394397.9843, 33.8221, 328.3773, 394.6164
143442.2037, 6394397.9843, 33.8221, 328.3773, 394.6164
143446.2392, 6394403.4184, 33.2987, 413.2971, 414.1156
143440.2343, 6394381.5420, 33.1351, 448.5568, 422.4319
143440.9438, 6394372.0925, 33.1495, 788.3217, 424.8342
143440.9438, 6394372.0925, 33.1495, 788.3217, 424.8342
143439.4776, 6394378.4719, 33.0972, 465.3864, 426.0794
143441.7730, 6394380.5213, 32.7642, 558.7871, 445.3433
143438.2574, 6394372.9957, 32.5733, 524.3363, 479.6260
143438.0968, 6394372.9889, 32.3788, 510.2851, 498.4852
143438.0968, 6394372.9889, 32.3788, 510.2851, 498.4852
143439.0341, 6394372.4774, 32.2219, 611.9812, 513.8495
143448.4325, 6394375.5846, 38.1138, 1092.9858, 92.6662
143448.6448, 6394377.4855, 37.7588, 1018.8350, 139.5341
143441.4931, 6394383.5008, 37.6074, 480.1234, 172.4503
143443.2180, 6394387.5627, 37.9038, 493.2964, 193.8563
143443.2180, 6394387.5627, 37.9038, 493.2964, 193.8563
143447.5976, 6394376.6226, 36.6383, 1002.3115, 197.1357
143435.2854, 6394384.9739, 36.5182, 105.3582, 222.9985
143435.2854, 6394384.9739, 36.5182, 105.3582, 222.9985
143435.2110, 6394384.4786, 35.9175, 104.1480, 255.3610
143439.5111, 6394396.4670, 35.6511, 237.0749, 321.3727
143439.5111, 6394396.4670, 35.6511, 237.0749, 321.3727
143450.6386, 6394414.4192, 34.7896, 439.0541, 377.3937
143450.6386, 6394414.4192, 34.7896, 439.0541, 377.3937
143441.0825, 6394372.6293, 33.3957, 773.6296, 402.3787
143450.6331, 6394414.4372, 33.2757, 438.9952, 415.0635
143441.0283, 6394372.6606, 33.0994, 767.8509, 429.0230
143437.1510, 6394374.5213, 37.5669, 378.5316, 21.9205
143448.1363, 6394374.6371, 37.7626, 1124.2906, 101.9612
143448.3212, 6394377.6056, 37.5030, 998.1041, 154.9642
143447.5070, 6394375.1543, 36.8182, 1064.3921, 170.4214
143447.8248, 6394377.5259, 37.0031, 976.6257, 182.9732
143436.5625, 6394379.4492, 35.2868, 243.0556, 269.3484
143451.5189, 6394385.5569, 36.5422, 875.8970, 268.1974
143435.6409, 6394385.9837, 35.6685, 121.7392, 279.1480
143435.6409, 6394385.9837, 35.6685, 121.7392, 279.1480
143438.8382, 6394386.4851, 35.0570, 296.4754, 320.6644
143436.2609, 6394387.9845, 34.6923, 145.2073, 340.3416
143445.3661, 6394401.9535, 34.9275, 399.3955, 361.0902
143445.3661, 6394401.9535, 34.9275, 399.3955, 361.0902
143441.2350, 6394371.4374, 33.5120, 845.6312, 390.3271
143444.7320, 6394399.9366, 33.6011, 398.1786, 403.6412
143449.3882, 6394376.6690, 39.0544, 1090.6816, 52.8745
143447.6647, 6394373.5170, 37.1278, 1158.3795, 129.6774
143445.5037, 6394392.4731, 37.8885, 512.5254, 228.3377
143437.6228, 6394382.9981, 35.0255, 268.8673, 307.8386
143442.6551, 6394397.9540, 33.9625, 344.9335, 389.6025
143438.3899, 6394372.9875, 32.4337, 536.3898, 492.6245
143448.0421, 6394379.1018, 36.7399, 927.3001, 212.6905
143435.0155, 6394384.4846, 36.2928, 91.2572, 232.1233
143436.4994, 6394388.4797, 34.8058, 154.7494, 336.0257
143436.3769, 6394381.5229, 34.2262, 206.2306, 351.1830
143434.7505, 6394383.4799, 34.8692, 80.7145, 313.6804
143441.0058, 6394371.5357, 33.7891, 822.0257, 363.6099
143441.0058, 6394371.5357, 33.7891, 822.0257, 363.6099
143459.5696, 6394391.0660, 44.6090, 1002.0307, 9.3977
143437.7634, 6394374.4931, 37.6369, 432.9550, 21.5384
143437.7634, 6394374.4931, 37.6369, 432.9550, 21.5384
143436.4256, 6394375.0550, 37.4969, 301.5690, 32.3356
143437.3212, 6394374.5570, 37.4811, 392.7812, 32.4321
143436.2537, 6394375.0676, 37.4487, 285.7738, 35.2047
143449.4215, 6394376.0120, 39.1230, 1122.6208, 39.0627
143448.0157, 6394372.1076, 38.0444, 1264.1139, 39.6600
143456.8289, 6394387.1768, 42.3383, 1017.4404, 48.5774
143448.4310, 6394375.0646, 38.1068, 1118.2943, 85.9805
143447.5386, 6394372.5719, 37.3307, 1207.0258, 99.8339
143448.0445, 6394374.9655, 37.3601, 1102.4536, 133.7069
143454.4124, 6394386.9852, 39.6771, 942.2286, 147.7736
143454.4124, 6394386.9852, 39.6771, 942.2286, 147.7736
143441.0705, 6394383.5949, 37.7354, 455.8962, 164.2599
143448.1226, 6394377.1738, 37.2109, 1005.8675, 167.9852
143447.5550, 6394374.1476, 36.6475, 1117.5333, 171.9103
143434.1654, 6394381.4943, 36.6539, 46.8786, 179.9495
143443.2135, 6394388.0271, 37.7234, 485.6581, 205.4142
143434.6307, 6394382.9906, 35.8304, 74.0726, 249.5441
143437.7834, 6394391.4780, 35.8242, 197.7040, 297.6303
143439.1518, 6394386.9468, 35.2529, 307.3565, 312.4526
143439.1518, 6394386.9468, 35.2529, 307.3565, 312.4526
143441.5436, 6394371.8214, 34.2263, 850.0264, 324.4551
143438.9564, 6394394.9927, 35.3224, 225.0055, 330.6308
143440.8395, 6394371.5614, 34.0867, 807.2815, 334.6132
143443.5551, 6394406.4677, 35.8131, 307.1160, 337.9403
143443.5551, 6394406.4677, 35.8131, 307.1160, 337.9403
143443.4021, 6394398.4422, 35.4066, 366.5662, 338.4123
143443.4021, 6394398.4422, 35.4066, 366.5662, 338.4123
143441.1198, 6394371.4999, 33.9081, 833.2422, 352.2156
143448.2439, 6394408.9286, 35.4475, 422.1010, 354.6223
143443.6573, 6394406.9421, 35.1497, 307.1659, 358.6356
143443.6573, 6394406.9421, 35.1497, 307.1659, 358.6356
143443.9117, 6394400.4306, 34.9200, 365.9411, 358.7160
143443.9117, 6394400.4306, 34.9200, 365.9411, 358.7160
143441.2580, 6394371.4105, 33.7585, 849.1102, 366.5679
143443.8199, 6394398.9587, 33.7786, 376.6674, 397.0019
143459.5723, 6394391.4925, 44.8051, 992.1821, 6.2189
143459.5723, 6394391.4925, 44.8051, 992.1821, 6.2189
143437.0258, 6394374.5292, 37.6631, 367.0666, 11.8260
143437.7495, 6394374.4781, 37.7057, 432.1253, 14.8015
143457.5733, 6394387.5865, 43.2867, 1030.2025, 17.5445
143449.9724, 6394376.9840, 39.7215, 1104.7458, 19.9271
143436.5849, 6394375.0032, 37.5783, 316.9063, 25.4752
143457.3356, 6394387.6137, 42.9853, 1021.9256, 28.8049
143457.1177, 6394387.1528, 42.7805, 1027.4625, 31.6177
143455.1766, 6394383.1181, 41.5914, 1082.7646, 31.8049
143455.4946, 6394383.9962, 41.8002, 1065.8049, 33.4750
143455.4946, 6394383.9962, 41.8002, 1065.8049, 33.4750
143436.3502, 6394375.5589, 37.5011, 285.0975, 41.8236
143434.9403, 6394378.5487, 37.8371, 124.7413, 57.4340
143456.6165, 6394387.0792, 42.0360, 1013.1704, 59.1207
143456.6165, 6394387.0792, 42.0360, 1013.1704, 59.1207
143448.8394, 6394375.0277, 38.4637, 1141.3114, 63.8971
143448.6734, 6394375.1440, 38.3810, 1126.9825, 70.0601
143456.3997, 6394387.6074, 41.6602, 991.9468, 78.1826
143447.6580, 6394372.6765, 37.5203, 1207.6205, 87.5910
143456.1411, 6394386.9905, 41.2419, 999.8953, 89.0479
143456.1411, 6394386.9905, 41.2419, 999.8953, 89.0479
143455.9725, 6394388.1272, 41.0819, 964.6163, 104.0907
143439.4296, 6394378.9960, 37.6470, 448.9725, 111.5935
143449.2435, 6394378.6051, 38.2842, 1002.7615, 122.9198
143439.5324, 6394379.5610, 37.5451, 443.6693, 126.4093
143441.0291, 6394382.5312, 37.8940, 473.3043, 144.9982
143443.2574, 6394387.0675, 37.8967, 503.2924, 191.0053
143443.6318, 6394387.9767, 37.8900, 504.9414, 198.5209
143443.6318, 6394387.9767, 37.8900, 504.9414, 198.5209
143448.5442, 6394380.0762, 36.9517, 916.7617, 209.4651
143447.8178, 6394376.5151, 36.4188, 1017.9515, 211.4024
143443.5159, 6394388.0408, 37.6002, 498.8438, 212.2096
143448.1878, 6394379.5801, 36.6649, 917.2359, 220.9903
143450.9572, 6394382.8441, 36.7197, 930.6044, 245.9206
143447.7699, 6394397.0442, 37.6714, 530.3964, 259.6109
143451.6240, 6394405.0438, 38.0721, 549.7614, 275.9935
143451.6240, 6394405.0438, 38.0721, 549.7614, 275.9935
143451.6240, 6394405.0438, 38.0721, 549.7614, 275.9935
143437.0312, 6394380.9473, 35.3035, 256.3543, 278.7726
143436.5276, 6394387.9779, 35.7774, 158.9276, 284.2638
143437.4772, 6394382.4587, 35.3681, 266.2435, 283.9603
143442.8208, 6394404.4552, 36.9312, 297.8634, 298.6801
143441.1294, 6394371.4645, 34.4613, 836.2897, 298.6095
143438.3911, 6394392.9743, 35.7698, 214.8381, 305.7885
143445.9881, 6394412.4507, 36.9742, 335.7437, 316.2345
143441.1906, 6394371.4163, 34.1011, 843.6013, 333.3678
143441.1906, 6394371.4163, 34.1011, 843.6013, 333.3678
143447.8108, 6394392.1216, 35.0869, 603.2499, 343.2102
143447.8108, 6394392.1216, 35.0869, 603.2499, 343.2102
143444.8843, 6394401.9627, 35.4035, 383.8990, 345.2512
143441.0485, 6394371.5492, 33.8538, 824.8168, 357.4923
143441.0485, 6394371.5492, 33.8538, 824.8168, 357.4923
143441.1767, 6394371.4649, 33.7834, 839.6370, 364.2065
143441.1767, 6394371.4649, 33.7834, 839.6370, 364.2065
143444.6214, 6394400.9551, 34.7029, 384.7048, 367.0406
143446.7130, 6394404.9399, 34.5241, 413.4864, 377.1044
143444.9536, 6394400.9791, 34.3654, 395.3675, 378.4851
143445.4138, 6394401.4907, 34.2938, 405.3572, 381.4063
143440.8210, 6394371.5836, 33.6112, 804.3376, 380.6449
143440.8210, 6394371.5836, 33.6112, 804.3376, 380.6449
143440.8210, 6394371.5836, 33.6112, 804.3376, 380.6449
143444.3426, 6394399.9653, 34.2313, 384.7933, 382.0225
143441.0858, 6394371.5360, 33.5531, 828.3445, 386.4144
143445.3702, 6394397.0670, 33.9546, 449.7421, 390.2200
143445.3702, 6394397.0670, 33.9546, 449.7421, 390.2200
143445.3543, 6394397.5475, 33.8356, 443.8198, 394.7388
143440.9436, 6394372.0927, 33.3961, 788.4255, 401.8699
143439.9314, 6394372.0202, 33.1389, 708.7242, 426.0864
143446.9812, 6394393.6040, 32.9620, 550.9222, 426.7357
143445.8222, 6394393.4142, 32.8823, 511.8002, 430.0147
143445.8222, 6394393.4142, 32.8823, 511.8002, 430.0147
143438.1068, 6394372.9933, 32.5738, 510.9734, 479.8596
143438.2364, 6394372.9902, 32.3915, 522.7073, 496.9464
143449.8781, 6394377.0557, 39.7699, 1097.2310, 17.3233
143438.5513, 6394374.4488, 37.7532, 500.8858, 18.5472
143438.5513, 6394374.4488, 37.7532, 500.8858, 18.5472
143456.3119, 6394385.6402, 42.5047, 1044.0366, 24.0049
143449.7547, 6394377.2009, 39.6798, 1085.0459, 24.1837
143455.4326, 6394383.5920, 41.8429, 1076.5133, 26.8023
143436.1351, 6394375.0551, 37.4805, 275.1350, 30.7572
143449.9099, 6394376.9376, 39.4607, 1103.6555, 34.9582
143449.2391, 6394375.5853, 38.9973, 1134.1074, 39.4203
143435.9986, 6394375.5505, 37.4756, 253.8755, 40.3755
143435.6160, 6394377.0597, 37.7597, 197.4864, 42.3628
143435.9019, 6394375.5731, 37.4569, 244.7877, 41.5473
143435.9896, 6394377.5168, 37.8845, 222.5283, 44.2287
143435.9896, 6394377.5168, 37.8845, 222.5283, 44.2287
143436.2392, 6394376.5602, 37.6838, 257.8944, 44.9354
143436.3065, 6394377.5302, 37.8968, 248.1370, 46.3413
143448.8271, 6394374.5850, 38.6271, 1163.6957, 45.6996
143434.7057, 6394378.5486, 37.7759, 105.4001, 60.2660
143456.6635, 6394386.9580, 41.8991, 1017.9067, 63.8658
143458.2085, 6394391.1258, 42.9415, 960.9260, 65.0119
143434.2318, 6394379.5377, 37.8513, 59.8875, 67.2816
143434.2318, 6394379.5377, 37.8513, 59.8875, 67.2816
143457.7441, 6394391.4393, 42.2632, 940.0008, 90.4743
143448.3768, 6394376.0962, 37.8996, 1066.0654, 113.1496
143448.2388, 6394376.0646, 37.7260, 1060.4086, 123.3783
143448.2989, 6394376.0134, 37.7162, 1065.7772, 123.7572
143433.9035, 6394380.9893, 37.3273, 28.1538, 125.0443
143453.5902, 6394384.1322, 39.6120, 993.1147, 125.8341
143447.9896, 6394375.1064, 37.4807, 1092.7512, 126.7637
143447.9309, 6394375.6807, 37.4801, 1062.2041, 133.4137
143434.3700, 6394382.5181, 37.4684, 56.2737, 136.7726
143434.3860, 6394382.4830, 37.3756, 57.6758, 142.6397
143447.9095, 6394374.9735, 37.1902, 1094.8247, 144.7937
143440.2637, 6394383.0485, 37.8797, 421.2992, 147.2448
143441.5966, 6394382.5454, 37.9105, 504.1081, 146.8894
143441.5966, 6394382.5454, 37.9105, 504.1081, 146.8894
143440.2673, 6394383.5617, 37.8666, 412.8229, 152.9247
143440.9707, 6394383.9703, 37.9019, 443.9332, 157.8194
143454.1537, 6394386.9896, 39.4076, 933.2521, 158.2884
143447.6878, 6394375.0157, 36.9868, 1080.8647, 158.1668
143447.7314, 6394376.1934, 37.1394, 1028.2756, 160.7761
143454.8941, 6394389.6114, 39.7139, 893.7151, 164.9982
143454.8941, 6394389.6114, 39.7139, 893.7151, 164.9982
143434.1414, 6394381.4861, 36.8256, 44.9099, 167.7826
143453.0365, 6394385.6473, 38.8965, 929.7083, 167.5518
143453.0365, 6394385.6473, 38.8965, 929.7083, 167.5518
143454.1655, 6394388.9244, 39.4559, 885.9990, 168.8244
143447.6988, 6394376.1437, 37.0000, 1028.6962, 169.3241
143447.5137, 6394375.1416, 36.8483, 1065.3916, 168.2325
143447.5137, 6394375.1416, 36.8483, 1065.3916, 168.2325
143453.9314, 6394386.9471, 39.0359, 926.6303, 173.0019
143453.9314, 6394386.9471, 39.0359, 926.6303, 173.0019
143447.7284, 6394376.0583, 36.9389, 1033.9902, 172.6618
143435.9223, 6394386.4969, 37.5867, 133.4001, 175.9028
143447.6207, 6394375.5456, 36.7401, 1051.7233, 180.3693
143447.6207, 6394375.5456, 36.7401, 1051.7233, 180.3693
143435.9184, 6394386.5116, 37.4922, 133.1614, 181.2595
143454.1830, 6394388.9734, 39.1556, 885.3251, 181.2064
143434.5540, 6394382.4778, 36.8016, 70.2553, 181.5719
143442.6616, 6394387.0046, 37.9295, 476.9703, 186.9539
143447.8782, 6394378.6120, 36.8016, 937.3257, 204.6864
143454.0157, 6394389.6185, 38.4777, 864.8249, 211.1962
143448.1694, 6394379.6181, 36.5128, 914.9793, 229.9095
143449.2160, 6394382.1507, 36.7733, 879.9778, 234.6788
143439.1035, 6394394.9594, 37.5530, 230.2987, 239.0330
143435.4679, 6394376.4553, 35.2646, 195.3358, 243.6760
143447.8367, 6394396.9796, 37.8492, 533.4163, 253.1873
143449.4469, 6394400.5664, 38.0447, 539.2584, 261.2226
143444.7115, 6394409.0034, 37.8065, 323.3164, 285.0248
143443.4424, 6394405.9522, 36.9300, 306.8936, 302.7720
143456.3575, 6394414.4796, 37.9125, 569.3992, 304.4337
143441.1606, 6394400.4776, 35.7736, 270.5466, 327.0672
143454.9714, 6394410.1002, 36.7062, 580.6086, 326.5735
143434.3136, 6394382.4898, 34.5304, 55.8270, 330.9533
143440.9278, 6394371.5452, 34.0954, 815.3598, 333.9070
143457.5362, 6394386.6760, 43.4037, 1054.2311, 3.3027
143449.7443, 6394396.5454, 35.1876, 601.1791, 348.2205
143449.7842, 6394377.0704, 39.9728, 1092.3960, 4.2711
143465.3192, 6394402.9294, 48.4466, 913.8611, 5.3161
143449.7463, 6394377.1257, 39.9179, 1088.1490, 8.2517
143439.7089, 6394373.5617, 37.7789, 626.3411, 8.9716
