143436.0347, 6394375.5219, 37.5716, 239.5524, 6.4735
143441.1793, 6394372.5738, 33.2564, 788.0899, 412.3786
143447.6721, 6394374.6320, 37.0684, 1112.3069, 139.8620
143439.2598, 6394382.4851, 37.6971, 361.2024, 134.7849
143450.0403, 6394376.9553, 39.5765, 1120.0819, 19.2641
143449.8304, 6394377.1668, 39.5495, 1100.3811, 22.5144
143435.2367, 6394377.5426, 37.8131, 137.4114, 20.0553
143443.0842, 6394377.4866, 37.4833, 720.9968, 114.4730
143439.2598, 6394382.4851, 37.6971, 361.2024, 134.7849
143448.5316, 6394378.0655, 37.6570, 996.7365, 144.0441
143447.7598, 6394375.5525, 37.0951, 1069.8180, 149.3916
143449.2121, 6394379.0689, 38.0254, 989.4155, 135.6948
143434.0277, 6394381.4988, 36.6871, 10.3404, 160.4373
143457.0693, 6394392.1216, 41.5628, 903.9176, 114.3909
143440.1899, 6394372.9820, 33.1893, 687.8337, 417.8918
143459.0457, 6394390.9634, 44.0938, 990.1910, 20.1563
143454.4316, 6394386.5811, 39.7647, 954.6846, 136.8822
143449.4891, 6394376.1848, 39.2980, 1130.0748, 20.6935
143452.2097, 6394385.0246, 38.0905, 917.1602, 192.9692
143444.2219, 6394386.0983, 32.9409, 556.5142, 428.8409
143441.0368, 6394373.1227, 32.9290, 749.8200, 442.1736
143438.6557, 6394373.5079, 32.5026, 534.1494, 482.3564
143438.6557, 6394373.5079, 32.5026, 534.1494, 482.3564
143439.3449, 6394373.0290, 32.4395, 613.1793, 489.6260
143440.1350, 6394372.9615, 32.4326, 683.4914, 489.4439
143440.1350, 6394372.9615, 32.4326, 683.4914, 489.4439
143440.1350, 6394372.9615, 32.4326, 683.4914, 489.4439
143440.2046, 6394372.9233, 32.4272, 690.9900, 490.0381
143440.0028, 6394372.9655, 32.4015, 672.2100, 492.5687
143439.3735, 6394373.0209, 32.3993, 615.9819, 493.4822
143439.3735, 6394373.0209, 32.3993, 615.9819, 493.4822
143440.1548, 6394372.9447, 32.3375, 685.8008, 498.4723
143439.8769, 6394372.9825, 32.2952, 660.7487, 502.7694
143440.2760, 6394372.8736, 32.2875, 699.0454, 503.3556
143440.2760, 6394372.8736, 32.2875, 699.0454, 503.3556
143438.8634, 6394373.4867, 32.2604, 553.1449, 505.1778
143439.3615, 6394373.0165, 32.2597, 615.0162, 506.9529
143440.1534, 6394372.8973, 32.2304, 687.7003, 508.8529
143455.0164, 6394387.0978, 40.3986, 960.9595, 115.9840
143434.7883, 6394383.5274, 37.4036, 57.4370, 138.3879
143434.9170, 6394384.0130, 36.5785, 64.3827, 197.2748
143442.0319, 6394380.5510, 37.8589, 567.1113, 119.7655
143438.8178, 6394383.5355, 37.7554, 318.1665, 139.6588
143442.1155, 6394380.5333, 37.8628, 572.4371, 119.8342
143447.9456, 6394378.5694, 36.4630, 946.6987, 219.5328
143441.1518, 6394383.5494, 37.9100, 452.0032, 143.2644
143458.9053, 6394391.1162, 43.9861, 982.3759, 24.8461
143441.0976, 6394381.5240, 37.9018, 489.6516, 122.3567
143447.8803, 6394375.5520, 37.1786, 1076.3417, 144.2953
143447.9456, 6394378.5694, 36.4630, 946.6987, 219.5328
143447.7692, 6394375.6585, 37.1567, 1065.1974, 146.3488
143441.8730, 6394381.0554, 37.8728, 545.5098, 123.6459
143441.8730, 6394381.0554, 37.8728, 545.5098, 123.6459
143437.3518, 6394385.0100, 37.7014, 212.0043, 149.5434
143458.9854, 6394391.4853, 43.9709, 975.8948, 29.0029
143437.3518, 6394385.0100, 37.7014, 212.0043, 149.5434
143436.5333, 6394385.5186, 37.6759, 157.7780, 151.6170
143450.2577, 6394401.4696, 37.8696, 544.0345, 266.8269
143458.8142, 6394391.4783, 43.7442, 970.9824, 36.4834
143437.0537, 6394385.0330, 37.6398, 193.7649, 151.8454
143449.4232, 6394379.0809, 38.2071, 998.9037, 126.2413
143447.7878, 6394375.4444, 37.0387, 1076.5778, 152.2975
143434.4176, 6394382.5329, 37.3753, 35.4576, 126.4006
143456.9010, 6394387.1731, 42.4420, 1022.3032, 39.4452
143449.2807, 6394376.0552, 38.8378, 1125.4989, 47.6326
143439.9315, 6394382.5460, 37.8731, 400.5947, 128.4257
143435.5284, 6394385.5063, 37.5390, 95.5658, 154.3920
143439.5222, 6394382.5615, 37.8061, 375.8307, 130.3432
143440.2168, 6394383.0402, 37.8840, 408.5203, 134.6251
143435.5022, 6394385.4732, 37.4731, 94.1435, 157.8881
143450.2577, 6394401.4696, 37.8696, 544.0345, 266.8269
143458.3896, 6394391.1439, 43.2301, 966.2103, 50.7785
143436.8866, 6394380.4663, 35.1153, 234.9595, 278.1679
143434.8331, 6394383.5184, 37.4357, 60.5934, 136.4493
143435.7042, 6394386.0005, 37.5611, 103.5281, 158.6046
143435.0276, 6394384.4833, 37.4947, 68.8207, 144.1943
143447.7045, 6394375.5490, 36.9262, 1066.8019, 160.8489
143458.1152, 6394391.1546, 42.8307, 957.6491, 64.5273
143447.7045, 6394375.5490, 36.9262, 1066.8019, 160.8489
143448.6947, 6394375.4898, 38.2764, 1123.4923, 72.8662
143439.0722, 6394379.0792, 37.8281, 413.3951, 81.7044
143447.7710, 6394376.0836, 36.9998, 1044.6624, 161.8755
143455.3620, 6394389.5627, 40.0838, 909.2810, 147.7448
143433.9246, 6394380.9880, 37.3336, 3.2769, 105.6654
143448.0604, 6394375.1102, 37.5518, 1108.8075, 113.7488
143442.0303, 6394384.0450, 37.6077, 489.7808, 169.3915
143435.1216, 6394384.4835, 37.4448, 75.1206, 147.8613
143434.0628, 6394381.5124, 37.3281, 12.5078, 114.2939
143452.2966, 6394405.5016, 37.9507, 554.1870, 278.1547
143453.7112, 6394386.6275, 38.9601, 927.8467, 169.4607
143435.1807, 6394384.5208, 37.4298, 78.8549, 149.5137
143447.6907, 6394375.9874, 36.8558, 1044.7908, 170.2881
143437.6160, 6394390.9789, 35.8399, 175.9174, 286.8240
143457.3217, 6394393.5566, 41.8451, 880.7200, 114.6172
143435.3718, 6394385.0116, 37.4864, 88.5174, 151.9567
143447.6463, 6394375.0582, 36.9702, 1088.4274, 151.8749
143442.3134, 6394386.0521, 37.9128, 467.4688, 170.3916
143441.7664, 6394384.0609, 37.5689, 475.5294, 170.4838
143435.4002, 6394385.4868, 37.5207, 87.5689, 154.6278
143442.8155, 6394387.0324, 37.9006, 474.9419, 180.4546
143435.8817, 6394386.0368, 37.5917, 114.2019, 158.0407
143447.6787, 6394376.0356, 36.6874, 1041.6433, 182.2740
143463.8879, 6394406.6570, 44.8755, 820.8506, 115.3009
143441.7070, 6394383.5032, 37.6023, 483.1198, 163.4775
143447.7359, 6394377.5594, 36.8559, 977.2585, 185.6321
143447.6381, 6394376.0800, 36.6460, 1037.3613, 185.3195
143442.9230, 6394387.5177, 37.9345, 471.8865, 182.6303
143439.1371, 6394386.9513, 35.2471, 291.8683, 305.5589
143439.1371, 6394386.9513, 35.2471, 291.8683, 305.5589
143454.0035, 6394389.1881, 38.7969, 873.0728, 192.6731
143463.8879, 6394406.6570, 44.8755, 820.8506, 115.3009
143437.5875, 6394390.9929, 37.6051, 173.8489, 201.9896
143439.9164, 6394396.9619, 35.8828, 234.3941, 307.6866
143434.2064, 6394381.9829, 37.4046, 21.8175, 116.0161
143443.2683, 6394377.4390, 37.4582, 733.9388, 116.9417
143443.2683, 6394377.4390, 37.4582, 733.9388, 116.9417
143447.7056, 6394373.4661, 37.1528, 1180.0851, 118.4641
143447.7056, 6394373.4661, 37.1528, 1180.0851, 118.4641
143437.3956, 6394390.4777, 37.6724, 167.8678, 194.7219
143438.7493, 6394394.4663, 35.3214, 203.7326, 322.7747
143442.6555, 6394378.5074, 37.5640, 661.2909, 118.8920
143445.5543, 6394387.4847, 37.7309, 590.3062, 201.9743
143447.7074, 6394378.0963, 36.7310, 953.7875, 198.0983
143442.4331, 6394378.5773, 37.5467, 645.5856, 119.4507
143442.4331, 6394378.5773, 37.5467, 645.5856, 119.4507
143439.9611, 6394389.4849, 35.0737, 304.4102, 323.6247
143436.1306, 6394376.4895, 34.1181, 233.3165, 333.3185
143436.1306, 6394376.4895, 34.1181, 233.3165, 333.3185
143441.2990, 6394372.4994, 33.6720, 801.9315, 373.2781
143436.7836, 6394376.4505, 33.5504, 291.2648, 383.7089
143441.9673, 6394381.0153, 37.8773, 551.9229, 123.4886
143444.3958, 6394387.5893, 37.6628, 537.6166, 201.8430
143441.9673, 6394381.0153, 37.8773, 551.9229, 123.4886
143437.9532, 6394391.9783, 37.6916, 184.5760, 205.1558
143440.4970, 6394381.5887, 37.8288, 452.6357, 124.0227
143443.5362, 6394391.0563, 37.9374, 445.1401, 206.8358
143440.3988, 6394382.0320, 37.8658, 437.9423, 126.0400
143448.0689, 6394407.9433, 34.2748, 414.4330, 383.9284
143441.6004, 6394372.3902, 33.4374, 831.2078, 395.7092
143440.5501, 6394382.0355, 37.8818, 446.8296, 125.9890
143444.1339, 6394391.5373, 37.9632, 463.1212, 210.2086
143445.1502, 6394387.4927, 37.6363, 572.6141, 205.1433
143434.5068, 6394382.9967, 37.4302, 39.9058, 128.7961
143445.0220, 6394395.0539, 33.6637, 450.3608, 397.1223
143443.8490, 6394392.0341, 37.9845, 444.5765, 211.0886
143434.5068, 6394382.9967, 37.4302, 39.9058, 128.7961
143445.1502, 6394387.4927, 37.6363, 572.6141, 205.1433
143439.5760, 6394382.9694, 37.8808, 372.1844, 130.4227
143445.0220, 6394395.0539, 33.6637, 450.3608, 397.1223
143443.8490, 6394392.0341, 37.9845, 444.5765, 211.0886
143434.5597, 6394382.9839, 37.4029, 43.8065, 130.8220
143443.5346, 6394392.5427, 37.9696, 425.0252, 213.4695
143448.0238, 6394379.1237, 36.6040, 929.6106, 215.3330
143439.0672, 6394382.0130, 37.6253, 357.1966, 133.0598
143445.6424, 6394393.4917, 33.6321, 494.1079, 398.1753
143448.0238, 6394379.1237, 36.6040, 929.6106, 215.3330
143443.5346, 6394392.5427, 37.9696, 425.0252, 213.4695
143434.7637, 6394383.5180, 37.4700, 55.7136, 133.7698
143440.6558, 6394383.0161, 37.9169, 434.1603, 134.8637
143442.6489, 6394391.4718, 37.7386, 401.9928, 215.1579
143441.4132, 6394393.9803, 37.8973, 321.2667, 217.7348
143435.0934, 6394375.4683, 35.2246, 150.1025, 219.6611
143445.6424, 6394393.4917, 33.6321, 494.1079, 398.1753
143440.0575, 6394383.0472, 37.8483, 399.1527, 135.9599
143442.6489, 6394391.4718, 37.7386, 401.9928, 215.1579
143438.9726, 6394382.5194, 37.6324, 343.0320, 137.5441
143453.1499, 6394388.5989, 37.8810, 857.7018, 224.7908
143435.2778, 6394375.9695, 35.2285, 161.6292, 225.9639
143438.9726, 6394382.5194, 37.6324, 343.0320, 137.5441
143447.9288, 6394375.5830, 37.2789, 1077.5179, 137.9600
143438.8960, 6394394.4651, 37.7900, 209.5910, 217.4804
143438.7049, 6394382.5765, 37.5911, 325.5710, 139.1962
143438.7049, 6394382.5765, 37.5911, 325.5710, 139.1962
143439.1565, 6394382.5297, 37.6100, 354.1578, 140.1214
143438.5446, 6394384.5053, 37.8499, 288.6767, 142.2183
143438.8651, 6394394.4859, 37.6707, 208.1154, 222.6142
143438.5446, 6394384.5053, 37.8499, 288.6767, 142.2183
143440.8340, 6394383.5395, 37.9010, 434.5878, 142.0118
143438.3714, 6394384.5476, 37.8198, 277.9625, 143.4835
143439.2509, 6394395.0094, 37.7298, 220.9514, 223.7833
143441.4258, 6394372.4154, 33.2877, 815.8816, 409.6379
143438.3714, 6394384.5476, 37.8198, 277.9625, 143.4835
143440.3790, 6394394.5138, 37.7217, 272.9550, 224.8441
143435.1071, 6394384.5140, 37.5104, 73.9520, 143.9832
143450.0283, 6394412.9362, 33.2186, 424.5760, 414.3969
143443.5387, 6394386.4756, 32.8291, 517.7578, 434.0841
143440.3790, 6394394.5138, 37.7217, 272.9550, 224.8441
143436.7378, 6394385.5137, 37.7054, 170.2263, 150.8994
143435.2747, 6394384.9759, 37.4733, 82.4337, 151.8824
143439.3612, 6394395.0152, 37.6762, 225.6396, 226.3721
143455.8344, 6394390.6439, 40.1868, 898.8542, 152.1906
143455.1900, 6394389.6124, 39.9642, 902.5011, 152.2089
143439.9515, 6394396.9459, 37.8154, 235.5725, 231.1709
143448.6935, 6394378.6266, 37.6169, 981.8876, 153.0172
143453.0608, 6394388.6016, 37.7241, 854.4837, 231.0892
143448.6935, 6394378.6266, 37.6169, 981.8876, 153.0172
143436.3341, 6394385.5210, 37.6280, 145.6036, 153.4289
143439.8581, 6394396.9644, 37.8088, 231.6696, 231.2778
143435.9512, 6394386.0248, 37.6194, 118.5233, 156.6680
143436.3015, 6394385.5360, 37.5611, 143.5109, 157.3505
143447.6377, 6394395.5342, 37.9799, 538.0217, 237.5398
143441.1904, 6394372.5391, 34.9534, 792.7762, 251.5723
143436.3015, 6394385.5360, 37.5611, 143.5109, 157.3505
143441.9951, 6394402.4648, 37.9430, 271.0935, 252.3696
143442.2656, 6394376.1048, 35.3430, 716.7197, 253.5667
143442.2656, 6394376.1048, 35.3430, 716.7197, 253.5667
143435.9865, 6394386.4920, 37.5769, 117.5937, 163.4963
143447.6941, 6394375.4916, 36.8738, 1068.9991, 163.8429
143441.8705, 6394401.9477, 37.8066, 270.5291, 255.0754
143454.2439, 6394388.8745, 39.4152, 888.9689, 166.4184
143453.0762, 6394385.6629, 38.6886, 931.5189, 172.8246
143447.6604, 6394376.0223, 36.8214, 1041.4948, 172.8408
143447.6971, 6394377.4649, 36.7799, 979.1503, 189.4960
143450.3995, 6394401.0309, 37.7656, 553.6142, 269.1601
143437.3671, 6394390.4750, 37.6002, 166.4666, 198.1411
143447.1483, 6394406.9972, 38.1159, 396.6653, 269.3282
143447.1483, 6394406.9972, 38.1159, 396.6653, 269.3282
143451.9917, 6394387.4301, 37.1894, 844.9174, 245.6782
143444.3657, 6394408.4490, 37.9674, 304.5179, 273.2003
143448.1816, 6394396.9630, 37.9281, 536.7591, 246.1806
143441.6479, 6394372.3347, 35.0126, 840.0074, 246.5257
143445.6482, 6394408.4784, 38.0410, 341.6927, 273.0428
143445.6482, 6394408.4784, 38.0410, 341.6927, 273.0428
143445.3156, 6394408.4863, 38.0096, 332.0266, 273.4837
143444.7663, 6394382.4461, 37.0292, 665.9189, 201.4288
143444.7663, 6394382.4461, 37.0292, 665.9189, 201.4288
143447.7173, 6394378.1149, 36.5918, 953.3861, 207.0616
143445.3156, 6394408.4863, 38.0096, 332.0266, 273.4837
143449.0878, 6394401.4731, 37.9713, 509.0464, 261.5223
143438.2119, 6394392.4627, 37.6950, 193.3116, 208.6864
143445.4792, 6394408.4869, 38.0166, 336.7539, 273.5263
143447.6884, 6394378.1500, 36.5205, 950.4631, 211.6953
143443.6158, 6394392.0573, 37.9536, 434.7267, 211.8405
143448.8083, 6394401.5402, 37.9132, 499.7991, 263.1138
143443.6158, 6394392.0573, 37.9536, 434.7267, 211.8405
143445.4792, 6394408.4869, 38.0166, 336.7539, 273.5263
143443.3919, 6394392.4357, 37.9330, 420.5901, 214.0482
143443.3919, 6394392.4357, 37.9330, 420.5901, 214.0482
143448.8083, 6394401.5402, 37.9132, 499.7991, 263.1138
143442.1750, 6394391.5397, 37.6778, 380.8278, 216.7744
143438.7519, 6394393.9664, 37.6795, 206.9233, 219.2561
143454.8989, 6394414.9594, 38.0694, 523.4683, 297.4740
143438.7519, 6394393.9664, 37.6795, 206.9233, 219.2561
143455.2202, 6394384.1215, 41.6336, 1056.6212, 34.9564
143440.2899, 6394394.5145, 37.7013, 269.1940, 225.4583
143449.0716, 6394375.6366, 38.8105, 1135.9843, 41.3670
143452.9427, 6394388.6071, 37.5742, 850.1970, 237.0503
143435.9813, 6394377.9559, 35.2968, 198.2197, 242.7985
143454.8597, 6394383.6624, 41.2703, 1058.3718, 44.9342
143457.8342, 6394390.6679, 42.7176, 960.8285, 63.6460
143439.3554, 6394378.9850, 37.8050, 435.0627, 84.2324
143454.8989, 6394414.9594, 38.0694, 523.4683, 297.4740
143448.0341, 6394396.9721, 37.9270, 531.7170, 245.9387
143454.3852, 6394384.4913, 40.3082, 1014.2625, 95.3456
143454.3852, 6394384.4913, 40.3082, 1014.2625, 95.3456
143451.4413, 6394401.0653, 36.5922, 583.5179, 308.4303
143448.2857, 6394375.6843, 37.9091, 1092.0950, 97.9154
143439.2718, 6394379.0644, 37.5740, 427.5042, 101.4599
143447.5383, 6394396.9707, 37.8794, 515.0839, 246.5865
143449.7783, 6394401.5060, 37.7535, 529.3533, 269.8494
143453.9264, 6394384.1625, 39.9833, 1007.6543, 105.2841
143441.1044, 6394399.5282, 37.6739, 260.8570, 249.7275
143452.6932, 6394388.0978, 36.6809, 853.1957, 271.8553
143441.8550, 6394375.1589, 35.2280, 725.0718, 253.4753
143453.9264, 6394384.1625, 39.9833, 1007.6543, 105.2841
143449.1859, 6394375.4507, 38.8198, 1151.2618, 38.7632
143456.8121, 6394414.6148, 37.4491, 569.3326, 313.8773
143449.1394, 6394376.5870, 38.6528, 1092.6860, 66.4965
143456.7838, 6394390.6704, 41.3841, 928.2436, 109.9637
143439.2158, 6394379.0443, 37.7427, 424.1020, 88.5201
143444.5734, 6394408.5562, 37.8820, 309.8961, 276.3083
143439.2158, 6394379.0443, 37.7427, 424.1020, 88.5201
143440.3563, 6394381.5772, 37.8300, 444.4067, 122.9513
143439.2158, 6394379.0443, 37.7427, 424.1020, 88.5201
143439.2158, 6394379.0443, 37.7427, 424.1020, 88.5201
143440.5679, 6394382.5525, 37.8906, 437.8245, 131.1286
143448.4321, 6394396.9933, 37.7140, 544.6195, 254.5193
143439.2158, 6394379.0443, 37.7427, 424.1020, 88.5201
143447.9339, 6394373.6862, 37.5568, 1180.4751, 92.4716
143447.9430, 6394375.9831, 37.2510, 1058.7717, 144.6039
143447.6001, 6394375.1064, 36.6702, 1083.0033, 173.6256
143443.2426, 6394379.6280, 35.7122, 661.0778, 255.6036
143448.3506, 6394376.0364, 37.8136, 1078.1017, 109.5114
143442.5141, 6394387.0616, 37.9027, 460.1378, 179.3457
143449.3521, 6394396.1216, 36.0156, 586.9467, 314.7978
143448.7024, 6394377.0820, 37.9855, 1047.5885, 113.3129
143448.1279, 6394375.4747, 37.5803, 1093.8245, 116.9212
143452.2944, 6394384.9036, 38.3729, 924.0003, 179.3381
143440.9984, 6394383.5408, 37.8846, 443.6904, 143.8538
143447.7758, 6394374.9898, 36.4918, 1098.1685, 186.1955
143443.5280, 6394387.9722, 37.9146, 492.0834, 189.0155
143450.6421, 6394400.5446, 38.0691, 567.0186, 258.3000
143449.3521, 6394396.1216, 36.0156, 586.9467, 314.7978
143454.1934, 6394386.0307, 39.4164, 961.4466, 147.1571
143443.5280, 6394387.9722, 37.9146, 492.0834, 189.0155
143453.2846, 6394385.4861, 38.7668, 944.0854, 168.8726
143451.8830, 6394385.1241, 37.7772, 901.8431, 207.0321
143448.0531, 6394379.0979, 36.7233, 932.1077, 208.0841
143434.6772, 6394375.4988, 35.2438, 107.7326, 215.4235
143449.2999, 6394401.4726, 37.9999, 515.4550, 260.9711
143435.1492, 6394384.5184, 36.5231, 77.3163, 205.9917
143448.4977, 6394380.0880, 36.4244, 916.9751, 234.2980
143435.6888, 6394376.9673, 35.1455, 186.3672, 245.4186
143435.1492, 6394384.5184, 36.5231, 77.3163, 205.9917
143447.9920, 6394379.1450, 36.7175, 927.4009, 208.5249
143448.9432, 6394401.4852, 37.9497, 504.5267, 262.0031
143451.9257, 6394386.0735, 37.5700, 877.4288, 221.9900
143434.4309, 6394382.4889, 35.8325, 37.7767, 232.1345
143449.5924, 6394396.1192, 35.4513, 594.7209, 335.4415
143448.9432, 6394401.4852, 37.9497, 504.5267, 262.0031
143449.7350, 6394396.5503, 35.3990, 592.9967, 338.1879
143443.4689, 6394379.6318, 34.4156, 673.0662, 339.4157
143448.7466, 6394401.9677, 37.9677, 493.0963, 262.5182
143443.4689, 6394379.6318, 34.4156, 673.0662, 339.4157
143436.0217, 6394377.9603, 35.1980, 201.5935, 251.0816
143448.7466, 6394401.9677, 37.9677, 493.0963, 262.5182
143435.0702, 6394383.9773, 35.8363, 75.4513, 245.0270
143436.1303, 6394378.4780, 35.0663, 203.6496, 266.0757
143447.7411, 6394396.9875, 37.7886, 521.6782, 250.3739
143436.1303, 6394378.4780, 35.0663, 203.6496, 266.0757
143442.8572, 6394404.0004, 37.7540, 288.9626, 265.1630
143435.0848, 6394384.4810, 35.3489, 73.9434, 278.7125
143435.0848, 6394384.4810, 35.3489, 73.9434, 278.7125
143447.8193, 6394392.1196, 35.0680, 596.1661, 341.0070
143440.1044, 6394381.0182, 34.2936, 439.9439, 344.5548
143443.7634, 6394406.9502, 37.9331, 296.7433, 269.3681
143449.8573, 6394401.0505, 38.0650, 537.2528, 258.5721
143447.2917, 6394390.1202, 34.8083, 610.9318, 347.6999
143443.7634, 6394406.9502, 37.9331, 296.7433, 269.3681
143447.4893, 6394390.6202, 34.7752, 609.5480, 350.1608
143441.1723, 6394372.4818, 33.8795, 792.9303, 353.2914
143446.2595, 6394387.5698, 34.5080, 617.5747, 355.6275
143440.0580, 6394381.0414, 34.0933, 436.5915, 357.4417
143446.2193, 6394387.5878, 34.4548, 615.5117, 358.0856
143451.3392, 6394400.6059, 34.9894, 586.1829, 358.8580
143451.3392, 6394400.6059, 34.9894, 586.1829, 358.8580
143437.5007, 6394382.4554, 35.3510, 251.0872, 275.5399
143437.4984, 6394382.4558, 35.3517, 250.9315, 275.4939
143446.2444, 6394387.5758, 34.3936, 616.7828, 360.9445
143441.4732, 6394372.4307, 34.5694, 820.4970, 288.5647
143441.4732, 6394372.4307, 34.5694, 820.4970, 288.5647
143445.2061, 6394385.1167, 34.1161, 622.3580, 369.8773
143435.8464, 6394374.9991, 33.5832, 232.4769, 376.6707
143444.6360, 6394408.5295, 38.0082, 311.9104, 272.6090
143444.4735, 6394383.0548, 33.8359, 634.7279, 381.5298
143444.4735, 6394383.0548, 33.8359, 634.7279, 381.5298
143441.1261, 6394372.6062, 33.5430, 782.5352, 385.3434
143445.9653, 6394394.0440, 33.9273, 498.4824, 386.9274
143440.6672, 6394374.5457, 33.5193, 661.0577, 389.3693
143440.6672, 6394374.5457, 33.5193, 661.0577, 389.3693
143440.6672, 6394374.5457, 33.5193, 661.0577, 389.3693
143444.9017, 6394408.4706, 37.9577, 320.1001, 274.3507
143456.8089, 6394414.4803, 37.9080, 570.6144, 302.5821
143444.9017, 6394408.4706, 37.9577, 320.1001, 274.3507
143441.5537, 6394372.3959, 34.7049, 828.8899, 275.8135
143441.5537, 6394372.3959, 34.7049, 828.8899, 275.8135
143441.5157, 6394372.4242, 34.6356, 824.3001, 282.4348
143441.5157, 6394372.4242, 34.6356, 824.3001, 282.4348
143440.3865, 6394390.4482, 35.3815, 313.7859, 312.4167
143454.5388, 6394409.9717, 38.1084, 563.0458, 286.7059
143443.6205, 6394384.0961, 33.2817, 568.7123, 411.5952
143440.2216, 6394372.9648, 33.1617, 691.2159, 420.5340
143440.2216, 6394372.9648, 33.1617, 691.2159, 420.5340
143440.2592, 6394372.9612, 33.1386, 694.4866, 422.7396
143440.4751, 6394372.9000, 33.0812, 715.0577, 428.2905
143441.8085, 6394379.1010, 32.9287, 589.9359, 434.3394
143438.4844, 6394373.5187, 32.6427, 518.5326, 469.0837
143438.4844, 6394373.5187, 32.6427, 518.5326, 469.0837
143439.5631, 6394373.0097, 32.4813, 632.9359, 485.3884
143439.8672, 6394372.9825, 32.4760, 660.0781, 485.6077
143439.8032, 6394372.9980, 32.4527, 653.9531, 487.8437
143439.8032, 6394372.9980, 32.4527, 653.9531, 487.8437
143439.8472, 6394372.9915, 32.4516, 657.9694, 487.9203
143439.8472, 6394372.9915, 32.4516, 657.9694, 487.9203
143440.0784, 6394372.9671, 32.4383, 678.5109, 488.9591
143439.8578, 6394372.9845, 32.4226, 659.1527, 490.6933
143439.3980, 6394373.0176, 32.4187, 618.2643, 491.6007
143439.9835, 6394372.9737, 32.3704, 670.1915, 495.5039
143438.5909, 6394373.5023, 32.3558, 528.5197, 496.4969
143438.5930, 6394393.4595, 35.8960, 203.9713, 294.8203
143441.3704, 6394372.4425, 34.2861, 811.3346, 315.1124
143451.4170, 6394401.0763, 36.3450, 582.6226, 316.2943
143447.8562, 6394416.9468, 38.0324, 342.2672, 294.2096
143448.9749, 6394395.1211, 35.8452, 589.2814, 318.3581
143444.3789, 6394408.4462, 37.1222, 304.9870, 298.2477
143451.4170, 6394401.0763, 36.3450, 582.6226, 316.2943
143449.6497, 6394396.5653, 36.6369, 590.3035, 293.9964
143438.6447, 6394373.4855, 32.3342, 533.8956, 498.5569
143440.0716, 6394372.9501, 32.3366, 678.6005, 498.6678
143441.4689, 6394372.4384, 34.1370, 819.1908, 329.5544
143455.8245, 6394414.5525, 38.1359, 548.0391, 296.1412
143444.4692, 6394408.9732, 35.5181, 304.1700, 346.3563
143435.6309, 6394375.5298, 33.7763, 202.6867, 359.3412
143441.2100, 6394372.5548, 33.2173, 791.4572, 416.0854
143439.9822, 6394379.4853, 33.1118, 465.0222, 421.1829
143439.3001, 6394373.0150, 32.3444, 609.7686, 498.9204
143438.8147, 6394373.4844, 32.3119, 548.9724, 500.3875
143445.6258, 6394393.4705, 32.8915, 493.6794, 427.7185
143436.3964, 6394376.4565, 34.0556, 257.3836, 339.3632
143440.0484, 6394372.9603, 32.3075, 676.1853, 501.4063
143440.0181, 6394372.9755, 32.2951, 672.9615, 502.5606
143440.0181, 6394372.9755, 32.2951, 672.9615, 502.5606
143440.2240, 6394372.9027, 32.2857, 693.4008, 503.4578
143440.2240, 6394372.9027, 32.2857, 693.4008, 503.4578
143439.2891, 6394373.0105, 32.2227, 608.9116, 510.6928
143455.0953, 6394414.9648, 38.0988, 527.8585, 296.9772
143442.9185, 6394401.0141, 35.3401, 314.2961, 339.8499
143441.2410, 6394372.4655, 33.9340, 799.3531, 348.2385
143455.0953, 6394414.9648, 38.0988, 527.8585, 296.9772
143442.9403, 6394399.9627, 34.9382, 323.9489, 352.4847
143441.4734, 6394372.4249, 33.8973, 819.9462, 352.1711
143442.6541, 6394399.9831, 34.7803, 313.6859, 357.8571
143453.0984, 6394405.6091, 37.2775, 574.1298, 298.9768
143446.1345, 6394387.1072, 34.7929, 621.6750, 341.2470
143442.6541, 6394399.9831, 34.7803, 313.6859, 357.8571
143441.1729, 6394372.4861, 33.7654, 792.6225, 364.1444
143446.1345, 6394387.1072, 34.7929, 621.6750, 341.2470
143447.6476, 6394391.1177, 34.8553, 606.8088, 347.8025
143448.0261, 6394407.9292, 34.8447, 413.3830, 367.4997
143448.0261, 6394407.9292, 34.8447, 413.3830, 367.4997
143442.6123, 6394399.9898, 34.8557, 312.1449, 355.1436
143446.0128, 6394395.5634, 34.2077, 479.9392, 377.2127
143451.3809, 6394401.0972, 36.8133, 581.3989, 301.3712
143442.6123, 6394399.9898, 34.8557, 312.1449, 355.1436
143448.4732, 6394374.0805, 38.1114, 1187.8048, 61.4388
143449.7839, 6394412.4471, 34.6187, 422.3899, 377.6776
143441.6144, 6394372.3799, 33.5852, 833.0422, 381.8015
143456.3434, 6394387.0481, 41.5048, 1007.0402, 74.7478
143448.4345, 6394375.6844, 38.1152, 1100.0854, 84.7861
143445.2906, 6394396.5612, 33.9864, 441.8185, 385.7221
143448.7009, 6394376.6360, 38.2830, 1068.1838, 88.2836
143456.4612, 6394414.4707, 37.8871, 562.9943, 302.7184
143439.5815, 6394379.5409, 37.5753, 438.0143, 110.0385
143445.2906, 6394396.5612, 33.9864, 441.8185, 385.7221
143457.0102, 6394392.0839, 41.3245, 902.8557, 122.6831
143441.6666, 6394372.3552, 33.7863, 838.7295, 362.8947
143447.5085, 6394374.6763, 36.8150, 1100.6051, 157.8591
143442.8075, 6394386.5348, 37.9105, 483.1020, 176.2773
143446.2433, 6394395.9838, 34.5416, 482.7579, 365.2236
143447.8360, 6394377.5178, 36.9959, 984.2243, 176.7491
143446.8192, 6394404.9210, 34.0397, 405.2404, 388.9225
143444.5035, 6394383.0379, 33.9015, 636.6410, 377.9253
143441.1979, 6394372.5622, 33.5491, 790.5119, 384.8159
143441.2658, 6394372.5198, 33.5424, 798.0806, 385.4897
143441.2991, 6394371.9569, 33.5376, 830.4467, 385.1482
143447.8360, 6394377.5178, 36.9959, 984.2243, 176.7491
143446.8192, 6394404.9210, 34.0397, 405.2404, 388.9225
143435.1050, 6394384.4815, 36.4920, 74.5971, 207.4470
143435.1050, 6394384.4815, 36.4920, 74.5971, 207.4470
143446.7312, 6394414.4494, 37.2779, 329.9443, 307.8740
143446.9776, 6394405.4405, 33.2927, 405.2357, 411.9027
143441.2720, 6394383.9770, 33.1676, 450.0870, 416.8542
143451.1168, 6394384.5778, 36.7191, 887.0689, 251.6404
143441.2720, 6394383.9770, 33.1676, 450.0870, 416.8542
143439.6380, 6394379.5277, 33.1168, 441.5035, 420.6809
143439.0186, 6394376.9843, 33.0878, 458.3232, 423.8758
143441.1823, 6394372.5721, 33.1243, 788.2512, 424.8134
143441.1823, 6394372.5721, 33.1243, 788.2512, 424.8134
143435.0655, 6394384.4763, 35.3292, 72.7014, 279.8530
143438.6664, 6394375.4593, 33.0608, 472.4344, 427.0976
143441.4793, 6394379.0211, 32.7361, 571.7479, 447.4176
143438.4163, 6394373.5137, 32.3402, 512.4643, 498.2249
143441.2459, 6394372.5318, 33.4290, 795.7445, 396.1757
143435.0655, 6394384.4763, 35.3292, 72.7014, 279.8530
143435.0655, 6394384.4763, 35.3292, 72.7014, 279.8530
143444.4170, 6394386.0949, 33.4638, 565.6875, 402.8271
143435.4788, 6394375.5430, 37.5215, 185.6731, 4.7585
143435.7561, 6394375.5320, 37.5453, 212.7528, 5.7233
143435.7561, 6394375.5320, 37.5453, 212.7528, 5.7233
143436.1310, 6394375.0609, 37.4736, 257.3399, 6.0489
143435.2756, 6394375.5524, 37.4726, 165.5752, 7.0922
143435.5123, 6394375.5580, 37.4825, 188.7384, 9.2616
143444.4170, 6394386.0949, 33.4638, 565.6875, 402.8271
143455.0107, 6394410.0570, 37.0435, 573.3744, 315.4551
143439.1393, 6394394.9579, 35.5965, 217.0056, 312.9625
143457.3213, 6394386.6107, 43.0563, 1052.3086, 10.3441
143445.5131, 6394393.5302, 33.3717, 488.6792, 408.5191
143441.1642, 6394372.5832, 33.2964, 786.4551, 408.6044
143439.1393, 6394394.9579, 35.5965, 217.0056, 312.9625
143449.8014, 6394377.1542, 39.7037, 1099.8010, 12.2997
143442.7699, 6394381.5873, 33.3081, 581.5367, 409.6318
143435.0149, 6394384.4877, 34.6380, 69.6950, 322.7954
143455.0107, 6394410.0570, 37.0435, 573.3744, 315.4551
143459.3869, 6394391.4045, 44.4160, 989.6070, 13.8546
143435.1809, 6394376.0566, 37.5043, 149.6810, 14.7198
143435.1809, 6394376.0566, 37.5043, 149.6810, 14.7198
143441.8823, 6394379.0888, 33.2154, 594.9093, 415.1488
143434.9309, 6394377.5647, 37.7745, 109.6692, 20.4790
143447.8691, 6394391.6114, 35.5728, 606.7327, 319.5216
143455.5240, 6394383.5037, 41.8545, 1087.6964, 19.6482
143455.4002, 6394383.6317, 41.8185, 1079.0609, 22.0341
143435.0517, 6394377.5625, 37.7468, 120.6441, 24.1582
143455.2255, 6394383.5772, 41.6661, 1074.5492, 27.5307
143455.2255, 6394383.5772, 41.6661, 1074.5492, 27.5307
143456.8080, 6394414.5835, 37.1452, 569.4980, 321.1601
143441.2616, 6394372.0157, 34.1790, 825.0536, 322.6773
143455.8454, 6394385.1587, 42.0465, 1046.0989, 30.7367
143449.1651, 6394375.6177, 38.9689, 1141.8857, 31.0257
143441.0476, 6394372.6530, 33.3904, 773.7318, 399.6584
143457.9504, 6394391.4190, 42.3798, 946.3300, 82.6323
143444.8553, 6394396.0823, 33.2719, 431.7617, 412.1987
143443.7347, 6394384.6004, 33.1436, 563.6427, 418.9323
143442.5158, 6394381.0897, 33.0403, 579.5479, 425.8263
143441.0833, 6394373.0954, 32.9119, 754.7357, 443.7838
143438.9097, 6394373.4777, 32.4142, 557.6210, 490.5540
143438.9097, 6394373.4777, 32.4142, 557.6210, 490.5540
143438.5917, 6394373.5049, 32.4010, 528.5201, 492.1602
143438.3026, 6394373.5192, 32.3997, 502.0206, 492.6620
143438.3026, 6394373.5192, 32.3997, 502.0206, 492.6620
143438.7366, 6394373.5020, 32.3814, 541.4742, 493.8179
143439.4218, 6394373.0260, 32.3686, 619.9444, 496.3275
143440.0131, 6394372.9811, 32.3367, 672.3279, 498.6006
143439.4062, 6394373.0299, 32.3198, 618.3997, 501.0144
143439.4062, 6394373.0299, 32.3198, 618.3997, 501.0144
143439.7959, 6394372.9930, 32.3040, 653.4280, 502.0193
143439.3493, 6394373.0255, 32.3016, 613.6105, 502.8981
143439.6483, 6394372.9858, 32.2669, 641.0986, 505.8723
143457.9504, 6394391.4190, 42.3798, 946.3300, 82.6323
143448.9230, 6394377.0819, 38.3806, 1058.9709, 89.2669
143450.1693, 6394398.1033, 35.9263, 584.7659, 323.0084
143448.5198, 6394376.1149, 38.0030, 1083.2328, 98.8632
143448.8568, 6394377.6022, 38.2255, 1032.6864, 105.1792
143448.3306, 6394376.1471, 37.8739, 1071.8624, 106.6887
143457.0881, 6394391.5143, 41.3621, 917.9445, 117.7789
143447.9510, 6394375.1469, 37.4732, 1100.9812, 119.0465
143453.6417, 6394384.1720, 39.6374, 996.6829, 120.2356
143440.6052, 6394381.5560, 37.8349, 459.7841, 123.9282
143441.1836, 6394381.5460, 37.8665, 494.2064, 125.3367
143439.3038, 6394382.4574, 37.7759, 364.3412, 129.8061
143440.1002, 6394382.5359, 37.8452, 410.7667, 131.0272
143440.0269, 6394383.0088, 37.9053, 398.0458, 131.9383
143440.0269, 6394383.0088, 37.9053, 398.0458, 131.9383
143440.8280, 6394383.0269, 37.9003, 443.7321, 136.9209
143447.8409, 6394375.0256, 37.1567, 1100.8680, 139.3814
143456.0572, 6394390.6049, 40.3973, 906.8102, 144.6216
143441.2545, 6394372.4614, 34.1295, 800.8824, 329.6869
143441.2545, 6394372.4614, 34.1295, 800.8824, 329.6869
143456.0572, 6394390.6049, 40.3973, 906.8102, 144.6216
143456.2277, 6394391.1348, 40.4388, 899.9481, 146.9444
143433.9822, 6394380.9887, 36.7769, 8.4003, 147.5794
143433.9822, 6394380.9887, 36.7769, 8.4003, 147.5794
143454.1695, 6394386.6011, 39.4850, 944.8873, 148.1378
143454.1695, 6394386.6011, 39.4850, 944.8873, 148.1378
143447.9621, 6394392.0529, 34.9818, 602.4837, 344.5453
143440.2869, 6394380.9584, 34.2593, 452.3887, 346.9515
143454.1695, 6394386.6011, 39.4850, 944.8873, 148.1378
143435.7043, 6394385.9992, 37.5691, 103.5411, 158.1263
143443.1779, 6394400.4989, 35.1020, 327.6178, 347.6632
143447.5194, 6394375.1963, 36.8824, 1074.4066, 158.9409
143447.5194, 6394375.1963, 36.8824, 1074.4066, 158.9409
143447.7724, 6394376.0822, 37.0009, 1044.8019, 161.7925
143453.9388, 6394386.9448, 39.0138, 927.3120, 170.0046
143442.8521, 6394386.0505, 37.8998, 493.8286, 173.3605
143447.6216, 6394376.6197, 36.8943, 1012.0717, 173.6547
143447.8582, 6394392.1006, 34.6467, 597.7918, 358.0198
143443.1439, 6394387.0368, 37.9213, 490.3302, 180.7521
143454.2487, 6394388.9400, 39.0833, 887.3341, 180.3816
143447.5846, 6394375.1633, 36.5223, 1079.0454, 184.6887
143447.9721, 6394375.8395, 36.5004, 1066.1017, 194.7972
143446.0618, 6394387.0663, 34.3882, 619.2655, 360.2372
143441.0964, 6394372.4861, 33.7696, 786.4620, 363.5736
143445.0085, 6394384.6294, 34.1630, 624.0104, 366.5728
143445.0085, 6394384.6294, 34.1630, 624.0104, 366.5728
143445.8472, 6394396.5367, 34.4733, 461.8698, 368.0057
143445.8472, 6394396.5367, 34.4733, 461.8698, 368.0057
143456.9288, 6394388.6289, 42.2405, 983.7487, 61.0596
143456.0312, 6394387.0473, 41.0326, 996.4935, 93.1581
143447.1268, 6394390.1127, 34.2575, 604.5203, 371.0851
143454.4664, 6394387.5945, 39.7164, 928.7627, 146.3200
143447.5157, 6394374.1899, 36.6520, 1127.0509, 164.3844
143447.1268, 6394390.1127, 34.2575, 604.5203, 371.0851
143445.0273, 6394384.6229, 34.0424, 624.9878, 372.8373
143441.7080, 6394372.3275, 33.6731, 843.3085, 373.5903
143445.9013, 6394396.0335, 34.2706, 469.9930, 375.1446
143447.7451, 6394378.1046, 36.5276, 955.1119, 211.1449
143445.9013, 6394396.0335, 34.2706, 469.9930, 375.1446
143444.3340, 6394382.5782, 33.8255, 639.4027, 381.4795
143441.1586, 6394372.5863, 33.5604, 786.1622, 383.7313
143441.2669, 6394372.5191, 33.5540, 798.2165, 384.3972
143440.1873, 6394373.5785, 33.3573, 662.0821, 402.3051
143441.1976, 6394372.5624, 33.3365, 790.2185, 404.8537
143440.1084, 6394373.0247, 33.2667, 679.2134, 410.5034
143440.0497, 6394373.0552, 33.2580, 672.9503, 411.2791
143449.0312, 6394410.4215, 33.3088, 419.4451, 411.8696
143451.8084, 6394385.6074, 37.6000, 885.5895, 217.7392
143447.9660, 6394379.1828, 36.5105, 924.5353, 221.1469
143436.5620, 6394379.4512, 35.2740, 224.4614, 258.8300
143447.4715, 6394395.5201, 38.0152, 532.4664, 235.7677
143447.9659, 6394396.5281, 38.0151, 535.4559, 240.9102
143438.7011, 6394385.9863, 35.0490, 279.7217, 311.9978
143450.2854, 6394401.0384, 38.0426, 550.1797, 260.0329
143441.6180, 6394393.9777, 35.1657, 329.9720, 332.4506
143442.7944, 6394396.9594, 35.1597, 346.2591, 339.7257
143449.0524, 6394401.4634, 37.9651, 508.0898, 261.6324
143445.4431, 6394401.9381, 34.9335, 390.2507, 357.2640
143450.3334, 6394401.0384, 37.8670, 551.5768, 265.7928
143445.4431, 6394401.9381, 34.9335, 390.2507, 357.2640
143450.3334, 6394401.0384, 37.8670, 551.5768, 265.7928
143444.9435, 6394400.4292, 33.6134, 388.3326, 400.4066
143448.0970, 6394374.6850, 37.7421, 1133.4949, 94.5604
143445.3795, 6394392.0622, 37.9648, 505.3074, 216.5732
143435.8870, 6394375.0677, 37.4687, 233.4671, 3.5635
143455.7010, 6394383.6077, 42.2524, 1090.8282, 3.3232
143455.7972, 6394384.0345, 42.3128, 1080.1727, 6.0716
143435.1998, 6394375.5702, 37.4433, 157.8354, 9.3835
143455.7155, 6394383.9905, 42.2014, 1078.6660, 10.2056
143455.5811, 6394383.5109, 41.9773, 1089.5817, 14.3236
143437.1834, 6394389.9926, 35.7747, 161.0706, 285.2644
143451.7561, 6394384.3765, 36.6932, 917.5008, 253.6787
143455.6659, 6394383.9894, 42.0296, 1076.8152, 17.8190
143451.7561, 6394384.3765, 36.6932, 917.5008, 253.6787
143435.4546, 6394385.5103, 35.6438, 91.9018, 267.2886
143435.4546, 6394385.5103, 35.6438, 91.9018, 267.2886
143454.5042, 6394409.9781, 37.9492, 562.1179, 290.8860
143436.1347, 6394379.0070, 34.9619, 197.1957, 277.8110
143437.5721, 6394383.0075, 35.0490, 248.8513, 297.6748
143454.5042, 6394409.9781, 37.9492, 562.1179, 290.8860
143442.0058, 6394394.9733, 35.1789, 335.5342, 334.4027
143436.6191, 6394376.4832, 33.6965, 276.4250, 370.9596
143443.4068, 6394405.9533, 37.0212, 292.7267, 294.6047
143441.3170, 6394371.9762, 34.3597, 831.9681, 304.9883
143442.8224, 6394398.4921, 33.9920, 332.8553, 385.1170
143436.0211, 6394375.0735, 37.4532, 246.4604, 6.9244
143457.6874, 6394387.4632, 43.3524, 1039.8329, 8.8126
143449.8938, 6394377.0653, 39.6637, 1108.1945, 14.2166
143449.9444, 6394377.0579, 39.5515, 1110.7655, 21.6520
143457.0426, 6394386.6516, 42.6968, 1041.8821, 24.3933
143457.0426, 6394386.6516, 42.6968, 1041.8821, 24.3933
143434.7126, 6394378.0486, 37.8115, 85.7651, 24.8758
143434.7126, 6394378.0486, 37.8115, 85.7651, 24.8758
143448.2502, 6394372.5905, 38.1353, 1267.2795, 31.7626
143448.8837, 6394374.6960, 38.6905, 1175.8479, 32.9598
143448.7217, 6394418.9384, 37.0666, 350.5880, 321.8033
143441.6871, 6394372.3306, 34.1530, 842.1514, 328.2220
143456.8364, 6394387.1686, 42.3510, 1020.2883, 42.8636
143445.3419, 6394403.4422, 35.5655, 373.3116, 338.4655
143456.8236, 6394386.9228, 42.1318, 1026.6094, 49.6432
143448.8336, 6394375.0161, 38.5132, 1155.6643, 50.3019
143448.7852, 6394375.0903, 38.4407, 1149.1198, 56.1583
143448.5439, 6394375.1597, 38.2917, 1132.7667, 65.7398
143448.3745, 6394375.1200, 38.1083, 1125.7212, 76.7542
143454.9191, 6394385.1343, 40.8595, 1013.9771, 78.7339
143445.3419, 6394403.4422, 35.5655, 373.3116, 338.4655
143448.4017, 6394375.9783, 37.8496, 1083.5764, 106.6729
143448.7954, 6394377.5212, 38.0821, 1033.0056, 112.9044
143440.8460, 6394382.0481, 37.8607, 463.9229, 129.1901
143439.8503, 6394382.9280, 37.8708, 389.0958, 132.1714
143445.3043, 6394408.4432, 23.1207, 332.6971, 705.1596
143448.8969, 6394375.6083, 38.5601, 1128.2084, 56.6626
143448.2962, 6394373.5743, 37.9683, 1207.6881, 62.4512
143448.9913, 6394376.4533, 38.5324, 1091.5162, 71.4584
143454.6145, 6394387.0264, 39.8216, 948.8777, 138.4089
143447.6294, 6394373.5638, 37.0913, 1169.9200, 123.9863
143448.8570, 6394377.6196, 38.1628, 1031.8657, 109.3440
143440.3522, 6394381.5756, 37.8446, 444.1910, 121.9777
143447.9044, 6394378.5792, 36.8742, 944.7395, 194.1061
143448.3567, 6394376.6092, 37.6475, 1051.2531, 127.6580
143454.6145, 6394387.0264, 39.8216, 948.8777, 138.4089
143449.3246, 6394379.1749, 38.1570, 990.6594, 129.6125
143447.5764, 6394374.0850, 36.8183, 1136.5364, 151.0837
143447.5764, 6394374.0850, 36.8183, 1136.5364, 151.0837
143447.5343, 6394374.1655, 36.6795, 1129.4841, 162.1651
143434.8500, 6394383.9805, 36.2444, 60.1858, 218.0885
143434.8820, 6394375.5123, 34.9323, 128.5832, 246.8799
143447.5343, 6394374.1655, 36.6795, 1129.4841, 162.1651
143434.4741, 6394382.4940, 36.6779, 40.3187, 174.3305
143454.4902, 6394387.1352, 39.7707, 941.7053, 140.8761
143441.3204, 6394372.4442, 33.9448, 806.8184, 347.3452
143441.3360, 6394372.4643, 33.8615, 806.9272, 355.3494
143442.7812, 6394386.4796, 37.9292, 482.8061, 174.7959
143447.6261, 6394374.6785, 37.0574, 1107.3076, 140.9276
143447.3036, 6394373.2238, 36.7679, 1171.1654, 142.2283
143448.5327, 6394379.1033, 37.3091, 955.4591, 175.1540
143436.2681, 6394387.9840, 34.8125, 125.5868, 326.1629
143447.7930, 6394375.5337, 37.0493, 1072.4374, 152.5902
143435.9681, 6394378.9740, 34.0924, 184.7635, 344.1734
143446.0631, 6394396.0278, 34.4864, 475.8243, 367.1837
143435.8019, 6394375.0004, 33.6576, 228.0730, 369.4756
143435.1597, 6394384.4856, 36.7593, 78.0545, 191.0184
143453.1858, 6394385.4921, 39.0861, 940.6004, 154.0583
143448.8079, 6394380.1556, 37.2086, 929.6548, 191.0068
143444.8608, 6394384.1295, 34.0789, 628.3342, 370.1093
143448.1599, 6394377.5910, 37.3842, 997.8604, 154.3111
143444.8608, 6394384.1295, 34.0789, 628.3342, 370.1093
143435.7133, 6394385.9753, 37.4710, 104.2959, 163.7062
143447.4959, 6394374.2145, 36.6276, 1124.5524, 166.3629
143447.4959, 6394374.2145, 36.6276, 1124.5524, 166.3629
143442.5317, 6394386.5249, 37.9078, 469.9950, 175.1989
143448.4571, 6394379.0766, 37.2199, 952.7841, 179.9041
143454.1522, 6394389.0665, 38.8868, 880.9657, 188.8043
143447.6988, 6394376.0403, 36.5822, 1042.3256, 189.6395
143445.7031, 6394402.4566, 34.5339, 393.6776, 371.1053
143434.6530, 6394383.4892, 34.8643, 49.8510, 303.6161
143443.3668, 6394387.9809, 37.8078, 484.6146, 193.6445
143453.9621, 6394389.1144, 38.6637, 873.3616, 197.5618
143447.3031, 6394406.4807, 34.3489, 405.5191, 380.5973
143441.3100, 6394372.4914, 33.5493, 803.0718, 384.8720
143441.3100, 6394372.4914, 33.5493, 803.0718, 384.8720
143441.3100, 6394372.4914, 33.5493, 803.0718, 384.8720
143441.2596, 6394372.5235, 33.4837, 797.3254, 391.0290
143440.3646, 6394374.1054, 33.4401, 654.8961, 395.4279
143440.0116, 6394373.0739, 33.3035, 668.9805, 406.9472
143440.0116, 6394373.0739, 33.3035, 668.9805, 406.9472
143442.4296, 6394391.4285, 27.7404, 393.0267, 652.3013
143447.3891, 6394394.5968, 33.1091, 541.8141, 419.2586
143447.3891, 6394394.5968, 33.1091, 541.8141, 419.2586
143441.2540, 6394372.5274, 33.1325, 796.2545, 424.1093
143440.5291, 6394372.8677, 33.0327, 720.9374, 432.9119
143440.5291, 6394372.8677, 33.0327, 720.9374, 432.9119
143440.5291, 6394372.8677, 33.0327, 720.9374, 432.9119
143440.5291, 6394372.8677, 33.0327, 720.9374, 432.9119
143440.5291, 6394372.8677, 33.0327, 720.9374, 432.9119
143438.5073, 6394373.5074, 32.4069, 520.8866, 491.7152
143438.5073, 6394373.5074, 32.4069, 520.8866, 491.7152
143440.1726, 6394372.9386, 32.3909, 687.6059, 493.4331
143440.0433, 6394372.9685, 32.3882, 675.4592, 493.7501
143440.2518, 6394372.8910, 32.3369, 696.2917, 498.6400
143441.2399, 6394371.9960, 33.7818, 823.8105, 361.2924
143441.2399, 6394371.9960, 33.7818, 823.8105, 361.2924
143434.6812, 6394375.4999, 35.2331, 108.1371, 216.5040
143438.3401, 6394373.4953, 32.2605, 506.1900, 506.1271
143438.4332, 6394373.5071, 32.2575, 514.1838, 506.1740
143438.5858, 6394373.4907, 32.2539, 528.4286, 506.3106
143438.5858, 6394373.4907, 32.2539, 528.4286, 506.3106
143435.7438, 6394385.9813, 35.8364, 106.9598, 259.4158
143435.7438, 6394385.9813, 35.8364, 106.9598, 259.4158
143452.6188, 6394387.0293, 36.6715, 877.1155, 268.0688
143436.8436, 6394388.9846, 35.8370, 150.1831, 277.1460
143439.5531, 6394372.9967, 32.2129, 632.4115, 511.1674
143439.6263, 6394372.9923, 32.2151, 638.9023, 510.8315
143448.1922, 6394379.5751, 36.6810, 921.1820, 214.7074
143447.7880, 6394378.6859, 36.4900, 934.5107, 218.0726
143448.6879, 6394381.1448, 36.7716, 890.0638, 222.1759
143435.7311, 6394385.9743, 35.3759, 106.4528, 286.1526
143435.7311, 6394385.9743, 35.3759, 106.4528, 286.1526
143447.1317, 6394395.5265, 37.9891, 520.5271, 235.9754
143435.8067, 6394377.4566, 35.2755, 190.0569, 239.3122
143447.5778, 6394396.9697, 38.0050, 516.4496, 242.1116
143441.3571, 6394372.4477, 34.1204, 809.7980, 330.8116
143449.9360, 6394401.4887, 37.8555, 534.2706, 266.7855
143441.7036, 6394401.9558, 35.5636, 264.9473, 332.2934
143449.9360, 6394401.4887, 37.8555, 534.2706, 266.7855
143437.0092, 6394380.9521, 35.3034, 237.2268, 268.3539
143443.3872, 6394405.9717, 35.8485, 292.0907, 331.2916
143443.5737, 6394398.9347, 35.4762, 355.5993, 332.3384
143452.1401, 6394405.4677, 38.1044, 550.3966, 273.3627
143443.5737, 6394398.9347, 35.4762, 355.5993, 332.3384
143451.6989, 6394405.5379, 38.0733, 537.7286, 273.7873
143437.7107, 6394382.9543, 35.3460, 258.2483, 279.1676
143438.4211, 6394384.9476, 35.3944, 276.3571, 287.8172
143443.6195, 6394406.9630, 35.2035, 292.4861, 352.7432
143437.4660, 6394390.4602, 35.7366, 172.1908, 289.5619
143443.6195, 6394406.9630, 35.2035, 292.4861, 352.7432
143444.1151, 6394400.9899, 34.9747, 355.3028, 353.6046
143456.5937, 6394414.4712, 38.1309, 565.9648, 296.9469
143444.1151, 6394400.9899, 34.9747, 355.3028, 353.6046
143453.1493, 6394405.5822, 36.9323, 575.7202, 308.9353
143443.3550, 6394397.9978, 34.2931, 356.8072, 374.0555
143445.9950, 6394412.4449, 37.0343, 323.6201, 310.1850
143443.3550, 6394397.9978, 34.2931, 356.8072, 374.0555
143447.0979, 6394414.9295, 37.0211, 336.2643, 315.6969
143443.3550, 6394397.9978, 34.2931, 356.8072, 374.0555
143441.2327, 6394372.5413, 33.5131, 794.3098, 388.2339
143447.9123, 6394392.0763, 35.1298, 600.3085, 338.5519
143442.2227, 6394397.9887, 33.8476, 315.3851, 389.8258
143447.9123, 6394392.0763, 35.1298, 600.3085, 338.5519
143441.2847, 6394371.9780, 33.8732, 828.5779, 352.4246
143441.2847, 6394371.9780, 33.8732, 828.5779, 352.4246
143446.1566, 6394393.9735, 33.8572, 506.4949, 389.7595
143444.6806, 6394400.9378, 34.7200, 374.7092, 362.7380
143443.8803, 6394398.9414, 33.8103, 366.3898, 392.5341
143445.1302, 6394401.4925, 34.6174, 384.3136, 367.0954
143441.4094, 6394372.4365, 33.7021, 814.0155, 370.5104
143441.4094, 6394372.4365, 33.7021, 814.0155, 370.5104
143443.8803, 6394398.9414, 33.8103, 366.3898, 392.5341
143445.0232, 6394400.9582, 34.3830, 385.8735, 374.4730
143443.4596, 6394398.4428, 33.6180, 356.2933, 399.1013
143445.4683, 6394393.9837, 33.4240, 480.8062, 406.4635
143445.9392, 6394393.3978, 33.2453, 506.4907, 413.7095
143447.1317, 6394405.9541, 34.5680, 405.2002, 373.6118
143441.1826, 6394372.5712, 33.6428, 788.9495, 375.9703
143445.9392, 6394393.3978, 33.2453, 506.4907, 413.7095
143444.6347, 6394387.1080, 33.1222, 555.9639, 419.6430
143444.6347, 6394387.1080, 33.1222, 555.9639, 419.6430
143442.0422, 6394380.9735, 32.7574, 555.5248, 443.2702
143444.5551, 6394400.4707, 34.2600, 374.9210, 378.0012
143441.3417, 6394372.4709, 33.6217, 806.7413, 378.0521
143441.3417, 6394372.4709, 33.6217, 806.7413, 378.0521
143445.2475, 6394397.5808, 33.9231, 428.5368, 388.5865
143441.4330, 6394372.4207, 33.4199, 816.3469, 397.1762
143445.2835, 6394394.0475, 33.6330, 473.0658, 398.1303
143441.1901, 6394372.5670, 33.4032, 789.4680, 398.5660
143444.2689, 6394399.4634, 33.4986, 374.8499, 403.9395
143445.7619, 6394393.4663, 33.4814, 498.9256, 404.2381
143445.7619, 6394393.4663, 33.4814, 498.9256, 404.2381
143445.8813, 6394390.6013, 32.9880, 546.9891, 424.9168
143441.1177, 6394372.6114, 33.1149, 781.1027, 425.6360
143445.8156, 6394393.0367, 32.8857, 506.9726, 428.1635
143445.8156, 6394393.0367, 32.8857, 506.9726, 428.1635
143440.3636, 6394372.9374, 33.0741, 704.1497, 428.8873
143442.8048, 6394385.4942, 32.8368, 500.7298, 434.3519
143441.9869, 6394381.4713, 32.7711, 540.6738, 441.8271
143439.4726, 6394373.0060, 32.3236, 625.1479, 500.6636
143439.9303, 6394372.9943, 32.2727, 664.7349, 504.7383
143439.9303, 6394372.9943, 32.2727, 664.7349, 504.7383
143438.8072, 6394373.4820, 32.2417, 548.3657, 507.0896
143438.8072, 6394373.4820, 32.2417, 548.3657, 507.0896
143456.2351, 6394385.1057, 42.5080, 1061.3070, 11.8585
143456.6282, 6394387.0800, 42.0044, 1015.7805, 55.4687
143454.8670, 6394384.6837, 40.9693, 1025.9601, 69.2488
143448.0495, 6394374.5958, 37.5719, 1135.4836, 105.3186
143454.8729, 6394386.6412, 40.2525, 968.4775, 118.0722
143447.9919, 6394375.0156, 37.3570, 1109.7668, 125.9409
143440.6927, 6394382.0912, 37.8283, 454.0919, 130.7593
143444.8545, 6394398.5157, 26.2254, 404.4929, 662.0953
143449.7219, 6394377.1940, 39.8039, 1094.3596, 5.8996
143457.5457, 6394387.0631, 43.2873, 1046.6204, 6.6194
143435.5368, 6394375.5747, 37.4459, 190.8976, 13.4501
143449.9490, 6394377.0395, 39.5898, 1111.8879, 18.9730
143459.1407, 6394391.4406, 44.2442, 981.5925, 19.3116
143456.3564, 6394385.6183, 42.4609, 1049.6876, 20.1284
143434.6262, 6394378.0415, 37.8265, 78.0461, 22.5271
143434.4516, 6394378.0550, 37.7794, 62.2128, 24.9309
143449.7616, 6394377.0816, 39.4490, 1100.8831, 27.0555
143455.3059, 6394383.4264, 41.5870, 1082.3207, 30.0468
143433.9314, 6394379.0447, 37.8430, 10.2446, 33.7118
143434.0733, 6394379.0435, 37.8371, 22.7935, 35.6089
143434.0733, 6394379.0435, 37.8371, 22.7935, 35.6089
143433.8902, 6394379.0594, 37.7857, 6.5839, 38.2930
143433.8902, 6394379.0594, 37.7857, 6.5839, 38.2930
143449.1486, 6394376.6028, 38.7809, 1092.5829, 58.3871
143449.2428, 6394376.4777, 38.6870, 1102.9677, 63.4907
143448.7925, 6394376.1789, 38.4443, 1094.5800, 72.0039
143448.7249, 6394376.5595, 38.1327, 1072.7175, 97.3789
143433.9570, 6394380.9713, 37.2608, 6.0112, 111.1141
143448.2944, 6394376.1030, 37.7611, 1071.9493, 113.5267
143448.2499, 6394376.0608, 37.7053, 1071.6021, 116.4974
143457.0877, 6394391.5136, 41.3661, 917.9494, 117.6249
143448.0346, 6394375.6655, 37.5751, 1079.4423, 119.0556
143447.9522, 6394375.1463, 37.4715, 1101.0767, 119.1691
143441.2664, 6394381.5056, 37.9123, 499.9389, 122.5188
143447.9576, 6394375.6538, 37.5057, 1075.8813, 123.2121
143447.9576, 6394375.6538, 37.5057, 1075.8813, 123.2121
143447.9576, 6394375.6538, 37.5057, 1075.8813, 123.2121
143449.7237, 6394379.5522, 38.3441, 994.6062, 124.7925
143440.3397, 6394382.0310, 37.8606, 434.4516, 126.0028
143440.0985, 6394382.4874, 37.9103, 411.5567, 126.4781
143434.7024, 6394383.5091, 37.5123, 51.4247, 130.5072
143454.5470, 6394386.6193, 39.8898, 957.6913, 132.2157
143447.8615, 6394375.0653, 37.2562, 1100.0710, 132.8807
