143440.8031, 6394371.5559, 33.9120, 806.8184, 347.3452
143438.5018, 6394372.9684, 32.2664, 548.3657, 507.0896
143438.5018, 6394372.9684, 32.2664, 548.3657, 507.0896
143445.9604, 6394396.0648, 34.4698, 475.8243, 367.1837
143440.8796, 6394371.5476, 33.6785, 814.0155, 370.5104
143445.3476, 6394401.4363, 34.4828, 393.6776, 371.1053
143440.7929, 6394371.6010, 33.5370, 795.7445, 396.1757
143440.7929, 6394371.6010, 33.5370, 803.0718, 384.8720
143440.3680, 6394374.1022, 33.4590, 654.8961, 395.4279
143443.3871, 6394398.4627, 33.6018, 356.2933, 399.1013
143445.3125, 6394394.4931, 33.6404, 405.2002, 373.6118
143441.3611, 6394371.9056, 37.5644, 343.0320, 137.5441
143445.3281, 6394394.0338, 33.4350, 414.4330, 383.9284
143458.2464, 6394391.5006, 42.9622, 396.6653, 269.3282
143449.7739, 6394377.1595, 39.7486, 1089.5817, 14.3236
143450.0678, 6394401.6055, 33.0729, 541.8141, 419.2586
143440.7297, 6394371.6105, 33.1472, 796.2545, 424.1093
143441.1889, 6394373.5171, 32.9526, 720.9374, 432.9119
143440.7106, 6394383.0394, 33.1383, 472.4344, 427.0976
143440.9920, 6394371.5347, 34.1526, 825.0536, 322.6773
143440.7433, 6394371.5692, 34.0943, 800.8824, 329.6869
143440.7433, 6394371.5692, 34.0943, 800.8824, 329.6869
143445.3550, 6394389.1059, 33.1217, 555.9639, 419.6430
143442.3347, 6394381.0535, 37.8121, 567.1113, 119.7655
143438.0393, 6394373.0039, 32.2893, 506.1900, 506.1271
143438.1236, 6394372.9901, 32.2871, 514.1838, 506.1740
143437.7343, 6394373.0045, 32.2784, 478.9690, 507.8854
143439.2671, 6394372.4639, 32.2382, 632.4115, 511.1674
143455.8299, 6394383.9984, 42.3303, 1080.1727, 6.0716
143438.1560, 6394374.4715, 37.7227, 185.6731, 4.7585
143440.3919, 6394383.0407, 37.8697, 411.5567, 126.4781
143447.8514, 6394392.1044, 34.9427, 602.4837, 344.5453
143447.9523, 6394392.0561, 34.8641, 606.8088, 347.8025
143439.4375, 6394383.0403, 37.6955, 357.1966, 133.0598
143447.9523, 6394392.0561, 34.8641, 570.6144, 302.5821
143435.2298, 6394378.0538, 37.7677, 120.6441, 24.1582
143440.9057, 6394371.9755, 33.8616, 792.9303, 353.2914
143438.0777, 6394385.0156, 37.7003, 109.6692, 20.4790
143448.5740, 6394376.0523, 38.0429, 1083.2328, 98.8632
143449.7616, 6394396.5372, 34.8113, 597.7918, 358.0198
143448.5001, 6394376.0401, 37.9753, 1083.2328, 98.8632
143440.1093, 6394381.0243, 34.0839, 442.8330, 359.5897
143436.9758, 6394387.5402, 37.8555, 288.6767, 142.2183
143436.9758, 6394387.5402, 37.8555, 288.6767, 142.2183
143441.1688, 6394371.4704, 33.6410, 1127.0509, 164.3844
143445.8226, 6394396.0616, 34.2461, 469.9930, 375.1446
143444.2893, 6394382.5989, 33.8298, 639.4027, 381.4795
143436.8968, 6394375.0205, 37.5899, 460.1378, 179.3457
143456.7032, 6394391.6481, 40.8823, 917.9494, 117.6249
143449.2325, 6394379.0475, 38.0435, 989.4155, 135.6948
143446.0183, 6394394.5782, 33.9383, 498.4824, 386.9274
143447.9391, 6394373.5998, 37.5269, 1180.4751, 92.4716
143448.0615, 6394374.5298, 37.5444, 1135.4836, 105.3186
143439.3052, 6394379.0490, 37.5887, 424.1020, 88.5201
143439.3052, 6394379.0490, 37.5887, 424.1020, 88.5201
143447.6892, 6394374.5409, 37.0623, 1112.3069, 139.8620
143454.1719, 6394384.5681, 40.1733, 264.9473, 332.2934
143439.1625, 6394379.0774, 37.6658, 413.3951, 81.7044
143445.5438, 6394390.5570, 37.9491, 537.6166, 201.8430
143445.1730, 6394388.0845, 33.4922, 565.6875, 402.8271
143442.9243, 6394382.1077, 33.3226, 581.5367, 409.6318
143445.7034, 6394390.5497, 37.9279, 499.9389, 122.5188
143447.4714, 6394373.1849, 37.0740, 1180.0851, 118.4641
143447.8990, 6394396.9783, 37.8026, 600.3085, 338.5519
143437.0536, 6394389.4766, 35.8519, 150.1831, 277.1460
143451.2926, 6394406.9114, 33.2416, 517.5530, 413.3000
143436.9006, 6394380.4617, 35.1206, 234.9595, 278.1679
143442.0641, 6394379.5834, 33.2274, 594.9093, 415.1488
143439.6500, 6394372.0432, 32.4792, 683.4914, 489.4439
143439.6500, 6394372.0432, 32.4792, 683.4914, 489.4439
143447.9073, 6394375.0199, 37.2641, 1100.0710, 132.8807
143439.7961, 6394371.9784, 32.3339, 699.0454, 503.3556
143438.5542, 6394372.9617, 32.2916, 553.1449, 505.1778
143438.0553, 6394372.9947, 32.2490, 399.1527, 135.9599
143447.5220, 6394377.1839, 36.7318, 979.1503, 189.4960
143439.7680, 6394371.9862, 32.2451, 696.6743, 512.0105
143454.1844, 6394389.6103, 38.6760, 880.9657, 188.8043
143439.8525, 6394396.9627, 37.8297, 225.6396, 226.3721
143438.7722, 6394393.9620, 35.9128, 203.9713, 294.8203
143440.7830, 6394371.6057, 33.6501, 801.9315, 373.2781
143439.1949, 6394383.0250, 37.6115, 343.0320, 137.5441
143449.2558, 6394401.4820, 37.8457, 515.4550, 260.9711
143447.4572, 6394406.4396, 34.2403, 414.4330, 383.9284
143437.9928, 6394385.0006, 37.7437, 510.8656, 510.1599
143436.7436, 6394376.4584, 33.5851, 291.2648, 383.7089
143441.0502, 6394371.5078, 33.4185, 831.2078, 395.7092
143451.3132, 6394406.9034, 33.4690, 517.7721, 406.8225
143451.3132, 6394406.9034, 33.4690, 517.7721, 406.8225
143440.9052, 6394371.5408, 33.2850, 815.8816, 409.6379
143443.4269, 6394386.4893, 32.8360, 517.7578, 434.0841
143447.3631, 6394407.0767, 38.0182, 401.9928, 215.1579
143452.0207, 6394405.6098, 38.0539, 475.5294, 170.4838
143435.7055, 6394385.9733, 37.4821, 94.1435, 157.8881
143436.2508, 6394387.4879, 37.6528, 117.5937, 163.4963
143452.0300, 6394405.9646, 38.0328, 452.6357, 124.0227
143447.5419, 6394396.9755, 37.8268, 573.3744, 315.4551
143441.1171, 6394371.4697, 34.8513, 820.4970, 288.5647
143450.1926, 6394401.4560, 37.9965, 544.6195, 254.5193
143450.7173, 6394400.9698, 37.9386, 567.0186, 258.3000
143437.5674, 6394373.4699, 35.2525, 434.7267, 211.8405
143448.6811, 6394401.9789, 37.8215, 493.0963, 262.5182
143448.6811, 6394401.9789, 37.8215, 493.0963, 262.5182
143441.0761, 6394397.5312, 37.9815, 269.1940, 225.4583
143451.8668, 6394404.5271, 38.0723, 581.3989, 301.3712
143451.2838, 6394405.0653, 38.0567, 573.3744, 315.4551
143447.4768, 6394396.9609, 37.9142, 467.4688, 170.3916
143447.9664, 6394396.9814, 37.7645, 531.7170, 245.9387
143440.0507, 6394381.0345, 34.3151, 439.9439, 344.5548
143446.1890, 6394387.6027, 34.4846, 617.5747, 355.6275
143441.6732, 6394401.4490, 37.7512, 260.8570, 249.7275
143446.1410, 6394387.6238, 34.4358, 562.1179, 290.8860
143446.1410, 6394387.6238, 34.4358, 615.5117, 358.0856
143446.1717, 6394387.6094, 34.3764, 616.7828, 360.9445
143445.6206, 6394386.1004, 34.2706, 622.3580, 369.8773
143445.5986, 6394386.1153, 34.1449, 622.3580, 369.8773
143446.2818, 6394394.5063, 34.1895, 482.7579, 365.2236
143435.7392, 6394374.4883, 33.5950, 232.4769, 376.6707
143442.7178, 6394378.6184, 33.6210, 661.0577, 389.3693
143442.7178, 6394378.6184, 33.6210, 661.0577, 389.3693
143451.6880, 6394404.5633, 38.0583, 516.4496, 242.1116
143441.0224, 6394375.5470, 33.5331, 562.1179, 290.8860
143435.9849, 6394375.0784, 37.4481, 981.5925, 19.3116
143449.1192, 6394375.5784, 38.8386, 1135.9843, 41.3670
143440.9890, 6394371.5513, 34.5615, 824.3001, 282.4348
143440.9485, 6394371.5546, 34.5002, 820.4970, 288.5647
143440.9485, 6394371.5546, 34.5002, 820.4970, 288.5647
143446.4102, 6394393.9142, 33.6938, 522.2084, 396.4339
143448.9534, 6394375.5363, 38.6089, 1128.2084, 56.6626
143448.8025, 6394376.1629, 38.4545, 1091.5162, 71.4584
143439.8254, 6394372.5812, 33.2801, 672.9503, 411.2791
143439.5613, 6394372.4719, 32.4768, 657.9694, 487.9203
143439.4314, 6394378.9940, 37.6538, 435.0627, 84.2324
143448.2138, 6394375.6537, 37.8074, 1083.5764, 106.6729
143439.7451, 6394372.0055, 32.3333, 693.4008, 503.4578
143439.7451, 6394372.0055, 32.3333, 693.4008, 503.4578
143439.3091, 6394379.5025, 37.5893, 435.0627, 84.2324
143440.7561, 6394382.5800, 37.8699, 444.4067, 122.9513
143449.0121, 6394375.1621, 38.7586, 1151.2618, 38.7632
143449.2086, 6394376.5050, 38.7062, 1092.6860, 66.4965
143440.7371, 6394399.4854, 35.7876, 161.0706, 285.2644
143455.9462, 6394387.1973, 41.0735, 1007.0402, 74.7478
143441.2553, 6394383.0303, 37.8758, 463.9229, 129.1901
143447.9623, 6394375.2035, 37.5300, 1093.8245, 116.9212
143440.9600, 6394383.5482, 37.9058, 437.8245, 131.1286
143441.5059, 6394371.8508, 34.1871, 850.8801, 322.3110
143439.8027, 6394380.5540, 34.9089, 398.0458, 131.9383
143442.6498, 6394386.5274, 37.9222, 520.5271, 235.9754
143446.5996, 6394413.9346, 37.1760, 329.9443, 307.8740
143441.1393, 6394371.4516, 34.0943, 842.1514, 328.2220
143451.3439, 6394401.1091, 36.4022, 532.4664, 235.7677
143440.8099, 6394371.5796, 34.2373, 820.4970, 288.5647
143446.2441, 6394387.5660, 34.8009, 621.6750, 341.2470
143451.7043, 6394386.1394, 37.3374, 877.4288, 221.9900
143434.5192, 6394375.0258, 35.0540, 304.4102, 323.6247
143446.2441, 6394387.5660, 34.8009, 621.6750, 341.2470
143440.8213, 6394371.5837, 33.8418, 806.9272, 355.3494
143453.5152, 6394388.5100, 38.2434, 811.3346, 315.1124
143442.6300, 6394399.9876, 34.8119, 312.1449, 355.1436
143445.0185, 6394384.6245, 34.0884, 582.6226, 316.2943
143434.6473, 6394374.9952, 35.2016, 107.7326, 215.4235
143445.0555, 6394396.0619, 33.7665, 405.5191, 380.5973
143449.9538, 6394401.4740, 37.9225, 537.2528, 258.5721
143436.1360, 6394378.4741, 35.0800, 203.6496, 266.0757
143436.1360, 6394378.4741, 35.0800, 203.6496, 266.0757
143435.9504, 6394386.4854, 35.8200, 106.9598, 259.4158
143435.2779, 6394384.9848, 35.3561, 73.9434, 278.7125
143435.2779, 6394384.9848, 35.3561, 356.8072, 374.0555
143440.3855, 6394390.4504, 35.3531, 373.3116, 338.4655
143440.3855, 6394390.4504, 35.3531, 313.7859, 312.4167
143440.7221, 6394371.6239, 33.4255, 795.7445, 396.1757
143440.6856, 6394371.6366, 33.3347, 788.0899, 412.3786
143440.9190, 6394372.1075, 33.3038, 786.4551, 408.6044
143438.7708, 6394393.9641, 35.9175, 203.9713, 294.8203
143453.2176, 6394405.5746, 36.5690, 582.6226, 316.2943
143454.4532, 6394414.9645, 33.0661, 519.1754, 418.1572
143453.2176, 6394405.5746, 36.5690, 582.6226, 316.2943
143441.5408, 6394371.8250, 34.0218, 855.4406, 337.2658
143454.4532, 6394414.9645, 33.0661, 519.1754, 418.1572
143444.5132, 6394408.9621, 35.4523, 304.1700, 346.3563
143440.9205, 6394372.1062, 33.0686, 788.2512, 424.8134
143440.9205, 6394372.1062, 33.0686, 788.2512, 424.8134
143441.1170, 6394373.0742, 32.9262, 720.9374, 432.9119
143438.6064, 6394372.9683, 32.4534, 557.6210, 490.5540
143435.6225, 6394375.5318, 33.8015, 202.6867, 359.3412
143440.7291, 6394371.5725, 33.9069, 799.3531, 348.2385
143445.2922, 6394392.9638, 32.9025, 493.6794, 427.7185
143440.1689, 6394372.3601, 32.3561, 715.8116, 496.7526
143440.1689, 6394372.3601, 32.3561, 715.8116, 496.7526
143444.3643, 6394400.9570, 35.0607, 413.3830, 367.4997
143442.6716, 6394399.9806, 34.7342, 313.6859, 357.8571
143442.6716, 6394399.9806, 34.7342, 313.6859, 357.8571
143447.5940, 6394406.9213, 34.7886, 413.3830, 367.4997
143447.5940, 6394406.9213, 34.7886, 413.3830, 367.4997
143449.3263, 6394411.4553, 34.5532, 422.3899, 377.6776
143446.0324, 6394395.9892, 34.1951, 479.9392, 377.2127
143442.2037, 6394397.9843, 33.8221, 374.8499, 403.9395
143442.2037, 6394397.9843, 33.8221, 315.3851, 389.8258
143446.2392, 6394403.4184, 33.2987, 405.2357, 411.9027
143440.9438, 6394372.0925, 33.1495, 788.2512, 424.8134
143440.9438, 6394372.0925, 33.1495, 788.2512, 424.8134
143439.4776, 6394378.4719, 33.0972, 458.3232, 423.8758
143438.0968, 6394372.9889, 32.3788, 512.4643, 498.2249
143439.0341, 6394372.4774, 32.2219, 612.2351, 513.2501
143448.4325, 6394375.5846, 38.1138, 1100.0854, 84.7861
143443.2180, 6394387.5627, 37.9038, 483.1020, 176.2773
143435.2854, 6394384.9739, 36.5182, 74.5971, 207.4470
143435.2854, 6394384.9739, 36.5182, 74.5971, 207.4470
143435.2110, 6394384.4786, 35.9175, 203.9713, 294.8203
143439.5111, 6394396.4670, 35.6511, 217.0056, 312.9625
143439.5111, 6394396.4670, 35.6511, 217.0056, 312.9625
143450.6386, 6394414.4192, 34.7896, 431.6392, 373.6240
143450.6386, 6394414.4192, 34.7896, 431.6392, 373.6240
143441.0825, 6394372.6293, 33.3957, 773.7318, 399.6584
143450.6331, 6394414.4372, 33.2757, 431.7617, 412.1987
143441.0283, 6394372.6606, 33.0994, 773.7318, 399.6584
143448.1363, 6394374.6371, 37.7626, 1133.4949, 94.5604
143436.5625, 6394379.4492, 35.2868, 224.4614, 258.8300
143438.8382, 6394386.4851, 35.0570, 279.7217, 311.9978
143445.3661, 6394401.9535, 34.9275, 390.2507, 357.2640
143445.3661, 6394401.9535, 34.9275, 390.2507, 357.2640
143441.2350, 6394371.4374, 33.5120, 852.3141, 384.4091
143444.7320, 6394399.9366, 33.6011, 388.3326, 400.4066
143445.5037, 6394392.4731, 37.8885, 754.7357, 443.7838
143442.6551, 6394397.9540, 33.9625, 332.8553, 385.1170
143448.0421, 6394379.1018, 36.7399, 944.7395, 194.1061
143436.4994, 6394388.4797, 34.8058, 125.5868, 326.1629
143436.3769, 6394381.5229, 34.2262, 184.7635, 344.1734
143434.7505, 6394383.4799, 34.8692, 49.8510, 303.6161
143441.0058, 6394371.5357, 33.7891, 823.8105, 361.2924
143441.0058, 6394371.5357, 33.7891, 823.8105, 361.2924
143436.4256, 6394375.0550, 37.4969, 389.0958, 132.1714
143436.2537, 6394375.0676, 37.4487, 493.0963, 262.5182
143448.4310, 6394375.0646, 38.1068, 1125.7212, 76.7542
143447.5386, 6394372.5719, 37.3307, 1042.7704, 209.5511
143448.0445, 6394374.9655, 37.3601, 1109.7668, 125.9409
143441.0705, 6394383.5949, 37.7354, 443.6904, 143.8538
143447.5550, 6394374.1476, 36.6475, 1129.4841, 162.1651
143437.7834, 6394391.4780, 35.8242, 150.1831, 277.1460
143439.1518, 6394386.9468, 35.2529, 77.3163, 205.9917
143441.5436, 6394371.8214, 34.2263, 853.5663, 317.7018
143440.8395, 6394371.5614, 34.0867, 809.7980, 330.8116
143443.4021, 6394398.4422, 35.4066, 291.8683, 305.5589
143443.4021, 6394398.4422, 35.4066, 355.5993, 332.3384
143448.2439, 6394408.9286, 35.4475, 413.9381, 349.8469
143443.6573, 6394406.9421, 35.1497, 73.9434, 278.7125
143443.6573, 6394406.9421, 35.1497, 73.9434, 278.7125
143443.9117, 6394400.4306, 34.9200, 355.3028, 353.6046
143443.9117, 6394400.4306, 34.9200, 355.3028, 353.6046
143441.2580, 6394371.4105, 33.7585, 854.7205, 361.9659
143443.8199, 6394398.9587, 33.7786, 450.0870, 416.8542
143437.0258, 6394374.5292, 37.6631, 475.5294, 170.4838
143449.9724, 6394376.9840, 39.7215, 1108.1945, 14.2166
143456.6165, 6394387.0792, 42.0360, 1041.8821, 24.3933
143448.8394, 6394375.0277, 38.4637, 1149.1198, 56.1583
143448.6734, 6394375.1440, 38.3810, 1132.7667, 65.7398
143447.6580, 6394372.6765, 37.5203, 938.9698, 286.4460
143439.4296, 6394378.9960, 37.6470, 435.0627, 84.2324
143439.5324, 6394379.5610, 37.5451, 427.5042, 101.4599
143441.0291, 6394382.5312, 37.8940, 459.7841, 123.9282
143443.2574, 6394387.0675, 37.8967, 535.4559, 240.9102
143443.6318, 6394387.9767, 37.8900, 536.7591, 246.1806
143447.7699, 6394397.0442, 37.6714, 521.6782, 250.3739
143451.6240, 6394405.0438, 38.0721, 454.0919, 130.7593
143437.0312, 6394380.9473, 35.3035, 237.2268, 268.3539
143445.9881, 6394412.4507, 36.9742, 323.6201, 310.1850
143441.1906, 6394371.4163, 34.1011, 828.5779, 352.4246
143447.8108, 6394392.1216, 35.0869, 600.3085, 338.5519
143447.8108, 6394392.1216, 35.0869, 600.3085, 338.5519
143441.0485, 6394371.5492, 33.8538, 828.5779, 352.4246
143441.0485, 6394371.5492, 33.8538, 828.5779, 352.4246
143444.6214, 6394400.9551, 34.7029, 374.7092, 362.7380
143446.7130, 6394404.9399, 34.5241, 405.2002, 373.6118
143444.9536, 6394400.9791, 34.3654, 385.8735, 374.4730
143440.8210, 6394371.5836, 33.6112, 797.3254, 391.0290
143440.8210, 6394371.5836, 33.6112, 806.7413, 378.0521
143444.3426, 6394399.9653, 34.2313, 374.9210, 378.0012
143441.0858, 6394371.5360, 33.5531, 833.0422, 381.8015
143445.3543, 6394397.5475, 33.8356, 519.1754, 418.1572
143439.9314, 6394372.0202, 33.1389, 704.1497, 428.8873
143446.9812, 6394393.6040, 32.9620, 546.9891, 424.9168
143445.8222, 6394393.4142, 32.8823, 506.9726, 428.1635
143445.8222, 6394393.4142, 32.8823, 506.9726, 428.1635
143449.8781, 6394377.0557, 39.7699, 1099.8010, 12.2997
143438.5513, 6394374.4488, 37.7532, 336.7539, 273.5263
143449.7547, 6394377.2009, 39.6798, 1087.6964, 19.6482
143455.4326, 6394383.5920, 41.8429, 1079.0609, 22.0341
143449.2391, 6394375.5853, 38.9973, 1141.8857, 31.0257
143433.9035, 6394380.9893, 37.3273, 946.3300, 82.6323
143453.5902, 6394384.1322, 39.6120, 996.6829, 120.2356
143447.9896, 6394375.1064, 37.4807, 1100.9812, 119.0465
143447.9095, 6394374.9735, 37.1902, 1100.8680, 139.3814
143441.5966, 6394382.5454, 37.9105, 494.2064, 125.3367
143440.9707, 6394383.9703, 37.9019, 529.3533, 269.8494
143447.7314, 6394376.1934, 37.1394, 952.9059, 234.1444
143434.1414, 6394381.4861, 36.8256, 8.4003, 147.5794
143453.0365, 6394385.6473, 38.8965, 944.8873, 148.1378
143453.9314, 6394386.9471, 39.0359, 940.6004, 154.0583
143435.9223, 6394386.4969, 37.5867, 103.5411, 158.1263
143435.9184, 6394386.5116, 37.4922, 104.2959, 163.7062
143454.0157, 6394389.6185, 38.4777, 873.3616, 197.5618
143448.1694, 6394379.6181, 36.5128, 930.5988, 270.8364
143449.2160, 6394382.1507, 36.7733, 890.0638, 222.1759
143447.8367, 6394396.9796, 37.8492, 482.8061, 174.7959
143443.4424, 6394405.9522, 36.9300, 292.7267, 294.6047
143454.9714, 6394410.1002, 36.7062, 624.9878, 372.8373
143440.9278, 6394371.5452, 34.0954, 819.1908, 329.5544
143440.8031, 6394371.5559, 33.9120, 806.8184, 347.3452
143438.5018, 6394372.9684, 32.2664, 548.3657, 507.0896
143438.5018, 6394372.9684, 32.2664, 548.3657, 507.0896
143445.9604, 6394396.0648, 34.4698, 475.8243, 367.1837
143440.8796, 6394371.5476, 33.6785, 814.0155, 370.5104
143445.3476, 6394401.4363, 34.4828, 393.6776, 371.1053
143440.7929, 6394371.6010, 33.5370, 795.7445, 396.1757
143440.7929, 6394371.6010, 33.5370, 803.0718, 384.8720
143440.3680, 6394374.1022, 33.4590, 654.8961, 395.4279
143443.3871, 6394398.4627, 33.6018, 356.2933, 399.1013
143449.7739, 6394377.1595, 39.7486, 1089.5817, 14.3236
143450.0678, 6394401.6055, 33.0729, 541.8141, 419.2586
143440.7297, 6394371.6105, 33.1472, 796.2545, 424.1093
143440.7106, 6394383.0394, 33.1383, 472.4344, 427.0976
143440.9920, 6394371.5347, 34.1526, 825.0536, 322.6773
143440.7433, 6394371.5692, 34.0943, 800.8824, 329.6869
143440.7433, 6394371.5692, 34.0943, 800.8824, 329.6869
143445.3550, 6394389.1059, 33.1217, 555.9639, 419.6430
143438.0393, 6394373.0039, 32.2893, 506.1900, 506.1271
143438.1236, 6394372.9901, 32.2871, 514.1838, 506.1740
143437.7343, 6394373.0045, 32.2784, 478.9690, 507.8854
143439.2671, 6394372.4639, 32.2382, 632.4115, 511.1674
143455.8299, 6394383.9984, 42.3303, 1080.1727, 6.0716
143440.3919, 6394383.0407, 37.8697, 411.5567, 126.4781
143447.8514, 6394392.1044, 34.9427, 602.4837, 344.5453
143447.9523, 6394392.0561, 34.8641, 606.8088, 347.8025
143439.4375, 6394383.0403, 37.6955, 357.1966, 133.0598
143435.2298, 6394378.0538, 37.7677, 120.6441, 24.1582
143440.9057, 6394371.9755, 33.8616, 792.9303, 353.2914
143448.5740, 6394376.0523, 38.0429, 1083.2328, 98.8632
143449.7616, 6394396.5372, 34.8113, 597.7918, 358.0198
143448.5001, 6394376.0401, 37.9753, 1083.2328, 98.8632
143440.1093, 6394381.0243, 34.0839, 442.8330, 359.5897
143445.8226, 6394396.0616, 34.2461, 469.9930, 375.1446
143444.2893, 6394382.5989, 33.8298, 639.4027, 381.4795
143456.7032, 6394391.6481, 40.8823, 917.9494, 117.6249
143449.2325, 6394379.0475, 38.0435, 989.4155, 135.6948
143446.0183, 6394394.5782, 33.9383, 498.4824, 386.9274
143447.9391, 6394373.5998, 37.5269, 1180.4751, 92.4716
143448.0615, 6394374.5298, 37.5444, 1135.4836, 105.3186
143439.3052, 6394379.0490, 37.5887, 424.1020, 88.5201
143439.3052, 6394379.0490, 37.5887, 424.1020, 88.5201
143447.6892, 6394374.5409, 37.0623, 1112.3069, 139.8620
143439.1625, 6394379.0774, 37.6658, 413.3951, 81.7044
143445.5438, 6394390.5570, 37.9491, 537.6166, 201.8430
143445.1730, 6394388.0845, 33.4922, 565.6875, 402.8271
143442.9243, 6394382.1077, 33.3226, 581.5367, 409.6318
143447.4714, 6394373.1849, 37.0740, 1180.0851, 118.4641
143437.0536, 6394389.4766, 35.8519, 150.1831, 277.1460
143451.2926, 6394406.9114, 33.2416, 517.5530, 413.3000
143436.9006, 6394380.4617, 35.1206, 234.9595, 278.1679
143442.0641, 6394379.5834, 33.2274, 594.9093, 415.1488
143439.6500, 6394372.0432, 32.4792, 683.4914, 489.4439
143439.6500, 6394372.0432, 32.4792, 683.4914, 489.4439
143447.9073, 6394375.0199, 37.2641, 1100.0710, 132.8807
143439.7961, 6394371.9784, 32.3339, 699.0454, 503.3556
143438.5542, 6394372.9617, 32.2916, 553.1449, 505.1778
143447.5220, 6394377.1839, 36.7318, 979.1503, 189.4960
143439.7680, 6394371.9862, 32.2451, 696.6743, 512.0105
143454.1844, 6394389.6103, 38.6760, 880.9657, 188.8043
143439.8525, 6394396.9627, 37.8297, 225.6396, 226.3721
143438.7722, 6394393.9620, 35.9128, 203.9713, 294.8203
143440.7830, 6394371.6057, 33.6501, 801.9315, 373.2781
143439.1949, 6394383.0250, 37.6115, 343.0320, 137.5441
143449.2558, 6394401.4820, 37.8457, 515.4550, 260.9711
143447.4572, 6394406.4396, 34.2403, 414.4330, 383.9284
143436.7436, 6394376.4584, 33.5851, 291.2648, 383.7089
143441.0502, 6394371.5078, 33.4185, 831.2078, 395.7092
143451.3132, 6394406.9034, 33.4690, 517.7721, 406.8225
143451.3132, 6394406.9034, 33.4690, 517.7721, 406.8225
143440.9052, 6394371.5408, 33.2850, 815.8816, 409.6379
143443.4269, 6394386.4893, 32.8360, 517.7578, 434.0841
143435.7055, 6394385.9733, 37.4821, 94.1435, 157.8881
143436.2508, 6394387.4879, 37.6528, 117.5937, 163.4963
143452.0300, 6394405.9646, 38.0328, 452.6357, 124.0227
143441.1171, 6394371.4697, 34.8513, 820.4970, 288.5647
143450.1926, 6394401.4560, 37.9965, 544.6195, 254.5193
143450.7173, 6394400.9698, 37.9386, 567.0186, 258.3000
143437.5674, 6394373.4699, 35.2525, 434.7267, 211.8405
143448.6811, 6394401.9789, 37.8215, 493.0963, 262.5182
143448.6811, 6394401.9789, 37.8215, 493.0963, 262.5182
143441.0761, 6394397.5312, 37.9815, 269.1940, 225.4583
143451.8668, 6394404.5271, 38.0723, 581.3989, 301.3712
143447.4768, 6394396.9609, 37.9142, 467.4688, 170.3916
143447.9664, 6394396.9814, 37.7645, 531.7170, 245.9387
143440.0507, 6394381.0345, 34.3151, 439.9439, 344.5548
143446.1890, 6394387.6027, 34.4846, 617.5747, 355.6275
143441.6732, 6394401.4490, 37.7512, 260.8570, 249.7275
143446.1410, 6394387.6238, 34.4358, 615.5117, 358.0856
143446.1717, 6394387.6094, 34.3764, 616.7828, 360.9445
143445.6206, 6394386.1004, 34.2706, 622.3580, 369.8773
143445.5986, 6394386.1153, 34.1449, 622.3580, 369.8773
143435.7392, 6394374.4883, 33.5950, 232.4769, 376.6707
143442.7178, 6394378.6184, 33.6210, 661.0577, 389.3693
143442.7178, 6394378.6184, 33.6210, 661.0577, 389.3693
143449.1192, 6394375.5784, 38.8386, 1135.9843, 41.3670
143440.9890, 6394371.5513, 34.5615, 824.3001, 282.4348
143440.9485, 6394371.5546, 34.5002, 820.4970, 288.5647
143440.9485, 6394371.5546, 34.5002, 820.4970, 288.5647
143446.4102, 6394393.9142, 33.6938, 522.2084, 396.4339
143448.9534, 6394375.5363, 38.6089, 1128.2084, 56.6626
143448.8025, 6394376.1629, 38.4545, 1091.5162, 71.4584
143439.8254, 6394372.5812, 33.2801, 672.9503, 411.2791
143439.5613, 6394372.4719, 32.4768, 657.9694, 487.9203
143439.4314, 6394378.9940, 37.6538, 435.0627, 84.2324
143448.2138, 6394375.6537, 37.8074, 1083.5764, 106.6729
143439.7451, 6394372.0055, 32.3333, 693.4008, 503.4578
143439.7451, 6394372.0055, 32.3333, 693.4008, 503.4578
143440.7561, 6394382.5800, 37.8699, 444.4067, 122.9513
143449.0121, 6394375.1621, 38.7586, 1151.2618, 38.7632
143449.2086, 6394376.5050, 38.7062, 1092.6860, 66.4965
143440.7371, 6394399.4854, 35.7876, 161.0706, 285.2644
143455.9462, 6394387.1973, 41.0735, 1007.0402, 74.7478
143441.2553, 6394383.0303, 37.8758, 463.9229, 129.1901
143447.9623, 6394375.2035, 37.5300, 1093.8245, 116.9212
143440.9600, 6394383.5482, 37.9058, 437.8245, 131.1286
143441.5059, 6394371.8508, 34.1871, 850.8801, 322.3110
143442.6498, 6394386.5274, 37.9222, 520.5271, 235.9754
143446.5996, 6394413.9346, 37.1760, 329.9443, 307.8740
143441.1393, 6394371.4516, 34.0943, 842.1514, 328.2220
143440.8099, 6394371.5796, 34.2373, 820.4970, 288.5647
143446.2441, 6394387.5660, 34.8009, 621.6750, 341.2470
143451.7043, 6394386.1394, 37.3374, 877.4288, 221.9900
143446.2441, 6394387.5660, 34.8009, 621.6750, 341.2470
143440.8213, 6394371.5837, 33.8418, 806.9272, 355.3494
143442.6300, 6394399.9876, 34.8119, 312.1449, 355.1436
143434.6473, 6394374.9952, 35.2016, 107.7326, 215.4235
143445.0555, 6394396.0619, 33.7665, 405.5191, 380.5973
143449.9538, 6394401.4740, 37.9225, 537.2528, 258.5721
143436.1360, 6394378.4741, 35.0800, 203.6496, 266.0757
143436.1360, 6394378.4741, 35.0800, 203.6496, 266.0757
143435.9504, 6394386.4854, 35.8200, 106.9598, 259.4158
143435.2779, 6394384.9848, 35.3561, 73.9434, 278.7125
143440.3855, 6394390.4504, 35.3531, 313.7859, 312.4167
143440.7221, 6394371.6239, 33.4255, 795.7445, 396.1757
143440.9190, 6394372.1075, 33.3038, 786.4551, 408.6044
143438.7708, 6394393.9641, 35.9175, 203.9713, 294.8203
143453.2176, 6394405.5746, 36.5690, 582.6226, 316.2943
143454.4532, 6394414.9645, 33.0661, 519.1754, 418.1572
143453.2176, 6394405.5746, 36.5690, 582.6226, 316.2943
143441.5408, 6394371.8250, 34.0218, 855.4406, 337.2658
143454.4532, 6394414.9645, 33.0661, 519.1754, 418.1572
143444.5132, 6394408.9621, 35.4523, 304.1700, 346.3563
143440.9205, 6394372.1062, 33.0686, 788.2512, 424.8134
143440.9205, 6394372.1062, 33.0686, 788.2512, 424.8134
143438.6064, 6394372.9683, 32.4534, 557.6210, 490.5540
143435.6225, 6394375.5318, 33.8015, 202.6867, 359.3412
143440.7291, 6394371.5725, 33.9069, 799.3531, 348.2385
143445.2922, 6394392.9638, 32.9025, 493.6794, 427.7185
143440.1689, 6394372.3601, 32.3561, 715.8116, 496.7526
143440.1689, 6394372.3601, 32.3561, 715.8116, 496.7526
143442.6716, 6394399.9806, 34.7342, 313.6859, 357.8571
143442.6716, 6394399.9806, 34.7342, 313.6859, 357.8571
143447.5940, 6394406.9213, 34.7886, 413.3830, 367.4997
143447.5940, 6394406.9213, 34.7886, 413.3830, 367.4997
143449.3263, 6394411.4553, 34.5532, 422.3899, 377.6776
143446.0324, 6394395.9892, 34.1951, 479.9392, 377.2127
143442.2037, 6394397.9843, 33.8221, 315.3851, 389.8258
143446.2392, 6394403.4184, 33.2987, 405.2357, 411.9027
143440.9438, 6394372.0925, 33.1495, 788.2512, 424.8134
143440.9438, 6394372.0925, 33.1495, 788.2512, 424.8134
143439.4776, 6394378.4719, 33.0972, 458.3232, 423.8758
143438.0968, 6394372.9889, 32.3788, 512.4643, 498.2249
143439.0341, 6394372.4774, 32.2219, 612.2351, 513.2501
143448.4325, 6394375.5846, 38.1138, 1100.0854, 84.7861
143443.2180, 6394387.5627, 37.9038, 483.1020, 176.2773
143435.2854, 6394384.9739, 36.5182, 74.5971, 207.4470
143435.2854, 6394384.9739, 36.5182, 74.5971, 207.4470
143435.2110, 6394384.4786, 35.9175, 203.9713, 294.8203
143439.5111, 6394396.4670, 35.6511, 217.0056, 312.9625
143439.5111, 6394396.4670, 35.6511, 217.0056, 312.9625
143450.6386, 6394414.4192, 34.7896, 431.6392, 373.6240
143450.6386, 6394414.4192, 34.7896, 431.6392, 373.6240
143441.0825, 6394372.6293, 33.3957, 773.7318, 399.6584
143450.6331, 6394414.4372, 33.2757, 431.7617, 412.1987
143448.1363, 6394374.6371, 37.7626, 1133.4949, 94.5604
143436.5625, 6394379.4492, 35.2868, 224.4614, 258.8300
143438.8382, 6394386.4851, 35.0570, 279.7217, 311.9978
143445.3661, 6394401.9535, 34.9275, 390.2507, 357.2640
143445.3661, 6394401.9535, 34.9275, 390.2507, 357.2640
143441.2350, 6394371.4374, 33.5120, 852.3141, 384.4091
143444.7320, 6394399.9366, 33.6011, 388.3326, 400.4066
143442.6551, 6394397.9540, 33.9625, 332.8553, 385.1170
143448.0421, 6394379.1018, 36.7399, 944.7395, 194.1061
143436.4994, 6394388.4797, 34.8058, 125.5868, 326.1629
143436.3769, 6394381.5229, 34.2262, 184.7635, 344.1734
143434.7505, 6394383.4799, 34.8692, 49.8510, 303.6161
143441.0058, 6394371.5357, 33.7891, 823.8105, 361.2924
143441.0058, 6394371.5357, 33.7891, 823.8105, 361.2924
143436.4256, 6394375.0550, 37.4969, 389.0958, 132.1714
143448.4310, 6394375.0646, 38.1068, 1125.7212, 76.7542
143448.0445, 6394374.9655, 37.3601, 1109.7668, 125.9409
143441.0705, 6394383.5949, 37.7354, 443.6904, 143.8538
143447.5550, 6394374.1476, 36.6475, 1129.4841, 162.1651
143437.7834, 6394391.4780, 35.8242, 150.1831, 277.1460
143441.5436, 6394371.8214, 34.2263, 853.5663, 317.7018
143440.8395, 6394371.5614, 34.0867, 809.7980, 330.8116
143443.4021, 6394398.4422, 35.4066, 291.8683, 305.5589
143443.4021, 6394398.4422, 35.4066, 355.5993, 332.3384
143448.2439, 6394408.9286, 35.4475, 413.9381, 349.8469
143443.9117, 6394400.4306, 34.9200, 355.3028, 353.6046
143443.9117, 6394400.4306, 34.9200, 355.3028, 353.6046
143441.2580, 6394371.4105, 33.7585, 854.7205, 361.9659
143437.0258, 6394374.5292, 37.6631, 475.5294, 170.4838
143449.9724, 6394376.9840, 39.7215, 1108.1945, 14.2166
143456.6165, 6394387.0792, 42.0360, 1041.8821, 24.3933
143448.8394, 6394375.0277, 38.4637, 1149.1198, 56.1583
143448.6734, 6394375.1440, 38.3810, 1132.7667, 65.7398
143439.4296, 6394378.9960, 37.6470, 435.0627, 84.2324
143439.5324, 6394379.5610, 37.5451, 427.5042, 101.4599
143441.0291, 6394382.5312, 37.8940, 459.7841, 123.9282
143443.2574, 6394387.0675, 37.8967, 535.4559, 240.9102
143443.6318, 6394387.9767, 37.8900, 536.7591, 246.1806
143447.7699, 6394397.0442, 37.6714, 521.6782, 250.3739
143437.0312, 6394380.9473, 35.3035, 237.2268, 268.3539
143445.9881, 6394412.4507, 36.9742, 323.6201, 310.1850
143441.1906, 6394371.4163, 34.1011, 828.5779, 352.4246
143447.8108, 6394392.1216, 35.0869, 600.3085, 338.5519
143447.8108, 6394392.1216, 35.0869, 600.3085, 338.5519
143441.0485, 6394371.5492, 33.8538, 828.5779, 352.4246
143441.0485, 6394371.5492, 33.8538, 828.5779, 352.4246
143444.6214, 6394400.9551, 34.7029, 374.7092, 362.7380
143446.7130, 6394404.9399, 34.5241, 405.2002, 373.6118
143444.9536, 6394400.9791, 34.3654, 385.8735, 374.4730
143440.8210, 6394371.5836, 33.6112, 806.7413, 378.0521
143444.3426, 6394399.9653, 34.2313, 374.9210, 378.0012
143441.0858, 6394371.5360, 33.5531, 833.0422, 381.8015
143439.9314, 6394372.0202, 33.1389, 704.1497, 428.8873
143446.9812, 6394393.6040, 32.9620, 546.9891, 424.9168
143445.8222, 6394393.4142, 32.8823, 506.9726, 428.1635
143445.8222, 6394393.4142, 32.8823, 506.9726, 428.1635
143449.8781, 6394377.0557, 39.7699, 1099.8010, 12.2997
143449.7547, 6394377.2009, 39.6798, 1087.6964, 19.6482
143455.4326, 6394383.5920, 41.8429, 1079.0609, 22.0341
143449.2391, 6394375.5853, 38.9973, 1141.8857, 31.0257
143453.5902, 6394384.1322, 39.6120, 996.6829, 120.2356
143447.9896, 6394375.1064, 37.4807, 1100.9812, 119.0465
143447.9095, 6394374.9735, 37.1902, 1100.8680, 139.3814
143441.5966, 6394382.5454, 37.9105, 494.2064, 125.3367
143447.7314, 6394376.1934, 37.1394, 952.9059, 234.1444
143434.1414, 6394381.4861, 36.8256, 8.4003, 147.5794
143453.0365, 6394385.6473, 38.8965, 944.8873, 148.1378
143453.9314, 6394386.9471, 39.0359, 940.6004, 154.0583
143435.9223, 6394386.4969, 37.5867, 103.5411, 158.1263
143435.9184, 6394386.5116, 37.4922, 104.2959, 163.7062
143454.0157, 6394389.6185, 38.4777, 873.3616, 197.5618
143449.2160, 6394382.1507, 36.7733, 890.0638, 222.1759
143447.8367, 6394396.9796, 37.8492, 482.8061, 174.7959
143443.4424, 6394405.9522, 36.9300, 292.7267, 294.6047
143440.9278, 6394371.5452, 34.0954, 819.1908, 329.5544
