143441.5319, 6394373.0020, 36.5443, 801.7870, 91.4901
143439.7718, 6394373.5416, 32.3044, 626.1071, 499.9680
143440.2214, 6394373.4927, 32.2459, 666.8339, 504.6788
143439.1067, 6394373.9920, 32.2270, 549.7151, 506.5508
143440.3552, 6394374.1122, 33.4102, 651.6268, 393.5928
143443.1878, 6394377.4620, 37.5561, 725.9158, 92.8196
143443.1878, 6394377.4620, 37.5561, 725.9158, 92.8196
143440.8344, 6394382.0805, 37.8235, 450.4481, 117.9096
143440.0078, 6394381.0558, 34.1252, 421.4779, 349.4402
143441.4540, 6394372.9991, 33.8547, 793.5735, 350.8939
143440.6080, 6394382.5458, 37.8616, 427.4147, 119.4257
143444.5005, 6394383.1265, 34.2265, 629.2624, 352.9948
143456.8183, 6394386.6520, 42.3476, 1035.1439, 20.9295
143448.4129, 6394377.9729, 37.4869, 1000.0446, 137.2790
143457.6484, 6394389.1875, 43.3810, 991.6050, 7.5760
143444.5005, 6394383.1265, 34.2265, 629.2624, 352.9948
143456.6003, 6394390.1341, 41.3040, 933.6563, 93.9312
143441.7621, 6394378.5378, 37.5649, 598.0453, 97.0291
143441.4888, 6394383.4845, 37.7144, 460.1294, 142.9969
143445.2210, 6394385.1178, 34.1697, 617.3144, 360.1366
143441.7621, 6394378.5378, 37.5649, 598.0453, 97.0291
143457.0014, 6394386.9969, 42.4378, 1031.0856, 21.5147
143448.0020, 6394375.1046, 37.4616, 1117.1716, 101.3997
143448.8634, 6394380.5730, 37.0871, 919.5646, 187.8658
143457.5276, 6394389.1876, 42.9480, 987.5925, 24.3819
143448.0020, 6394375.1046, 37.4616, 1117.1716, 101.3997
143445.2210, 6394385.1178, 34.1697, 617.3144, 360.1366
143441.3991, 6394373.0352, 33.7492, 787.1948, 361.0105
143441.3991, 6394373.0352, 33.7492, 787.1948, 361.0105
143439.2602, 6394381.9560, 37.8204, 354.5511, 107.0908
143447.6543, 6394377.5563, 36.4959, 978.3262, 194.4762
143455.9720, 6394385.6349, 41.9200, 1037.1423, 24.7250
143447.8047, 6394378.0785, 36.4555, 963.8076, 202.2118
143453.6103, 6394384.1312, 39.5655, 998.3210, 107.8197
143458.2035, 6394390.5750, 43.0118, 972.8454, 37.6034
143455.9720, 6394385.6349, 41.9200, 1037.1423, 24.7250
143449.4839, 6394381.4059, 36.4400, 918.2266, 232.5859
143453.6103, 6394384.1312, 39.5655, 998.3210, 107.8197
143438.7543, 6394381.0491, 37.5583, 337.1936, 110.3606
143449.4839, 6394381.4059, 36.4400, 918.2266, 232.5859
143456.9396, 6394389.1101, 42.1433, 970.7133, 53.3969
143455.8676, 6394385.6148, 41.8108, 1034.1111, 28.8631
143439.3090, 6394378.9949, 37.8246, 417.5031, 65.8686
143441.3829, 6394373.0633, 36.5667, 786.4622, 89.0176
143441.5025, 6394373.0146, 36.5698, 798.7549, 88.9545
143441.4946, 6394373.0267, 36.5418, 797.4537, 91.8342
143441.4946, 6394373.0267, 36.5418, 797.4537, 91.8342
143434.5781, 6394382.9881, 37.4604, 16.3217, 114.5868
143441.0579, 6394378.5579, 37.5072, 550.6985, 96.4902
143439.0159, 6394382.0234, 37.6476, 337.6449, 117.8786
143445.0541, 6394384.6093, 34.0912, 620.9959, 363.3920
143438.2702, 6394383.5585, 37.8521, 266.3316, 117.9035
143438.0425, 6394384.5142, 37.9150, 239.8733, 123.2106
143455.8676, 6394385.6148, 41.8108, 1034.1111, 28.8631
143438.4893, 6394384.0534, 37.8882, 273.4126, 122.3708
143438.0425, 6394384.5142, 37.9150, 239.8733, 123.2106
143445.2432, 6394394.5021, 33.5101, 456.1835, 397.3051
143438.6231, 6394384.0617, 37.8965, 281.5572, 122.6912
143437.6513, 6394384.5335, 37.8892, 215.2487, 122.8375
143445.2585, 6394394.0581, 33.4401, 462.7293, 400.0326
143441.3933, 6394373.0181, 33.2780, 787.2603, 406.0504
143457.3211, 6394389.0172, 42.6126, 985.4320, 35.3311
143437.3304, 6394384.5516, 37.8414, 194.7968, 124.2137
143434.9334, 6394384.0102, 37.5037, 37.8850, 126.1489
143448.8435, 6394375.6687, 38.5462, 1133.2061, 37.7282
143448.8435, 6394375.6687, 38.5462, 1133.2061, 37.7282
143437.8158, 6394384.9875, 37.9387, 220.3941, 125.5500
143447.8008, 6394375.0772, 37.1120, 1107.1598, 125.5460
143435.0237, 6394384.0027, 37.5069, 44.3462, 126.3809
143436.8756, 6394385.4902, 37.8708, 157.1073, 129.8658
143445.8418, 6394396.0548, 34.2480, 458.1388, 369.5495
143454.1878, 6394386.0256, 39.4578, 961.6860, 130.9378
143457.2302, 6394389.1137, 42.5475, 980.0015, 38.4202
143447.7322, 6394375.6260, 37.1198, 1074.4348, 131.4295
143441.3587, 6394383.5584, 37.5578, 451.3831, 152.4326
143442.4343, 6394386.0614, 37.8477, 462.0698, 162.6216
143436.3990, 6394385.4965, 37.7939, 127.0214, 132.0701
143445.8418, 6394396.0548, 34.2480, 458.1388, 369.5495
143445.3543, 6394389.1068, 33.1378, 543.4560, 413.0841
143457.9179, 6394390.5603, 42.6546, 964.4102, 50.0026
143436.9546, 6394385.0257, 37.7659, 166.3448, 131.8721
143448.2724, 6394375.5821, 37.8827, 1106.8145, 79.4238
143436.6603, 6394388.4858, 37.6273, 121.5944, 170.0638
143448.4939, 6394376.0447, 37.9817, 1094.7725, 80.6123
143436.9546, 6394385.0257, 37.7659, 166.3448, 131.8721
143447.6666, 6394375.6421, 37.0864, 1069.9929, 133.6387
143445.9698, 6394396.0115, 34.1940, 463.3435, 371.6476
143451.2776, 6394405.9658, 32.9770, 513.0407, 415.7816
143447.7561, 6394375.5618, 37.0773, 1078.9976, 133.8777
143454.2922, 6394384.4532, 40.2166, 1013.6551, 82.8637
143442.8250, 6394377.5402, 37.5711, 699.8751, 90.1482
143435.5644, 6394385.4833, 35.8897, 75.1413, 245.2131
143436.5547, 6394387.9896, 37.5261, 118.9089, 171.2206
143441.3285, 6394373.0466, 35.5879, 782.1756, 183.5255
143441.3285, 6394373.0466, 35.5879, 782.1756, 183.5255
143442.7569, 6394377.5632, 37.5642, 694.6697, 90.4890
143446.2661, 6394391.6038, 33.0142, 538.3003, 417.8975
143443.1347, 6394377.9430, 36.3642, 704.9487, 185.4542
143441.8566, 6394375.5884, 35.9524, 707.2376, 185.4513
143443.9099, 6394389.4846, 32.8631, 474.7214, 425.7407
143445.9698, 6394396.0115, 34.1940, 463.3435, 371.6476
143441.1938, 6394374.1028, 32.9908, 719.2039, 431.9143
143441.1938, 6394374.1028, 32.9908, 719.2039, 431.9143
143441.1938, 6394374.1028, 32.9908, 719.2039, 431.9143
143441.1228, 6394373.5556, 32.9208, 738.6865, 439.2875
143441.1228, 6394373.5556, 32.9208, 738.6865, 439.2875
143441.0480, 6394373.1170, 32.9179, 753.8429, 440.4816
143441.2721, 6394379.5095, 32.7607, 538.9476, 441.7848
143438.8203, 6394374.0282, 32.4699, 522.7604, 483.6779
143435.2192, 6394384.5122, 37.4716, 55.4931, 135.5119
143445.5582, 6394387.4731, 37.7916, 582.9435, 187.6555
143436.0975, 6394385.5160, 37.6704, 107.6880, 138.2426
143447.5128, 6394373.6446, 36.6167, 1172.9152, 143.2496
143447.5128, 6394373.6446, 36.6167, 1172.9152, 143.2496
143447.6958, 6394375.4627, 36.8001, 1080.4960, 152.5266
143463.3207, 6394404.6481, 44.8670, 832.6642, 90.9990
143444.4429, 6394387.5618, 37.7205, 531.1324, 187.8988
143442.9277, 6394386.5467, 37.9224, 477.9535, 164.5499
143442.9277, 6394386.5467, 37.9224, 477.9535, 164.5499
143444.7174, 6394387.4920, 37.6545, 544.9379, 191.6498
143447.5792, 6394375.6091, 36.6359, 1066.3336, 165.4382
143438.8168, 6394374.4508, 32.2187, 507.6113, 505.4097
143445.9351, 6394395.5923, 34.1408, 467.5166, 373.3364
143463.3207, 6394404.6481, 44.8670, 832.6642, 90.9990
143453.5458, 6394388.0885, 38.6567, 882.6080, 178.1139
143444.7690, 6394387.5019, 37.6597, 547.0833, 191.6353
143446.3757, 6394394.4739, 34.0697, 498.9209, 375.4635
143444.7690, 6394387.5019, 37.6597, 547.0833, 191.6353
143442.7451, 6394388.5476, 37.6121, 435.7238, 193.9557
143463.4386, 6394404.5431, 44.8588, 836.9760, 90.9849
143448.4448, 6394380.0982, 36.8873, 916.8802, 194.1910
143445.9266, 6394395.4993, 34.0378, 468.4372, 377.2451
143445.9265, 6394393.9889, 33.8716, 489.0175, 382.8261
143437.6112, 6394390.9950, 37.5715, 155.7701, 194.5477
143463.4386, 6394404.5431, 44.8588, 836.9760, 90.9849
143445.9265, 6394393.9889, 33.8716, 489.0175, 382.8261
143441.7893, 6394372.8472, 33.4544, 828.2003, 389.3077
143444.5109, 6394387.5539, 37.5925, 534.3882, 194.4263
143443.5004, 6394391.5505, 37.9147, 425.2292, 200.3642
143463.2421, 6394403.6840, 44.6747, 845.9699, 90.9182
143442.2669, 6394390.5284, 37.6790, 385.0239, 201.4795
143442.2669, 6394390.5284, 37.6790, 385.0239, 201.4795
143435.5850, 6394385.9912, 35.4430, 74.0686, 275.2991
143463.2421, 6394403.6840, 44.6747, 845.9699, 90.9182
143441.6105, 6394372.9514, 36.5399, 810.8398, 91.7219
143441.6105, 6394372.9514, 36.5399, 810.8398, 91.7219
143435.5850, 6394385.9912, 35.4430, 74.0686, 275.2991
143441.9692, 6394378.0604, 37.5553, 626.5217, 92.4958
143447.6884, 6394377.4997, 36.6440, 982.7153, 184.2524
143447.0885, 6394393.0860, 33.6140, 546.0927, 393.1844
143442.1793, 6394378.0317, 37.5710, 641.2281, 92.4631
143442.1420, 6394378.0589, 37.5335, 637.8941, 95.3504
143447.6884, 6394377.4997, 36.6440, 982.7153, 184.2524
143442.1420, 6394378.0589, 37.5335, 637.8941, 95.3504
143437.4368, 6394390.4735, 35.8609, 151.7051, 276.6088
143444.6931, 6394387.0971, 33.2759, 551.5926, 406.6810
143441.6018, 6394372.9744, 33.2677, 806.3139, 407.0871
143441.6078, 6394378.5058, 37.5395, 588.8854, 97.3390
143447.6884, 6394377.4997, 36.6440, 982.7153, 184.2524
143442.3891, 6394380.6054, 33.2569, 578.4660, 407.6461
143441.6078, 6394378.5058, 37.5395, 588.8854, 97.3390
143447.8031, 6394375.9751, 36.4333, 1059.7321, 184.9352
143440.2330, 6394379.0624, 37.5014, 480.9554, 98.0612
143442.3891, 6394380.6054, 33.2569, 578.4660, 407.6461
143441.3999, 6394373.0040, 33.2276, 788.4855, 410.8721
143440.9867, 6394376.6240, 33.1163, 605.7573, 418.8456
143440.1086, 6394381.5285, 37.9011, 416.8673, 101.8258
143440.9867, 6394376.6240, 33.1163, 605.7573, 418.8456
143440.5216, 6394373.4540, 33.1243, 694.1964, 420.5114
143442.6526, 6394388.5356, 37.6187, 431.5652, 193.2386
143442.1290, 6394380.1098, 33.0422, 576.1301, 421.8322
143440.5541, 6394373.4356, 33.0981, 697.7491, 423.0251
143440.5541, 6394373.4356, 33.0981, 697.7491, 423.0251
143443.8164, 6394385.1179, 32.9109, 549.8264, 426.0341
143442.5283, 6394389.0475, 37.6338, 417.9525, 195.3762
143441.2277, 6394380.5687, 37.8319, 508.6442, 101.6102
143444.1915, 6394386.1109, 32.8358, 547.6991, 429.1867
143441.2277, 6394380.5687, 37.8319, 508.6442, 101.6102
143443.0827, 6394388.5568, 37.5940, 451.3280, 196.0312
143439.6958, 6394381.5689, 37.8301, 389.7550, 104.4243
143444.1915, 6394386.1109, 32.8358, 547.6991, 429.1867
143439.7349, 6394382.0310, 37.9011, 383.4794, 105.6475
143442.2898, 6394380.6078, 32.9260, 572.5447, 428.9975
143447.3790, 6394373.1857, 36.9852, 1194.6713, 105.9785
143442.2898, 6394380.6078, 32.9260, 572.5447, 428.9975
143434.6610, 6394383.0092, 37.4802, 22.4499, 114.0043
143442.4514, 6394381.0983, 32.8784, 569.3654, 431.5194
143439.6425, 6394396.4702, 35.9316, 211.2034, 297.3995
143442.4661, 6394376.6068, 32.9490, 708.8191, 431.5269
143439.2302, 6394374.0154, 32.4638, 559.7215, 483.4774
143438.8673, 6394374.0279, 32.4311, 527.0037, 487.3291
143438.8673, 6394374.0279, 32.4311, 527.0037, 487.3291
143438.9640, 6394374.0263, 32.4240, 535.7269, 487.8049
143439.0018, 6394374.0172, 32.4207, 539.4378, 488.0855
143438.9037, 6394374.0240, 32.4043, 530.4192, 489.8503
143438.9037, 6394374.0240, 32.4043, 530.4192, 489.8503
143440.4189, 6394373.4213, 32.3856, 686.7798, 491.2416
143439.8615, 6394373.9606, 32.3196, 616.4202, 496.0069
143440.3297, 6394373.4614, 32.2764, 677.4103, 501.6660
143440.2848, 6394373.4611, 32.2673, 673.6192, 502.6495
143439.1632, 6394373.9961, 32.2444, 554.5604, 504.7056
143439.7593, 6394373.5421, 32.2410, 624.9825, 506.1111
143439.7593, 6394373.5421, 32.2410, 624.9825, 506.1111
143439.8777, 6394373.9433, 32.2101, 618.4859, 506.3467
143439.4840, 6394382.5460, 37.8352, 358.4827, 114.5297
143439.1198, 6394386.9550, 35.2614, 275.1366, 297.8524
143438.6398, 6394383.5429, 37.9282, 289.8077, 115.0519
143439.3694, 6394382.4355, 37.7960, 353.1923, 115.0964
143439.1516, 6394381.9802, 37.6804, 347.1785, 116.0153
143438.5115, 6394382.0673, 37.6212, 303.8172, 117.0777
143438.5115, 6394382.0673, 37.6212, 303.8172, 117.0777
143438.6983, 6394383.5384, 37.8854, 293.5612, 118.0460
143438.6983, 6394383.5384, 37.8854, 293.5612, 118.0460
143449.7536, 6394396.5374, 35.6242, 586.5881, 322.0793
143434.7640, 6394383.5161, 37.4876, 27.8987, 120.3896
143447.9397, 6394375.9784, 37.2782, 1067.9254, 125.7069
143439.7183, 6394396.9608, 35.2938, 211.1335, 324.6798
143437.7153, 6394384.9951, 37.9237, 214.1273, 125.9978
143437.7153, 6394384.9951, 37.9237, 214.1273, 125.9978
143437.5811, 6394384.9791, 37.8924, 206.0165, 127.0071
143438.9105, 6394394.4700, 37.7399, 192.9883, 211.0400
143443.1752, 6394405.4693, 35.8441, 276.0037, 323.9533
143441.6593, 6394372.9590, 34.1185, 812.4063, 325.9255
143437.5811, 6394384.9791, 37.8924, 206.0165, 127.0071
143435.5473, 6394385.9935, 34.5698, 72.5684, 327.7898
143435.5473, 6394385.9935, 34.5698, 72.5684, 327.7898
143448.5206, 6394378.0725, 37.6700, 1001.3282, 127.1514
143440.0435, 6394394.5074, 37.7559, 242.9715, 213.6286
143448.7371, 6394378.6486, 37.7607, 987.8947, 128.8852
143435.0555, 6394384.5046, 37.5489, 44.0836, 129.4802
143440.0435, 6394394.5074, 37.7559, 242.9715, 213.6286
143435.0555, 6394384.5046, 37.5489, 44.0836, 129.4802
143443.7352, 6394391.4605, 37.9975, 436.4749, 196.8400
143437.2330, 6394385.0012, 37.8283, 184.0991, 129.2806
143439.1310, 6394395.0187, 37.7520, 198.8050, 213.9797
143443.7352, 6394391.4605, 37.9975, 436.4749, 196.8400
143436.6977, 6394385.4867, 37.8428, 145.9872, 130.5778
143443.2728, 6394405.9431, 35.1410, 276.0619, 347.1978
143436.6509, 6394385.4928, 37.8331, 142.9920, 130.9823
143447.4826, 6394395.0373, 37.9631, 530.7721, 225.9897
143436.8349, 6394385.4923, 37.8187, 154.5894, 132.8241
143445.7731, 6394397.0346, 34.4736, 443.4755, 361.9082
143436.6213, 6394376.4864, 33.6057, 256.4412, 375.4996
143436.8203, 6394376.4433, 33.5662, 275.3310, 379.1866
143436.8349, 6394385.4923, 37.8187, 154.5894, 132.8241
143453.9495, 6394385.6527, 39.2907, 963.9465, 134.7383
143447.5567, 6394396.9557, 38.0036, 506.5693, 232.5921
143436.5084, 6394385.5088, 37.7546, 133.9207, 135.1722
143448.0649, 6394407.9462, 34.2147, 404.2941, 379.3685
143436.5084, 6394385.5088, 37.7546, 133.9207, 135.1722
143436.4262, 6394385.5039, 37.7336, 128.7538, 135.9756
143436.4262, 6394385.5039, 37.7336, 128.7538, 135.9756
143448.0649, 6394407.9462, 34.2147, 404.2941, 379.3685
143435.8113, 6394385.5257, 37.6565, 89.1131, 137.6944
143436.3001, 6394385.5206, 37.6593, 120.6585, 140.0221
143435.5315, 6394385.4998, 37.5856, 71.0352, 140.3508
143448.2057, 6394378.0805, 37.3349, 984.8881, 147.1310
143447.6608, 6394378.1927, 36.4555, 951.6965, 202.5311
143435.2578, 6394376.4701, 35.3782, 124.9874, 207.0156
143441.7208, 6394372.8944, 33.2792, 820.0666, 406.0238
143435.3515, 6394376.4642, 35.3366, 134.3838, 211.4430
143443.2042, 6394385.4477, 32.8055, 512.9634, 431.5392
143448.0168, 6394379.1560, 36.4568, 931.1757, 211.4280
143454.2340, 6394388.1213, 39.4315, 905.9357, 147.4318
143454.2340, 6394388.1213, 39.4315, 905.9357, 147.4318
143438.7330, 6394393.9772, 37.6289, 188.5859, 212.8403
143435.4262, 6394376.4593, 35.2981, 141.8470, 215.4607
143453.2180, 6394385.5056, 38.9175, 941.4067, 148.0001
143448.5187, 6394380.6450, 36.5479, 900.5576, 218.4052
143451.8579, 6394386.5359, 37.4207, 861.3868, 219.0746
143435.6119, 6394376.9611, 35.3092, 153.2904, 220.8947
143453.2180, 6394385.5056, 38.9175, 941.4067, 148.0001
143453.2187, 6394385.5386, 38.7646, 940.3804, 155.3426
143447.6800, 6394396.9624, 37.9864, 510.7245, 233.5096
143453.2955, 6394385.4857, 38.7275, 944.7222, 156.9671
143446.3323, 6394392.5558, 37.6336, 525.4359, 225.3805
143447.9434, 6394378.1254, 37.0395, 969.4435, 165.3581
143447.5693, 6394375.6388, 36.5377, 1064.1494, 172.8305
143448.3073, 6394379.0687, 37.0674, 949.3699, 174.0760
143447.6194, 6394375.6061, 36.4708, 1068.4777, 177.6127
143447.6202, 6394395.5447, 37.9547, 528.3256, 228.7890
143447.6194, 6394375.6061, 36.4708, 1068.4777, 177.6127
143447.6259, 6394376.1195, 36.5196, 1043.1499, 179.3258
143447.6632, 6394377.5114, 36.6896, 980.9301, 181.1939
143447.6202, 6394395.5447, 37.9547, 528.3256, 228.7890
143437.3510, 6394390.4874, 37.6560, 145.7538, 186.0250
143444.5463, 6394387.5235, 37.6956, 536.5663, 189.2390
143448.0870, 6394396.9714, 38.0048, 524.5169, 233.7089
143451.5929, 6394386.5419, 37.0610, 851.0958, 234.8819
143441.9876, 6394402.4657, 37.9547, 256.6100, 244.0322
143443.0719, 6394379.1355, 35.6463, 661.5657, 245.4707
143441.8787, 6394401.9462, 37.8098, 256.5760, 247.1022
143450.3231, 6394401.0278, 37.9994, 542.8752, 252.2975
143446.2116, 6394387.5926, 36.6094, 609.0325, 247.5701
143448.6323, 6394401.9747, 37.9791, 479.8951, 253.1388
143442.4902, 6394403.4431, 37.8187, 267.0147, 252.8913
143448.6323, 6394401.9747, 37.9791, 479.8951, 253.1388
143438.6801, 6394375.4487, 34.9461, 462.7358, 254.8188
143438.6801, 6394375.4487, 34.9461, 462.7358, 254.8188
143442.4902, 6394403.4431, 37.8187, 267.0147, 252.8913
143438.1531, 6394375.0030, 34.8503, 429.8430, 257.4540
143443.6351, 6394406.4574, 37.9048, 283.0555, 261.0308
143443.6351, 6394406.4574, 37.9048, 283.0555, 261.0308
143436.2744, 6394381.9604, 30.2974, 156.9391, 610.0408
143450.4135, 6394401.0113, 37.8931, 545.8215, 255.8927
143436.2744, 6394381.9604, 30.2974, 156.9391, 610.0408
143444.7254, 6394408.5114, 37.9761, 302.0374, 266.0031
143450.4135, 6394401.0113, 37.8931, 545.8215, 255.8927
143444.7254, 6394408.5114, 37.9761, 302.0374, 266.0031
143448.1229, 6394417.4324, 37.9941, 334.2703, 288.9329
143443.4021, 6394388.5288, 37.6177, 466.5338, 195.7483
143443.4021, 6394388.5288, 37.6177, 466.5338, 195.7483
143443.4288, 6394391.5172, 37.9607, 422.6247, 197.8945
143454.7703, 6394415.0156, 38.0061, 511.2260, 290.6881
143443.4288, 6394391.5172, 37.9607, 422.6247, 197.8945
143444.7252, 6394398.5379, 26.1289, 391.1146, 664.9812
143447.6737, 6394377.5510, 36.4358, 979.5175, 198.5169
143447.6737, 6394377.5510, 36.4358, 979.5175, 198.5169
143454.7703, 6394415.0156, 38.0061, 511.2260, 290.6881
143450.1826, 6394401.5130, 37.7530, 532.5972, 261.6231
143444.7252, 6394398.5379, 26.1289, 391.1146, 664.9812
143454.5981, 6394415.0859, 37.9647, 506.6376, 291.6718
143440.0658, 6394381.5774, 34.9433, 414.2784, 297.2318
143448.8047, 6394375.1385, 38.5521, 1159.8787, 28.2157
143439.0266, 6394378.5927, 37.8088, 406.1476, 58.1987
143439.0266, 6394378.5927, 37.8088, 406.1476, 58.1987
143439.0266, 6394378.5927, 37.8088, 406.1476, 58.1987
143448.6682, 6394376.1589, 38.3188, 1098.4990, 59.9540
143447.7903, 6394373.5864, 37.4128, 1193.7788, 80.8959
143454.0958, 6394385.6808, 39.6370, 968.5918, 119.6977
143447.5061, 6394374.7048, 36.7254, 1110.6741, 148.0183
143443.0102, 6394387.5491, 37.8978, 464.4576, 173.7234
143452.7892, 6394388.9472, 36.6482, 834.1634, 265.9155
143447.6745, 6394375.5523, 36.4843, 1074.2781, 176.3717
143452.7892, 6394388.9472, 36.6482, 834.1634, 265.9155
143444.7550, 6394398.5104, 26.0287, 392.4758, 668.6503
143447.8298, 6394396.5665, 38.0072, 521.2717, 231.4707
143449.4807, 6394381.4099, 36.4293, 917.9433, 233.1918
143452.8840, 6394388.4351, 36.6854, 849.8799, 262.6060
143436.8981, 6394380.4654, 35.1178, 215.3262, 270.3730
143455.0609, 6394410.0322, 37.0822, 566.9208, 306.0958
143448.4071, 6394393.6177, 35.8427, 585.8016, 305.8898
143442.6874, 6394391.4677, 37.8350, 391.2523, 201.0589
143441.4928, 6394372.9944, 34.0895, 797.1351, 328.4422
143442.6874, 6394391.4677, 37.8350, 391.2523, 201.0589
143447.8504, 6394378.6315, 36.5454, 943.5793, 201.1227
143438.1348, 6394392.4856, 37.6241, 171.2030, 202.9209
143441.5370, 6394372.9880, 34.0546, 801.0126, 331.8692
143447.8364, 6394392.1094, 35.0609, 590.0061, 333.4977
143447.8364, 6394392.1094, 35.0609, 590.0061, 333.4977
143443.9661, 6394381.1370, 34.4362, 653.5411, 335.4098
143443.9661, 6394381.1370, 34.4362, 653.5411, 335.4098
143449.3923, 6394395.6134, 35.1922, 588.5341, 335.9647
143447.8406, 6394391.6245, 34.9659, 598.5430, 336.5530
143440.3309, 6394380.9448, 34.2258, 444.3830, 342.9082
143441.6620, 6394372.9432, 33.9369, 813.3105, 343.2382
143441.8010, 6394372.8625, 34.6540, 829.3427, 274.4359
143441.8010, 6394372.8625, 34.6540, 829.3427, 274.4359
143441.4095, 6394373.0084, 33.9109, 789.5297, 345.4456
143440.0567, 6394381.0412, 34.0970, 424.9189, 351.3545
143441.3791, 6394393.9762, 37.9767, 305.5453, 204.9551
143442.1028, 6394393.5225, 37.9658, 341.1694, 205.0132
143438.3970, 6394392.9672, 35.9143, 181.3927, 285.2528
143441.7675, 6394372.8951, 34.3601, 824.6630, 302.7653
143441.4863, 6394393.9904, 37.9224, 309.9941, 207.6666
143444.6167, 6394400.9587, 34.6478, 361.0987, 358.9578
143441.3784, 6394373.0474, 33.7682, 784.8941, 359.1868
143445.6021, 6394386.1129, 34.2025, 612.9600, 360.2481
143438.4473, 6394393.4605, 35.2924, 180.5658, 315.1300
143453.3426, 6394388.5158, 38.0115, 864.5073, 207.5258
143441.7592, 6394372.8915, 34.5834, 824.3841, 281.2725
143441.7592, 6394372.8915, 34.5834, 824.3841, 281.2725
143441.7039, 6394372.9316, 34.5600, 817.7988, 283.5944
143445.6021, 6394386.1129, 34.2025, 612.9600, 360.2481
143438.4473, 6394393.4605, 35.2924, 180.5658, 315.1300
143445.0613, 6394384.6056, 34.1535, 621.4312, 360.0718
143437.7875, 6394391.4820, 35.7884, 162.5276, 284.7638
143445.0613, 6394384.6056, 34.1535, 621.4312, 360.0718
143442.6575, 6394377.5894, 33.8417, 686.2195, 365.1541
143439.1046, 6394394.9965, 37.8468, 197.7426, 209.6934
143442.6575, 6394377.5894, 33.8417, 686.2195, 365.1541
143445.0303, 6394384.6224, 34.0305, 619.5475, 366.6212
143445.0303, 6394384.6224, 34.0305, 619.5475, 366.6212
143438.5876, 6394393.4737, 37.6123, 185.5646, 210.4482
143447.6430, 6394391.6141, 34.1848, 591.2245, 369.0080
143448.2400, 6394378.9922, 36.3893, 948.5193, 215.2690
143451.8684, 6394386.6252, 37.5008, 859.4489, 215.9204
143435.2327, 6394376.4678, 33.9600, 124.6621, 340.6492
143435.7285, 6394376.0365, 33.8334, 179.4179, 352.0704
143444.4684, 6394400.9752, 34.5110, 355.9318, 363.6444
143439.4434, 6394395.0372, 37.6446, 212.4777, 219.5244
143446.0738, 6394394.5702, 33.9898, 486.3940, 378.5490
143448.5714, 6394380.6151, 36.4906, 904.0397, 221.7173
143441.5894, 6394372.9924, 33.6598, 804.6812, 369.7250
143446.9995, 6394395.5614, 37.9794, 506.0007, 226.5325
143446.0738, 6394394.5702, 33.9898, 486.3940, 378.5490
143444.3489, 6394382.5662, 33.7102, 635.5684, 381.6220
143446.0769, 6394394.0045, 33.8357, 494.4657, 384.3321
143445.7232, 6394393.4804, 33.5483, 488.5619, 395.6201
143446.0769, 6394394.0045, 33.8357, 494.4657, 384.3321
143445.7232, 6394393.4804, 33.5483, 488.5619, 395.6201
143443.8601, 6394388.5263, 32.8573, 488.1978, 426.5822
143440.5663, 6394374.5987, 33.4663, 648.7252, 389.0380
143440.5663, 6394374.5987, 33.4663, 648.7252, 389.0380
143440.2802, 6394373.5334, 33.2696, 670.3341, 406.5768
143440.2802, 6394373.5334, 33.2696, 670.3341, 406.5768
143440.2894, 6394373.5286, 33.2427, 671.3222, 409.1512
143440.4051, 6394373.5005, 33.2145, 682.3344, 411.8759
143440.3802, 6394373.5056, 33.1655, 679.9927, 416.5514
143441.0047, 6394373.6231, 33.0015, 726.0462, 431.7242
143441.2107, 6394373.5034, 32.9023, 748.2192, 441.0416
143441.2107, 6394373.5034, 32.9023, 748.2192, 441.0416
143441.0861, 6394373.0942, 32.9066, 758.0994, 441.5833
143441.3009, 6394373.4476, 32.8694, 758.1093, 444.1520
143441.3009, 6394373.4476, 32.8694, 758.1093, 444.1520
143439.0039, 6394374.0182, 32.4784, 539.5832, 482.5290
143440.0842, 6394373.5292, 32.4310, 653.5992, 487.1113
143440.0842, 6394373.5292, 32.4310, 653.5992, 487.1113
143455.1716, 6394414.9705, 38.0358, 520.8285, 290.2558
143439.9113, 6394373.5346, 32.4056, 638.5131, 489.9093
143440.3271, 6394373.4716, 32.3873, 676.7637, 491.0334
143440.2885, 6394373.4919, 32.3843, 672.5911, 491.3076
143440.2885, 6394373.4919, 32.3843, 672.5911, 491.3076
143439.0388, 6394374.0124, 32.3747, 542.9144, 492.4454
143440.3865, 6394373.4337, 32.3135, 683.4619, 498.1406
143440.3393, 6394373.4590, 32.3094, 678.3386, 498.5039
143440.3393, 6394373.4590, 32.3094, 678.3386, 498.5039
143438.9690, 6394374.0326, 32.2654, 535.9666, 503.0022
143454.5892, 6394415.4719, 37.9839, 503.0017, 291.8662
143439.7127, 6394373.5281, 32.2647, 621.5210, 504.0347
143454.5892, 6394415.4719, 37.9839, 503.0017, 291.8662
143447.9518, 6394396.9606, 37.9666, 520.0600, 234.7981
143451.3386, 6394401.1153, 36.7457, 572.1451, 294.9626
143441.0521, 6394399.5130, 37.7126, 244.1481, 240.1138
143451.3386, 6394401.1153, 36.7457, 572.1451, 294.9626
143441.7896, 6394401.9594, 37.8583, 253.2889, 245.2701
143456.5956, 6394414.5175, 37.8370, 557.3618, 295.6866
143439.4442, 6394395.9740, 35.8128, 206.4924, 300.6554
143439.4442, 6394395.9740, 35.8128, 206.4924, 300.6554
143446.4214, 6394413.4344, 37.2142, 316.6446, 300.3784
143448.9551, 6394395.1189, 35.9926, 581.2699, 304.4572
143441.6097, 6394372.9770, 34.3317, 807.6473, 305.4649
143448.3728, 6394374.0147, 37.9668, 1200.9075, 49.3430
143448.3728, 6394374.0147, 37.9668, 1200.9075, 49.3430
143456.0957, 6394386.5753, 41.2891, 1012.6898, 62.5636
143448.7911, 6394394.6150, 35.8537, 583.4417, 308.3501
143448.7462, 6394376.5717, 38.1824, 1081.8623, 75.8924
143448.7462, 6394376.5717, 38.1824, 1081.8623, 75.8924
143440.4528, 6394381.5399, 37.8598, 438.2874, 106.8792
143440.4528, 6394381.5399, 37.8598, 438.2874, 106.8792
143447.8490, 6394378.6362, 36.8127, 943.5381, 184.1691
143448.7911, 6394394.6150, 35.8537, 583.4417, 308.3501
143435.3565, 6394385.4874, 36.3498, 60.9347, 216.0815
143434.9211, 6394383.9807, 35.9886, 39.0461, 226.4989
143436.1229, 6394378.4807, 35.0695, 179.6281, 257.6810
143436.1229, 6394378.4807, 35.0695, 179.6281, 257.6810
143434.8743, 6394383.9845, 35.3682, 36.4827, 267.4377
143434.8743, 6394383.9845, 35.3682, 36.4827, 267.4377
143448.2711, 6394417.9464, 37.2231, 334.8084, 309.1400
143444.2422, 6394407.9369, 37.0268, 291.7887, 292.7326
143448.6681, 6394401.9595, 38.0906, 481.1578, 249.4859
143439.0155, 6394394.9815, 35.6524, 195.1728, 304.1070
143439.0155, 6394394.9815, 35.6524, 195.1728, 304.1070
143453.2744, 6394405.5581, 36.4765, 571.4535, 313.9133
143441.7676, 6394372.8846, 34.2148, 825.1110, 316.6339
143448.9877, 6394401.4644, 37.9830, 496.7443, 251.9985
143444.3853, 6394408.9939, 35.4934, 289.3139, 340.7493
143448.9877, 6394401.4644, 37.9830, 496.7443, 251.9985
143441.6935, 6394372.9333, 34.1590, 816.5374, 322.0240
143444.3853, 6394408.9939, 35.4934, 289.3139, 340.7493
143441.6916, 6394372.9340, 33.8717, 816.1165, 349.5009
143436.0057, 6394375.4853, 33.7428, 215.9243, 359.5951
143450.4673, 6394400.9669, 38.0025, 548.0090, 252.2410
143448.4374, 6394401.9693, 37.9506, 473.9373, 253.7396
143445.4859, 6394394.9795, 33.8501, 458.9785, 384.0703
143448.4374, 6394401.9693, 37.9506, 473.9373, 253.7396
143445.4859, 6394394.9795, 33.8501, 458.9785, 384.0703
143441.2147, 6394373.0023, 33.3464, 773.5710, 399.4308
143444.9077, 6394396.0654, 33.1992, 423.9363, 409.5671
143441.1710, 6394373.0481, 33.0599, 767.4722, 426.9239
143441.6990, 6394372.9197, 34.0886, 817.6470, 328.7090
143454.4721, 6394383.6217, 40.6349, 1047.6970, 55.4680
143439.3983, 6394379.0182, 37.6029, 423.4665, 83.6659
143450.3414, 6394401.0553, 37.7648, 543.0911, 260.1324
143454.5360, 6394387.0859, 39.8318, 944.1848, 123.7883
143447.6638, 6394391.1155, 34.8605, 600.8114, 339.9059
143454.5360, 6394387.0859, 39.8318, 944.1848, 123.7883
143440.3446, 6394380.9421, 34.1732, 445.3277, 346.4313
143441.2575, 6394383.0557, 37.8337, 455.4755, 130.2626
143444.3905, 6394408.4462, 38.0534, 292.4344, 263.0349
143441.8989, 6394384.0464, 37.5912, 471.7894, 157.4799
143441.8989, 6394384.0464, 37.5912, 471.7894, 157.4799
143447.7885, 6394374.4717, 36.6249, 1139.4772, 154.6203
143457.0827, 6394386.9956, 42.6222, 1033.8932, 14.0396
143458.5703, 6394390.6687, 43.6166, 981.8123, 16.8719
143448.9314, 6394375.5559, 38.6173, 1143.8684, 31.5601
143449.5589, 6394411.9198, 35.2686, 410.9915, 353.2240
143456.4585, 6394387.1659, 41.7961, 1008.0134, 47.9041
143439.1667, 6394378.5322, 37.8778, 417.8862, 53.0275
143448.3137, 6394375.1167, 37.9437, 1134.0721, 68.3627
143441.2922, 6394373.5664, 34.6109, 752.7205, 281.7913
143449.1999, 6394377.5643, 38.5054, 1058.2340, 71.0880
143448.8110, 6394376.9712, 38.1992, 1065.9983, 80.6715
143454.0144, 6394383.9840, 39.9738, 1018.3676, 88.6960
143446.1592, 6394395.5032, 34.4345, 476.8268, 362.0330
143435.9972, 6394375.9974, 33.7008, 206.3945, 364.9404
143444.1961, 6394382.1007, 33.9618, 639.7067, 366.2757
143454.6526, 6394386.1044, 40.0573, 976.1747, 106.4613
143447.5938, 6394373.5276, 36.7429, 1185.0468, 132.1525
143444.1961, 6394382.1007, 33.9618, 639.7067, 366.2757
143435.5928, 6394385.9810, 37.5903, 72.3271, 145.1844
143441.8624, 6394383.4724, 37.7087, 481.2762, 145.0782
143449.4524, 6394380.1546, 37.7904, 962.6217, 145.9094
143447.6685, 6394375.0557, 36.6156, 1100.3418, 161.3390
143445.6930, 6394402.4620, 34.4530, 382.5909, 367.5310
143441.6586, 6394372.9681, 33.6781, 811.5196, 368.0272
143435.9483, 6394375.4946, 33.6260, 210.1951, 370.8889
143444.3799, 6394382.5498, 33.7607, 637.5964, 378.7054
143441.3836, 6394373.0232, 33.5279, 786.3892, 382.1517
143441.7958, 6394372.8980, 33.5086, 826.0380, 384.2035
143441.4954, 6394372.9829, 33.4082, 797.4290, 393.6387
143453.6689, 6394387.4984, 38.8057, 902.2847, 168.3791
143441.4927, 6394378.1184, 33.1732, 592.8009, 413.7797
143447.6932, 6394375.5195, 36.5589, 1077.0879, 170.7093
143441.4927, 6394378.1184, 33.1732, 592.8009, 413.7797
143441.4927, 6394378.1184, 33.1732, 592.8009, 413.7797
143449.8882, 6394382.6019, 36.4726, 896.3899, 238.8856
143436.5584, 6394379.4491, 35.3127, 202.4183, 247.3281
143443.5094, 6394384.1040, 32.9603, 556.0569, 424.0501
143443.5094, 6394384.1040, 32.9603, 556.0569, 424.0501
143442.1281, 6394380.1033, 32.9730, 576.2503, 426.4141
143442.1281, 6394380.1033, 32.9730, 576.2503, 426.4141
143441.1318, 6394374.1372, 33.0149, 712.8226, 429.7276
143439.2078, 6394373.9961, 32.4127, 558.4812, 488.5036
143439.2078, 6394373.9961, 32.4127, 558.4812, 488.5036
143439.0911, 6394374.0110, 32.3854, 547.6134, 491.2993
143438.9818, 6394374.0323, 32.3261, 537.1082, 497.1438
143439.0326, 6394374.0115, 32.3262, 542.3970, 497.1178
143439.0326, 6394374.0115, 32.3262, 542.3970, 497.1178
143439.8835, 6394373.9462, 32.2742, 618.8726, 500.2965
143440.1136, 6394373.5031, 32.2788, 657.2144, 501.7587
143438.8769, 6394374.0121, 32.2660, 528.4692, 503.3084
143438.8130, 6394374.4523, 32.2182, 507.2352, 505.4608
143440.2522, 6394373.4755, 32.2340, 670.2074, 505.8419
143440.2522, 6394373.4755, 32.2340, 670.2074, 505.8419
143447.6889, 6394416.4332, 37.9781, 329.8567, 287.0493
143449.5323, 6394396.1064, 36.5494, 585.7429, 286.9860
143449.5323, 6394396.1064, 36.5494, 585.7429, 286.9860
143434.8157, 6394383.9947, 34.7007, 33.1017, 311.4286
143441.2662, 6394392.9784, 35.1312, 312.2029, 324.8555
143448.5882, 6394417.9936, 37.8906, 342.0961, 292.9548
143442.3424, 6394388.5358, 37.6084, 416.9025, 192.6960
143448.5882, 6394417.9936, 37.8906, 342.0961, 292.9548
143440.1334, 6394380.5085, 34.8958, 440.9730, 295.7019
143441.6637, 6394372.9615, 34.4033, 812.8640, 298.6841
143442.9559, 6394397.4755, 35.1490, 334.9449, 334.7108
143445.4487, 6394401.9393, 34.8763, 379.5136, 352.7101
143445.4487, 6394401.9393, 34.8763, 379.5136, 352.7101
143441.6342, 6394372.9730, 34.2956, 809.7955, 308.9791
143441.6342, 6394372.9730, 34.2956, 809.7955, 308.9791
143445.4487, 6394401.9393, 34.8763, 379.5136, 352.7101
143444.9673, 6394400.4271, 33.5689, 378.4354, 396.3514
143448.8347, 6394394.6067, 35.7563, 585.0907, 312.1247
143449.4033, 6394396.1080, 35.8228, 581.4000, 313.5743
143443.9452, 6394391.5446, 37.9775, 444.1661, 198.8427
143448.1912, 6394379.6026, 36.5338, 922.7704, 210.6884
143435.2372, 6394375.9786, 35.2103, 129.1074, 217.3590
143449.4033, 6394396.1080, 35.8228, 581.4000, 313.5743
143447.5101, 6394390.6107, 35.4418, 604.0030, 313.8015
143447.8245, 6394396.9811, 37.8775, 515.4346, 237.9093
143449.1929, 6394376.5669, 38.7680, 1105.4506, 39.2403
143448.0381, 6394374.6946, 37.5974, 1142.0776, 85.6365
143449.7329, 6394400.5414, 38.0363, 530.9711, 248.5158
143441.7217, 6394372.9171, 34.2006, 819.6934, 318.0275
143436.8178, 6394380.4711, 35.2156, 209.1064, 262.9207
143454.0832, 6394384.5864, 40.0246, 1001.6874, 92.1910
143437.5088, 6394382.4528, 35.3700, 232.7467, 266.5383
143447.8559, 6394376.0800, 37.1841, 1058.2571, 133.0975
143442.2848, 6394402.9457, 36.9414, 263.8886, 281.0599
143439.4889, 6394395.9724, 35.8585, 208.3902, 298.8117
143441.5672, 6394372.9976, 34.1365, 802.9974, 324.1450
143441.7461, 6394372.8983, 34.1482, 822.6000, 323.0243
143435.2858, 6394385.0089, 35.6663, 59.5151, 255.3957
143435.2858, 6394385.0089, 35.6663, 59.5151, 255.3957
143436.1426, 6394379.0041, 34.9895, 174.6895, 268.0688
143437.4332, 6394382.4956, 35.0527, 227.3396, 287.7054
143438.6987, 6394385.9866, 35.0604, 263.2310, 304.7149
143436.0915, 6394375.4672, 33.7963, 224.7077, 354.4981
143440.9473, 6394399.9513, 35.3019, 238.0204, 331.2732
143442.6722, 6394397.9508, 33.9404, 320.0887, 381.1869
143442.8583, 6394401.0286, 35.3265, 299.3405, 333.9352
143444.9583, 6394401.9635, 35.3821, 362.9828, 335.2596
143445.3079, 6394403.4518, 35.5725, 360.8235, 331.4497
143444.9583, 6394401.9635, 35.3821, 362.9828, 335.2596
143441.4669, 6394373.0111, 33.7604, 793.9233, 359.9804
143447.1408, 6394405.9528, 34.5143, 395.1682, 368.8762
143445.0624, 6394400.9490, 34.3144, 376.3572, 370.7411
143441.4203, 6394373.0106, 33.6341, 790.0906, 372.0062
143444.4065, 6394399.9487, 34.1879, 363.6727, 374.1369
143447.4954, 6394390.6192, 34.7469, 603.2448, 343.7478
143447.0253, 6394405.4308, 33.9778, 396.5478, 385.0374
143447.3893, 6394399.9937, 35.0704, 463.5021, 345.0743
143447.5395, 6394373.5252, 36.9624, 1182.4430, 114.0977
143447.8116, 6394378.0632, 36.8263, 965.1331, 177.9877
143434.9688, 6394376.5283, 35.1056, 95.9477, 231.8627
143447.0253, 6394405.4308, 33.9778, 396.5478, 385.0374
143441.7280, 6394372.8892, 33.4294, 821.0414, 391.6931
143436.0654, 6394387.4857, 34.8439, 95.7259, 317.2104
143447.6674, 6394391.1103, 34.6881, 601.0356, 347.2114
143441.4797, 6394373.0026, 33.8964, 795.5024, 346.9583
143445.3499, 6394394.0247, 33.5888, 466.6572, 394.0423
143444.2814, 6394399.4649, 33.4144, 364.2417, 401.5501
143440.3340, 6394373.4974, 32.8162, 676.3431, 449.9727
143440.3340, 6394373.4974, 32.8162, 676.3431, 449.9727
143446.9849, 6394405.4240, 33.1931, 395.5533, 409.2610
143441.2817, 6394372.9798, 33.0821, 780.0121, 424.8367
143439.0151, 6394374.0161, 32.5283, 540.6463, 477.7191
143441.7680, 6394372.8911, 33.7584, 824.4103, 360.3358
143441.7680, 6394372.8911, 33.7584, 824.4103, 360.3358
143456.1616, 6394385.5834, 42.2981, 1045.4675, 8.2206
143457.6891, 6394388.9911, 43.3116, 998.0311, 8.6377
143455.1185, 6394382.9695, 41.3492, 1094.3865, 17.0411
143455.1185, 6394382.9695, 41.3492, 1094.3865, 17.0411
143448.2240, 6394373.5426, 37.8453, 1221.7542, 49.4301
143439.0091, 6394379.0705, 37.8261, 394.1075, 64.5156
143447.5139, 6394373.2072, 37.1419, 1201.4457, 94.5341
143439.6347, 6394379.5278, 37.5588, 428.4401, 96.0638
143440.2041, 6394381.5642, 37.8399, 422.1985, 106.9283
143439.6723, 6394382.5020, 37.8955, 370.9927, 111.2555
143447.9035, 6394374.9712, 37.2099, 1118.7203, 117.5783
143448.8658, 6394378.6626, 37.8686, 993.6808, 122.9970
143447.5772, 6394374.1088, 36.7306, 1148.8230, 140.6606
143449.4470, 6394380.1612, 37.7806, 962.1215, 146.5197
143448.3764, 6394378.5748, 37.3817, 972.8624, 150.0613
143447.5337, 6394374.1915, 36.5908, 1141.2853, 152.2935
143447.5337, 6394374.1915, 36.5908, 1141.2853, 152.2935
143441.6404, 6394384.0235, 37.5865, 458.0642, 156.3509
143434.5031, 6394382.4878, 36.7181, 13.6232, 160.8350
143447.5705, 6394375.6170, 36.6363, 1065.4497, 165.4470
143447.5705, 6394375.6170, 36.6363, 1065.4497, 165.4470
143434.7864, 6394383.4885, 36.7848, 30.5787, 168.1373
143443.3624, 6394387.5039, 37.9518, 481.9584, 171.9901
143443.3624, 6394387.5039, 37.9518, 481.9584, 171.9901
143435.6542, 6394385.9825, 36.6504, 77.2783, 202.5264
143448.7288, 6394379.3528, 36.4710, 958.2083, 214.7257
143439.0092, 6394394.9768, 37.5547, 193.8252, 221.9812
143455.3324, 6394382.9683, 41.6015, 1102.4259, 5.9550
143449.8225, 6394377.0671, 39.3323, 1112.8396, 14.3204
143448.9741, 6394374.9878, 38.6130, 1177.2769, 22.6785
143455.4614, 6394384.6673, 41.6366, 1049.6777, 24.5073
143450.1992, 6394401.0946, 37.8598, 538.2922, 256.8976
143436.1258, 6394386.9837, 35.8486, 101.5074, 257.9147
143436.8289, 6394380.4704, 35.2030, 209.9652, 263.8853
143457.7704, 6394389.6039, 43.0250, 984.3008, 26.3591
143437.5824, 6394390.9851, 35.8344, 155.6311, 280.2449
143457.6460, 6394389.7057, 43.0258, 977.8461, 26.6835
143457.6183, 6394389.6247, 42.8364, 978.9722, 33.3197
143457.3823, 6394389.5797, 42.5529, 972.6583, 43.1031
143456.8140, 6394389.6262, 41.7510, 953.2741, 73.0161
143440.4242, 6394390.4436, 35.3283, 301.3724, 308.1601
143456.2980, 6394389.1008, 41.2278, 950.0227, 87.7239
143440.2454, 6394379.0550, 37.5146, 481.9880, 97.0758
143440.9063, 6394381.0395, 37.8849, 477.4915, 101.9100
143440.9063, 6394381.0395, 37.8849, 477.4915, 101.9100
143441.0056, 6394381.0013, 37.8911, 484.5483, 101.6525
143449.5277, 6394396.6191, 35.9571, 577.9249, 309.9056
143441.0056, 6394381.0013, 37.8911, 484.5483, 101.6525
143449.2015, 6394378.6586, 38.2310, 1010.3768, 102.2758
143439.8994, 6394382.0394, 37.8798, 393.6918, 108.1693
143439.6931, 6394382.0537, 37.8498, 380.4426, 109.0336
143439.6931, 6394382.0537, 37.8498, 380.4426, 109.0336
143439.4640, 6394382.4827, 37.8752, 358.2990, 111.0831
143449.5277, 6394396.6191, 35.9571, 577.9249, 309.9056
143439.4640, 6394382.4827, 37.8752, 358.2990, 111.0831
143439.2047, 6394381.9861, 37.7500, 350.4719, 111.7836
143439.2047, 6394381.9861, 37.7500, 350.4719, 111.7836
143447.8634, 6394375.1525, 37.3161, 1106.8083, 111.8395
143441.7958, 6394401.9687, 35.8488, 254.2433, 316.1340
143449.3475, 6394379.0611, 38.1377, 1000.6829, 113.4509
143434.9684, 6394384.4932, 34.5788, 41.6969, 321.4911
143447.7773, 6394375.1577, 37.2196, 1101.6733, 118.4585
143448.0138, 6394375.9727, 37.3532, 1072.2651, 120.7778
143437.4282, 6394384.5391, 37.8728, 201.1086, 122.6715
143443.4496, 6394398.4290, 35.4211, 343.9361, 326.5932
143455.5669, 6394389.5492, 40.3633, 914.6818, 123.3883
143447.9889, 6394375.9373, 37.2594, 1072.6055, 126.8494
143455.4160, 6394389.5263, 40.1482, 910.2424, 131.4110
143447.7279, 6394374.9690, 37.0129, 1108.8865, 131.0666
143453.8931, 6394385.6216, 39.2278, 962.7893, 137.1622
143454.6656, 6394388.5271, 39.7096, 910.3028, 139.9696
143448.2807, 6394378.0922, 37.4540, 988.2769, 139.9594
143444.1297, 6394400.9885, 34.9137, 344.1025, 349.4120
143441.3888, 6394383.5403, 37.6017, 453.4205, 149.7812
143453.3058, 6394385.4449, 38.8778, 946.3895, 149.7346
143448.1528, 6394378.0641, 37.2283, 982.8132, 153.5842
143442.6415, 6394399.9886, 34.7208, 300.5145, 354.0359
143454.0446, 6394388.1067, 39.1923, 899.6882, 156.8968
143447.7617, 6394374.5042, 36.6021, 1136.0906, 156.5748
143447.7617, 6394374.5042, 36.6021, 1136.0906, 156.5748
143442.6415, 6394399.9886, 34.7208, 300.5145, 354.0359
143452.8529, 6394385.3928, 38.4721, 930.9108, 166.6061
143447.5789, 6394376.6302, 36.7512, 1016.3958, 167.9815
143443.0572, 6394388.0946, 37.6446, 457.6253, 190.4309
143447.6651, 6394377.5354, 36.5605, 979.8639, 190.0315
143444.4306, 6394387.5771, 37.6543, 530.2910, 191.2410
143444.4306, 6394387.5771, 37.6543, 530.2910, 191.2410
143443.3503, 6394397.9997, 34.2585, 344.8403, 369.5130
143443.3503, 6394397.9997, 34.2585, 344.8403, 369.5130
143441.4835, 6394373.0004, 33.5061, 795.6315, 384.2949
143442.1665, 6394397.9936, 33.8088, 300.6012, 386.0288
143442.1665, 6394397.9936, 33.8088, 300.6012, 386.0288
143446.2466, 6394393.9768, 33.7905, 501.2309, 386.1890
143445.0420, 6394395.0474, 33.6551, 441.4612, 391.6509
143443.4611, 6394398.4437, 33.5420, 344.7861, 396.5782
143448.9399, 6394409.4801, 33.0963, 415.3728, 411.8637
143450.2529, 6394404.4145, 33.1136, 501.2397, 411.9100
143439.5217, 6394379.0256, 33.1100, 433.7623, 418.0622
143444.0788, 6394385.5997, 33.0515, 552.6351, 418.3409
143436.3154, 6394387.4621, 36.9722, 108.7968, 197.3090
143444.0788, 6394385.5997, 33.0515, 552.6351, 418.3409
143439.0767, 6394376.9919, 33.0880, 451.7430, 421.1228
143441.4152, 6394372.9940, 33.1401, 790.1675, 419.2375
143441.4152, 6394372.9940, 33.1401, 790.1675, 419.2375
143438.7785, 6394374.0254, 32.4396, 519.0958, 486.7090
143438.8446, 6394374.4664, 32.4116, 509.4900, 487.1203
143448.4587, 6394380.6771, 36.6199, 896.6617, 214.2223
143448.4587, 6394380.6771, 36.6199, 896.6617, 214.2223
143448.4465, 6394379.4265, 36.3900, 941.7128, 219.1203
143448.4465, 6394379.4265, 36.3900, 941.7128, 219.1203
143447.0199, 6394395.0499, 37.9672, 513.9384, 224.8316
143455.6250, 6394384.6183, 41.8849, 1057.1904, 13.3455
143447.4635, 6394396.5420, 38.0226, 508.9139, 230.0130
143456.0950, 6394385.6103, 42.0865, 1042.2163, 17.6530
143455.4931, 6394385.6380, 41.3021, 1020.1568, 50.0846
143448.2934, 6394376.0092, 37.7461, 1085.7474, 95.2974
143447.4635, 6394396.5420, 38.0226, 508.9139, 230.0130
143449.2684, 6394382.1609, 36.4851, 883.5759, 233.8873
143448.8501, 6394401.5213, 37.9423, 491.8287, 253.2937
143450.0123, 6394401.4788, 37.8849, 527.8748, 256.9406
143450.0123, 6394401.4788, 37.8849, 527.8748, 256.9406
143449.9544, 6394401.5565, 37.7294, 525.1836, 262.1685
143450.1952, 6394401.5468, 37.7442, 532.5605, 262.0288
143454.6353, 6394409.9857, 37.9263, 557.0002, 283.0199
143446.8061, 6394414.4462, 37.0105, 320.2604, 307.9092
143448.2956, 6394417.9390, 36.9987, 335.4998, 314.7123
143441.7663, 6394372.8859, 34.2097, 824.9345, 317.1232
143457.2298, 6394386.9864, 42.7714, 1039.0352, 8.3513
143449.0758, 6394375.5704, 38.7989, 1150.8212, 20.0921
143448.7299, 6394374.6477, 38.4882, 1183.5819, 23.8102
143457.1986, 6394389.0764, 42.4425, 979.9279, 42.1751
143448.6250, 6394375.0036, 38.2626, 1157.4333, 45.6448
143448.9294, 6394375.9563, 38.4803, 1122.5244, 47.6121
143446.0158, 6394403.4284, 35.4057, 383.6188, 337.4436
143448.4078, 6394375.0820, 38.1309, 1141.2975, 54.8040
143456.3441, 6394387.1318, 41.5588, 1005.0599, 57.2027
143442.9575, 6394399.9521, 35.0797, 312.1079, 341.2115
143456.6754, 6394389.6270, 41.5753, 948.7974, 79.4728
143456.6754, 6394389.6270, 41.5753, 948.7974, 79.4728
143447.4096, 6394372.6655, 37.2149, 1231.3169, 78.7200
143447.4096, 6394372.6655, 37.2149, 1231.3169, 78.7200
143441.6280, 6394372.9649, 33.9529, 809.4529, 341.7201
143435.1670, 6394376.4783, 33.9187, 118.1088, 344.4339
143457.1540, 6394390.5626, 41.7843, 940.6069, 80.5885
143456.5550, 6394389.6855, 41.3846, 943.4200, 87.0780
143439.9033, 6394379.5348, 37.5772, 446.8013, 96.7384
143444.9093, 6394384.1150, 34.0092, 625.5676, 367.0031
143455.0028, 6394388.5476, 40.1542, 921.3112, 122.7072
143444.9093, 6394384.1150, 34.0092, 625.5676, 367.0031
143455.0028, 6394388.5476, 40.1542, 921.3112, 122.7072
143445.7492, 6394396.5490, 34.2169, 448.5980, 371.1071
143454.2076, 6394386.0313, 39.5877, 962.3058, 125.1864
143447.6094, 6394374.6602, 36.5822, 1118.7524, 158.9881
143447.7171, 6394376.0315, 36.5486, 1052.4392, 176.8592
143457.2507, 6394386.9759, 42.7490, 1040.0022, 9.3079
143442.5047, 6394389.0256, 37.6675, 417.1693, 193.5143
143445.7492, 6394396.5490, 34.2169, 448.5980, 371.1071
143447.8703, 6394378.6159, 36.5462, 945.2059, 201.0299
143455.8095, 6394385.1218, 42.0167, 1047.6161, 13.9179
143449.1850, 6394375.6214, 38.9123, 1153.8641, 13.8568
143448.2473, 6394379.5766, 36.4286, 926.3920, 217.1031
143449.7156, 6394377.1694, 39.3338, 1102.7567, 14.9798
143448.6631, 6394374.6850, 38.4353, 1177.7755, 27.8133
143446.3505, 6394394.4847, 34.0271, 497.8418, 377.1387
143448.8426, 6394374.9523, 38.4468, 1172.1167, 33.1038
143454.8042, 6394383.5972, 41.1158, 1061.0516, 33.7429
143445.9098, 6394395.5059, 34.0149, 467.7379, 378.1294
143441.6417, 6394372.9576, 33.5739, 810.6373, 377.9186
143441.6417, 6394372.9576, 33.5739, 810.6373, 377.9186
143441.5853, 6394372.9748, 33.5383, 805.1843, 381.2858
143447.5748, 6394396.0694, 37.9844, 519.3073, 229.7490
143457.0110, 6394388.6238, 42.3399, 985.9359, 41.3483
143454.7785, 6394383.5383, 40.9312, 1061.9615, 41.8867
143449.0848, 6394410.4141, 33.9438, 411.1886, 388.3268
143441.5231, 6394372.9852, 33.4667, 799.5856, 388.0799
143441.5231, 6394372.9852, 33.4667, 799.5856, 388.0799
143448.1343, 6394396.9717, 37.8513, 526.1325, 239.4602
143457.3820, 6394389.5798, 42.5534, 972.6472, 43.0834
143457.9901, 6394390.5136, 42.8144, 967.8361, 43.7438
143448.1343, 6394396.9717, 37.8513, 526.1325, 239.4602
143454.6754, 6394383.5444, 40.8509, 1057.9238, 45.2776
143451.4950, 6394385.0531, 36.6060, 887.9911, 248.8599
143457.2734, 6394389.6291, 42.3720, 967.9092, 50.2524
143456.5517, 6394387.4418, 41.7849, 1003.2402, 51.4074
143448.8213, 6394375.9872, 38.3913, 1115.2461, 53.4785
143457.1915, 6394389.6488, 42.2240, 964.7727, 55.9531
143457.2742, 6394390.0457, 42.0428, 957.2125, 66.8208
143456.6778, 6394389.1389, 41.7522, 961.4524, 68.3330
143457.0134, 6394390.1227, 41.8435, 947.1076, 74.2106
143442.6740, 6394377.5919, 37.5647, 688.2919, 90.2533
143441.5319, 6394373.0020, 36.5443, 801.7870, 91.4901
143452.8051, 6394387.5097, 36.6547, 870.3055, 260.1787
143456.5714, 6394414.1113, 38.0447, 560.7585, 289.8417
143453.2497, 6394405.5430, 36.8753, 570.9710, 302.1976
143445.9922, 6394412.4474, 37.0159, 311.5979, 303.6430
143435.0091, 6394384.4909, 34.5324, 44.5814, 324.5473
143447.9959, 6394392.0380, 35.0421, 597.1863, 334.3066
143447.9959, 6394392.0380, 35.0421, 597.1863, 334.3066
143447.4938, 6394406.9240, 35.2355, 396.7433, 348.0979
143441.6333, 6394372.9736, 33.8562, 809.3417, 351.0035
143444.6786, 6394400.9396, 34.6972, 363.3703, 357.2614
143445.1857, 6394401.4826, 34.5452, 375.2747, 363.3241
143445.7241, 6394397.5630, 34.4037, 435.4374, 365.0056
143445.7241, 6394397.5630, 34.4037, 435.4374, 365.0056
143441.7067, 6394372.9355, 33.6924, 817.0913, 366.6473
143445.7534, 6394396.5477, 34.2114, 448.7658, 371.3172
143445.7534, 6394396.5477, 34.2114, 448.7658, 371.3172
143444.4951, 6394383.0435, 33.8754, 631.0129, 372.7600
143441.6384, 6394372.9612, 33.5851, 810.1944, 376.8491
143445.2131, 6394396.0298, 33.8653, 435.5215, 383.9432
143445.2131, 6394396.0298, 33.8653, 435.5215, 383.9432
143445.3681, 6394397.5421, 33.8177, 423.1549, 386.5470
143445.0941, 6394396.0445, 33.7267, 430.9772, 389.2532
143445.0941, 6394396.0445, 33.7267, 430.9772, 389.2532
143441.4209, 6394373.0009, 33.3824, 790.4544, 396.0780
143441.6222, 6394372.9609, 33.3057, 808.6855, 403.4691
143445.8824, 6394393.4562, 33.3335, 495.0232, 404.3884
143445.8824, 6394393.4562, 33.3335, 495.0232, 404.3884
143440.2466, 6394373.5506, 33.2849, 666.7304, 405.1001
143440.2466, 6394373.5506, 33.2849, 666.7304, 405.1001
143443.5986, 6394384.1059, 33.2258, 560.5462, 409.3491
143443.5986, 6394384.1059, 33.2258, 560.5462, 409.3491
143444.9360, 6394388.1120, 32.9097, 543.3568, 424.1438
143444.9360, 6394388.1120, 32.9097, 543.3568, 424.1438
143438.7253, 6394375.4388, 33.0418, 467.5544, 426.6181
143442.2886, 6394383.9955, 32.8108, 494.7053, 432.8145
143441.4364, 6394379.4396, 32.7380, 551.2823, 443.3627
143438.8697, 6394374.0420, 32.5161, 526.6991, 479.0550
143438.8459, 6394374.0305, 32.3421, 524.9997, 495.9409
