143442.4450, 6394377.9458, 37.7631, 661.9387, 67.5693
143442.4450, 6394377.9458, 37.7631, 661.9387, 67.5693
143437.6205, 6394383.5364, 37.8755, 212.9661, 99.7309
143442.1531, 6394377.9291, 37.7175, 643.0139, 68.1987
143441.9599, 6394378.0280, 37.7118, 626.6477, 68.4872
143437.0423, 6394384.0250, 37.8912, 168.5706, 100.6920
143441.9599, 6394378.0280, 37.7118, 626.6477, 68.4872
143446.5256, 6394391.5794, 33.6240, 542.0927, 391.1844
143441.6261, 6394373.5395, 33.3870, 784.1406, 392.1581
143442.0174, 6394377.9990, 37.7140, 631.5016, 68.3693
143445.4285, 6394378.4296, 33.4125, 822.5320, 396.8576
143440.4658, 6394374.0423, 33.3014, 664.0903, 399.0953
143441.8837, 6394373.3900, 33.2918, 812.4869, 401.4923
143441.8499, 6394373.4127, 33.2544, 808.5253, 405.0253
143440.4662, 6394374.0095, 33.2038, 665.4987, 408.4495
143440.5149, 6394374.0087, 33.2021, 669.6467, 408.6512
143441.6407, 6394373.5300, 33.1867, 785.5322, 411.2592
143440.6573, 6394373.9739, 33.1234, 683.1139, 416.3077
143442.0174, 6394377.9990, 37.7140, 631.5016, 68.3693
143436.9423, 6394384.0438, 37.8730, 161.6308, 101.4214
143440.9900, 6394376.6166, 33.0958, 603.4099, 417.2238
143458.2869, 6394390.5486, 43.0808, 976.8589, 33.6386
143440.9900, 6394376.6166, 33.0958, 603.4099, 417.2238
143441.2262, 6394378.4960, 37.6427, 561.6465, 74.6423
143440.9900, 6394376.6166, 33.0958, 603.4099, 417.2238
143440.9900, 6394376.6166, 33.0958, 603.4099, 417.2238
143440.7998, 6394373.9362, 33.0630, 696.6813, 422.1838
143440.7998, 6394373.9362, 33.0630, 696.6813, 422.1838
143437.4048, 6394384.0343, 37.9113, 192.7240, 101.9925
143440.4013, 6394379.0150, 37.5942, 489.4936, 79.1796
143441.9385, 6394379.6193, 32.9607, 573.2097, 425.4597
143440.5017, 6394378.9976, 37.6052, 496.9981, 78.9366
143437.4048, 6394384.0343, 37.9113, 192.7240, 101.9925
143443.5057, 6394384.1055, 32.9011, 549.8130, 425.9561
143439.0811, 6394379.5644, 37.5316, 381.5166, 81.0209
143442.2711, 6394380.6099, 32.8798, 566.3229, 430.0613
143441.2236, 6394374.0881, 32.9407, 724.1334, 433.6393
143441.2236, 6394374.0881, 32.9407, 724.1334, 433.6393
143439.4955, 6394374.4935, 32.4164, 561.0595, 482.8011
143439.1828, 6394374.5263, 32.4137, 532.1839, 483.3226
143439.2955, 6394374.5168, 32.3769, 542.5267, 486.7402
143448.6924, 6394376.5834, 37.9672, 1087.6360, 84.1970
143440.4335, 6394373.9966, 32.3517, 662.4535, 490.0387
143440.4775, 6394373.9683, 32.2866, 667.3806, 496.3399
143439.2384, 6394374.5131, 32.2656, 537.5402, 497.5300
143458.2200, 6394390.5714, 42.9826, 974.1796, 37.3401
143441.5259, 6394373.5066, 36.7948, 782.4416, 61.9326
143448.5993, 6394376.6169, 37.8823, 1080.9731, 89.8725
143441.4530, 6394378.4653, 37.7517, 578.1794, 67.8720
143453.6181, 6394384.1117, 39.6159, 1002.1509, 102.8028
143441.5179, 6394378.4674, 37.7609, 582.5376, 67.7787
143438.1053, 6394382.5642, 37.8680, 258.6992, 91.3241
143442.4957, 6394376.6366, 37.4861, 713.8239, 68.5142
143437.7873, 6394383.0336, 37.8775, 230.5918, 94.4460
143440.7878, 6394378.5377, 37.5835, 529.9335, 76.0097
143438.0996, 6394381.5587, 37.6055, 273.5697, 96.1698
143439.3104, 6394379.5385, 37.5602, 398.7843, 80.4076
143453.6181, 6394384.1117, 39.6159, 1002.1509, 102.8028
143438.7235, 6394381.0203, 37.6482, 326.7140, 90.5722
143437.1533, 6394384.0271, 37.9077, 176.0088, 100.4040
143440.3047, 6394381.5220, 37.8933, 423.1204, 92.1879
143437.1826, 6394384.0440, 37.8616, 177.8141, 103.8259
143437.2317, 6394384.0260, 37.9130, 181.2752, 100.5866
143437.1826, 6394384.0440, 37.8616, 177.8141, 103.8259
143434.6638, 6394383.4885, 37.4718, 2.3372, 105.4634
143434.7185, 6394383.4767, 37.4407, 6.5662, 107.9002
143448.9838, 6394378.6278, 37.9439, 1007.0855, 113.4708
143437.0063, 6394384.5498, 37.8492, 160.8974, 109.4468
143436.5992, 6394385.0426, 37.8926, 129.4232, 109.7148
143441.8326, 6394383.4588, 37.8330, 474.4390, 128.6458
143436.1141, 6394385.4983, 37.9113, 93.7565, 110.6004
143434.8807, 6394383.9854, 37.4732, 16.5352, 113.1949
143454.4593, 6394388.0716, 39.5913, 915.3437, 139.4788
143435.8821, 6394385.4930, 37.8497, 78.3753, 112.9363
143454.7997, 6394382.6229, 41.1204, 1099.8671, 19.2601
143436.2370, 6394385.4815, 37.8758, 102.0271, 113.4381
143436.1109, 6394386.9992, 37.5503, 83.7786, 148.2147
143454.7997, 6394382.6229, 41.1204, 1099.8671, 19.2601
143436.2370, 6394385.4815, 37.8758, 102.0271, 113.4381
143449.1803, 6394376.1072, 38.7672, 1138.9052, 24.8054
143434.9764, 6394384.0205, 37.4366, 23.4541, 116.7989
143448.2309, 6394373.5719, 37.8807, 1236.2648, 38.8997
143454.0984, 6394388.1495, 39.3069, 900.5906, 150.8765
143448.4593, 6394375.6631, 38.1302, 1123.9149, 57.1064
143449.2175, 6394379.0618, 38.0385, 1000.1624, 113.9005
143435.8202, 6394385.5031, 37.7826, 74.2052, 116.8967
143449.2779, 6394379.1332, 38.0912, 1000.1491, 111.7978
143436.4118, 6394385.4895, 37.8713, 113.4661, 114.9200
143441.5807, 6394383.4844, 37.7177, 459.4896, 134.4666
143436.5254, 6394387.9873, 37.5709, 102.7644, 158.0774
143435.8202, 6394385.5031, 37.7826, 74.2052, 116.8967
143435.5336, 6394385.5000, 37.7677, 54.9096, 115.9773
143441.6875, 6394384.0312, 37.5911, 454.4504, 148.0715
143435.1790, 6394384.5103, 37.5117, 35.6851, 118.9384
143435.3307, 6394385.0019, 37.5806, 43.7965, 121.0679
143435.3011, 6394385.0168, 36.5996, 42.3192, 184.8604
143436.8723, 6394388.9819, 37.6065, 116.3026, 166.0658
143441.5522, 6394373.5251, 35.7162, 782.1214, 167.6728
143441.5522, 6394373.5251, 35.7162, 782.1214, 167.6728
143435.1159, 6394384.4832, 37.4656, 31.3406, 121.2778
143448.4883, 6394378.1003, 37.6697, 1005.0581, 121.9780
143448.8489, 6394380.5861, 37.0777, 921.6363, 184.8369
143435.1159, 6394384.4832, 37.4656, 31.3406, 121.2778
143447.6452, 6394377.5471, 36.5897, 984.6279, 183.4756
143454.2072, 6394386.0324, 39.5839, 963.8379, 123.4707
143448.7577, 6394378.6327, 37.7624, 995.5161, 123.6822
143447.7597, 6394375.0292, 37.0345, 1118.8167, 124.1578
143436.8947, 6394388.9886, 37.5446, 117.5666, 169.6034
143447.7158, 6394375.5975, 37.0877, 1085.1453, 127.1760
143447.7067, 6394375.6212, 37.0317, 1083.2682, 131.5739
143443.1224, 6394377.9462, 36.4715, 704.9485, 169.4491
143447.6452, 6394377.5471, 36.5897, 984.6279, 183.4756
143443.1224, 6394377.9462, 36.4715, 704.9485, 169.4491
143447.7158, 6394375.5975, 37.0877, 1085.1453, 127.1760
143447.7067, 6394375.6212, 37.0317, 1083.2682, 131.5739
143443.1511, 6394377.9297, 36.4718, 707.3847, 169.4337
143447.7677, 6394375.5560, 37.0586, 1090.1926, 129.1908
143443.1511, 6394377.9297, 36.4718, 707.3847, 169.4337
143447.6941, 6394375.5404, 37.0017, 1086.8608, 132.7065
143447.5904, 6394377.6264, 36.4150, 977.9253, 195.7916
143447.7084, 6394375.4604, 36.9327, 1091.8574, 136.9693
143441.2929, 6394383.5135, 37.7785, 442.3121, 129.3477
143447.7084, 6394375.4604, 36.9327, 1091.8574, 136.9693
143435.2181, 6394384.4848, 35.8288, 39.7876, 230.7618
143447.7627, 6394375.4659, 37.0322, 1094.7467, 129.9892
143447.5054, 6394373.6461, 36.6642, 1186.9742, 132.8867
143447.5054, 6394373.6461, 36.6642, 1186.9742, 132.8867
143441.2774, 6394383.5483, 37.6268, 440.6903, 138.9184
143435.2181, 6394384.4848, 35.8288, 39.7876, 230.7618
143445.1894, 6394387.0893, 37.9295, 569.8718, 171.6009
143447.5994, 6394375.5717, 36.9069, 1079.7517, 139.4942
143447.5994, 6394375.5717, 36.9069, 1079.7517, 139.4942
143444.6069, 6394383.1159, 37.3083, 632.8606, 171.6859
143447.6346, 6394375.5501, 36.8617, 1082.7838, 142.8502
143453.2928, 6394385.4158, 39.0408, 948.4233, 139.8313
143444.6069, 6394383.1159, 37.3083, 632.8606, 171.6859
143454.2747, 6394388.0857, 39.4560, 908.4968, 144.6828
143447.5728, 6394375.6192, 36.8186, 1075.5762, 146.4649
143445.5185, 6394387.0889, 37.9205, 584.9039, 173.4411
143436.2187, 6394387.5046, 37.5600, 87.2970, 152.8733
143447.5728, 6394375.6192, 36.8186, 1075.5762, 146.4649
143447.5354, 6394374.2070, 36.5452, 1153.3549, 150.0732
143447.6266, 6394375.5476, 36.7191, 1082.2119, 153.4062
143449.9534, 6394400.5349, 38.0526, 531.4387, 246.4497
143437.1615, 6394389.9969, 37.6299, 125.5122, 173.9824
143436.2975, 6394387.5050, 37.5235, 92.1528, 155.4079
143443.0020, 6394388.0912, 37.7917, 448.4488, 176.6168
143436.2998, 6394387.5050, 37.5215, 92.2950, 155.5372
143436.2975, 6394387.5050, 37.5235, 92.1528, 155.4079
143447.5191, 6394375.6733, 36.6120, 1069.3461, 162.0941
143436.4898, 6394387.9865, 37.6023, 100.6231, 156.1038
143447.5995, 6394376.6118, 36.7620, 1026.3101, 161.9021
143437.5807, 6394390.5430, 37.5987, 144.3153, 181.3601
143449.9534, 6394400.5349, 38.0526, 531.4387, 246.4497
143454.1614, 6394388.5786, 39.0843, 891.4145, 163.5001
143447.7247, 6394375.4969, 36.5300, 1090.0444, 167.5691
143441.2943, 6394389.0458, 37.6037, 350.7404, 185.8403
143447.7960, 6394377.5108, 36.8508, 994.6026, 166.1793
143441.8464, 6394389.0264, 37.6368, 378.0504, 186.2467
143441.8464, 6394389.0264, 37.6368, 378.0504, 186.2467
143437.0264, 6394389.4822, 37.6506, 121.5627, 168.3501
143442.3456, 6394388.5354, 37.6135, 409.6122, 186.0764
143447.8108, 6394375.4175, 36.5053, 1099.0641, 169.0911
143449.9534, 6394400.5349, 38.0526, 531.4387, 246.4497
143447.8096, 6394378.0555, 36.8694, 971.1458, 170.3528
143441.2676, 6394389.5451, 37.6548, 342.7050, 186.5499
143447.7279, 6394377.4499, 36.7155, 993.5868, 174.4205
143442.3464, 6394389.0080, 37.6675, 402.4219, 186.5667
143442.2974, 6394389.0245, 37.6603, 399.8297, 186.8424
143441.2922, 6394390.0757, 37.6683, 336.9705, 189.4870
143441.2922, 6394390.0757, 37.6683, 336.9705, 189.4870
143449.9534, 6394400.5349, 38.0526, 531.4387, 246.4497
143439.1710, 6394394.9632, 35.8786, 189.6477, 289.2726
143438.8202, 6394385.9510, 35.1981, 258.8434, 290.4242
143438.8202, 6394385.9510, 35.1981, 258.8434, 290.4242
143440.2929, 6394398.4591, 35.6080, 211.5384, 311.8665
143440.2929, 6394398.4591, 35.6080, 211.5384, 311.8665
143444.3711, 6394387.5662, 37.9381, 522.6079, 171.1672
143437.5224, 6394390.5277, 37.6451, 141.2978, 178.6248
143442.2431, 6394388.5043, 37.7093, 405.1264, 180.5872
143442.4628, 6394388.4843, 37.6976, 416.0848, 181.9401
143441.9041, 6394373.3872, 34.1339, 815.5042, 321.0347
143442.4628, 6394388.4843, 37.6976, 416.0848, 181.9401
143442.3449, 6394388.5018, 37.6813, 410.1043, 182.4056
143437.3761, 6394390.4795, 37.6894, 133.7840, 175.3760
143447.4838, 6394377.6569, 36.7015, 971.3147, 175.9978
143442.3449, 6394388.5018, 37.6813, 410.1043, 182.4056
143440.3499, 6394393.5428, 37.9547, 254.5128, 194.0044
143443.1228, 6394388.0492, 37.7942, 454.9494, 176.6942
143447.7839, 6394375.9880, 36.4642, 1067.1954, 177.9431
143445.9986, 6394386.6209, 34.5352, 615.2230, 343.0081
143442.3416, 6394388.4900, 37.7616, 410.1350, 178.2389
143437.9991, 6394391.9657, 37.7374, 155.5493, 185.7974
143442.5024, 6394388.4863, 37.7681, 417.9735, 178.5483
143445.9415, 6394397.4960, 34.5684, 435.4623, 357.3383
143437.3970, 6394390.4877, 37.6150, 134.8801, 179.3608
143443.0056, 6394388.0996, 37.7336, 448.4756, 179.6462
143448.1022, 6394407.9328, 34.2830, 396.2337, 376.5089
143442.0731, 6394397.9960, 33.8916, 285.9420, 380.3110
143437.4825, 6394390.5415, 37.5857, 139.0891, 181.6073
143442.7445, 6394388.4932, 37.7022, 429.4919, 182.9144
143443.3832, 6394398.4638, 33.6215, 331.3788, 391.6901
143445.4266, 6394378.4328, 33.3079, 822.1913, 403.9590
143442.8678, 6394384.4752, 32.7945, 508.3812, 431.5508
143437.6355, 6394390.9870, 37.6101, 143.9769, 184.0970
143442.0130, 6394388.5480, 37.6148, 393.2331, 184.7549
143447.5126, 6394377.6661, 36.5429, 972.2121, 187.0437
143436.1521, 6394386.9720, 36.9006, 86.8815, 186.7501
143440.0138, 6394394.4791, 37.9416, 230.9029, 198.8122
143440.0138, 6394394.4791, 37.9416, 230.9029, 198.8122
143453.3098, 6394388.4813, 37.9136, 863.4075, 210.3312
143445.7385, 6394392.4875, 37.7782, 497.0648, 213.4893
143451.8725, 6394386.6307, 37.4566, 859.1164, 216.4421
143440.8364, 6394399.4860, 37.9461, 225.0968, 225.4590
143441.0650, 6394399.5068, 37.7519, 233.8527, 233.5623
143442.3973, 6394376.6389, 35.4189, 704.9748, 233.6160
143442.3973, 6394376.6389, 35.4189, 704.9748, 233.6160
143442.4193, 6394376.6268, 35.4194, 706.9683, 233.5890
143442.4193, 6394376.6268, 35.4194, 706.9683, 233.5890
143441.1336, 6394399.5120, 37.7169, 236.4722, 235.0921
143443.0894, 6394379.1213, 35.7074, 661.9919, 234.9170
143443.3985, 6394380.1307, 35.8232, 649.0052, 235.5724
143446.1779, 6394387.6121, 36.7467, 602.9487, 237.3261
143441.9991, 6394402.4674, 37.9206, 246.4995, 240.8026
143445.0205, 6394403.4955, 37.8544, 341.5216, 252.8019
143445.0205, 6394403.4955, 37.8544, 341.5216, 252.8019
143452.5655, 6394405.4813, 37.8381, 546.6660, 272.0439
143439.9897, 6394393.5432, 37.9058, 238.1285, 194.9651
143438.4999, 6394393.4708, 37.7426, 169.1219, 196.8162
143454.9728, 6394409.9948, 37.8398, 558.3961, 285.4134
143438.4999, 6394393.4708, 37.7426, 169.1219, 196.8162
143453.7802, 6394415.0073, 38.1374, 480.6955, 285.7930
143439.9312, 6394394.4855, 37.9309, 227.1571, 199.0423
143439.9609, 6394380.5274, 34.8866, 421.6398, 289.0789
143441.9205, 6394373.3729, 34.4005, 817.9804, 295.4399
143441.9205, 6394373.3729, 34.4005, 817.9804, 295.4399
143440.6135, 6394394.4805, 37.9754, 257.4378, 199.3121
143436.2790, 6394387.4711, 36.9377, 91.5312, 189.0777
143447.8873, 6394378.6238, 36.4405, 950.4315, 203.9478
143448.3922, 6394393.6209, 35.8956, 579.4944, 302.1555
143448.7099, 6394381.0967, 36.6867, 896.2858, 210.9756
143435.6024, 6394376.9707, 35.2443, 135.1028, 212.0956
143451.9319, 6394386.5906, 37.4463, 862.4400, 216.8989
143451.6666, 6394386.5966, 37.2059, 852.0308, 227.2503
143440.9396, 6394399.4954, 37.9026, 229.0478, 227.4322
143440.9625, 6394399.5028, 37.8027, 229.8995, 231.3487
143442.9220, 6394387.9799, 34.9902, 446.0359, 317.9299
143442.9220, 6394387.9799, 34.9902, 446.0359, 317.9299
143441.8171, 6394373.4453, 34.1513, 805.4794, 319.3415
143440.9625, 6394399.5028, 37.8027, 229.8995, 231.3487
143450.1998, 6394382.4210, 36.5044, 917.4302, 235.1584
143447.8387, 6394392.1094, 35.2068, 584.4098, 326.0148
143441.8047, 6394373.4548, 34.0771, 803.8783, 326.4527
143447.4987, 6394390.6163, 35.0754, 598.1037, 328.0475
143447.9434, 6394392.0607, 35.0724, 589.1867, 331.7017
143447.6762, 6394391.1039, 35.0121, 596.0461, 332.0442
143435.3347, 6394376.9699, 35.3731, 108.4486, 198.0089
143442.8446, 6394399.9804, 35.0587, 297.3203, 339.0723
143440.3463, 6394380.9406, 34.2046, 437.8421, 339.0500
143447.4923, 6394390.6215, 34.7408, 597.6354, 342.6921
143449.0885, 6394375.4681, 38.6921, 1169.0098, 18.5496
143454.8763, 6394384.1091, 41.1649, 1050.3940, 34.5559
143447.8784, 6394373.6845, 37.4937, 1207.9526, 68.9154
143439.4992, 6394379.0476, 37.5113, 424.0162, 78.2600
143447.9269, 6394374.6435, 37.3982, 1151.1876, 92.1095
143448.4898, 6394376.6521, 37.7466, 1073.2782, 99.0037
143448.0814, 6394375.5026, 37.4645, 1111.0449, 100.6843
143446.4139, 6394395.9972, 34.5826, 471.6692, 355.5535
143453.8598, 6394385.6404, 39.1929, 962.6456, 136.9248
143447.5612, 6394375.6096, 36.7183, 1075.2632, 153.7381
143445.0693, 6394384.6045, 34.0478, 617.4564, 363.7805
143435.7214, 6394385.9734, 36.5201, 65.5266, 199.9041
143451.2874, 6394382.8655, 36.9525, 948.8795, 217.7840
143446.1408, 6394392.4816, 37.6991, 513.1309, 218.0554
143446.1110, 6394395.0675, 34.0625, 473.0593, 374.7361
143446.0663, 6394394.5711, 34.0587, 478.2999, 374.4782
143447.4425, 6394397.4919, 37.7218, 488.8014, 242.0409
143446.0663, 6394394.5711, 34.0587, 478.2999, 374.4782
143442.6308, 6394404.0044, 38.0362, 257.3689, 243.5002
143446.1625, 6394394.5369, 34.0082, 482.4048, 376.5594
143444.3191, 6394382.5796, 33.7646, 629.9044, 376.4167
143448.0599, 6394401.0199, 38.0609, 465.6183, 243.8794
143444.3191, 6394382.5796, 33.7646, 629.9044, 376.4167
143444.4603, 6394382.5105, 33.7315, 639.1472, 378.4613
143444.3734, 6394382.5544, 33.7150, 633.4058, 379.3814
143440.9468, 6394375.5615, 33.5196, 639.6052, 381.1672
143440.9468, 6394375.5615, 33.5196, 639.6052, 381.1672
143448.0599, 6394401.0199, 38.0609, 465.6183, 243.8794
143442.4099, 6394403.4485, 37.9275, 253.8073, 244.8714
143440.5505, 6394374.6079, 33.4350, 646.7205, 387.0281
143440.5505, 6394374.6079, 33.4350, 646.7205, 387.0281
143440.3898, 6394374.0807, 33.3400, 655.9897, 395.3203
143441.6192, 6394373.5439, 33.3142, 783.2603, 399.0902
143440.5164, 6394374.0161, 33.2666, 669.5026, 402.4835
143440.5140, 6394374.0176, 33.2387, 669.2059, 405.1455
143440.5140, 6394374.0176, 33.2387, 669.2059, 405.1455
143440.6364, 6394373.9938, 33.1552, 680.4902, 413.2440
143440.6364, 6394373.9938, 33.1552, 680.4902, 413.2440
143440.7853, 6394373.9449, 33.0912, 695.0975, 419.4855
143442.2528, 6394376.1417, 32.9628, 712.2897, 429.0118
143442.4511, 6394376.6166, 32.9393, 707.2262, 430.3452
143441.2331, 6394374.0832, 32.9697, 725.1653, 430.9464
143442.2461, 6394376.1450, 32.9320, 711.6501, 431.5034
143441.1789, 6394373.5604, 32.8516, 745.9243, 443.1172
143439.5345, 6394374.5045, 32.4268, 564.0562, 481.6993
143440.0110, 6394374.0380, 32.3814, 624.4885, 487.6178
143440.0110, 6394374.0380, 32.3814, 624.4885, 487.6178
143440.6294, 6394373.8908, 32.3723, 683.7874, 488.3057
143440.1112, 6394374.0340, 32.3572, 633.2966, 489.8218
143439.3153, 6394374.5052, 32.3280, 544.6873, 491.4623
143439.3153, 6394374.5052, 32.3280, 544.6873, 491.4623
143451.6695, 6394386.5482, 37.1247, 853.3893, 230.7871
143439.4208, 6394374.4947, 32.2588, 554.3535, 497.9589
143448.3317, 6394396.5664, 37.7932, 532.3692, 237.9288
143440.4676, 6394373.9701, 32.2428, 666.4178, 500.5287
143440.3313, 6394374.0084, 32.2217, 653.1337, 502.5859
143447.8721, 6394396.9846, 37.8438, 510.5767, 236.5622
143435.4852, 6394385.5116, 35.6207, 52.9321, 251.9864
143448.3317, 6394396.5664, 37.7932, 532.3692, 237.9288
143435.4852, 6394385.5116, 35.6207, 52.9321, 251.9864
143436.3147, 6394387.4827, 35.8435, 94.1974, 252.6837
143451.4399, 6394386.1166, 36.5629, 855.9149, 254.4261
143450.5789, 6394401.0304, 37.7527, 544.2035, 259.2865
143436.4013, 6394379.5118, 34.9614, 174.2180, 263.7651
143438.0120, 6394391.9663, 35.9111, 156.7860, 274.6741
143450.2049, 6394400.0591, 38.0436, 545.5157, 245.6893
143448.4932, 6394401.5529, 38.0643, 473.1937, 246.4383
143442.7451, 6394404.0118, 37.8872, 261.2332, 248.8233
143438.0869, 6394392.4641, 35.2753, 157.1078, 307.0778
143438.0869, 6394392.4641, 35.2753, 157.1078, 307.0778
143442.7451, 6394404.0118, 37.8872, 261.2332, 248.8233
143438.0454, 6394375.5758, 34.8659, 395.9998, 248.8419
143438.0454, 6394375.5758, 34.8659, 395.9998, 248.8419
143435.1908, 6394384.9875, 34.5611, 36.1913, 316.2274
143435.1908, 6394384.9875, 34.5611, 36.1913, 316.2274
143436.0806, 6394376.4860, 34.1044, 189.8389, 318.5752
143442.9555, 6394403.9958, 37.8820, 268.5136, 249.3718
143449.0163, 6394396.4709, 37.8152, 557.2465, 238.3516
143445.4078, 6394402.9932, 37.8843, 358.7946, 250.9675
143449.0163, 6394396.4709, 37.8152, 557.2465, 238.3516
143442.9667, 6394404.0169, 37.7821, 268.7452, 252.8427
143442.9667, 6394404.0169, 37.7821, 268.7452, 252.8427
143448.0802, 6394397.0104, 37.7171, 517.3843, 241.8808
143438.6420, 6394375.4650, 34.9313, 453.0762, 245.0355
143443.5688, 6394397.9335, 34.4965, 343.6112, 358.2440
143441.8423, 6394373.4399, 33.6707, 807.0858, 365.3372
143436.7886, 6394376.4517, 33.5421, 258.5335, 373.2505
143451.5403, 6394385.5447, 36.5453, 875.8168, 253.0000
143451.3898, 6394385.6516, 36.5558, 866.9279, 252.5568
143451.5403, 6394385.5447, 36.5453, 875.8168, 253.0000
143445.7833, 6394393.4748, 33.5759, 483.1357, 393.3739
143444.0662, 6394404.0094, 37.7749, 305.6797, 255.2113
143445.7833, 6394393.4748, 33.5759, 483.1357, 393.3739
143441.6974, 6394373.4936, 33.1476, 791.9201, 415.0391
143444.4557, 6394389.9718, 32.8628, 482.7165, 424.3474
143444.0130, 6394407.4412, 38.0204, 277.9370, 257.3585
143452.8135, 6394387.5045, 36.6561, 869.9830, 259.5588
143452.9758, 6394405.4757, 37.7946, 557.9044, 273.9658
143446.5639, 6394413.4781, 38.0169, 310.4135, 276.5035
143456.0861, 6394385.6016, 42.1355, 1045.3815, 12.7576
143446.5639, 6394413.4781, 38.0169, 310.4135, 276.5035
143457.0701, 6394386.9866, 42.5555, 1036.2177, 14.6391
143449.0048, 6394375.6833, 38.6949, 1152.6708, 21.2504
143449.5841, 6394396.0970, 36.6989, 581.8773, 279.9769
143456.7245, 6394387.0167, 42.1050, 1023.5428, 32.5262
143456.7245, 6394387.0167, 42.1050, 1023.5428, 32.5262
143448.8132, 6394375.5942, 38.4799, 1147.1312, 33.5988
143449.5841, 6394396.0970, 36.6989, 581.8773, 279.9769
143439.3471, 6394379.0396, 37.5901, 413.0496, 70.7006
143439.6466, 6394379.0526, 37.5559, 434.6479, 76.1827
143438.3001, 6394380.0500, 37.5255, 314.0514, 82.1913
143448.1113, 6394375.6551, 37.7459, 1104.9016, 82.2844
143454.0935, 6394384.0636, 40.0731, 1021.9912, 82.5284
143447.7632, 6394374.6774, 37.2508, 1139.7045, 102.6891
143447.8340, 6394375.1832, 37.3187, 1114.8339, 105.2222
143447.5839, 6394373.5268, 36.7892, 1199.5607, 121.5734
143447.5841, 6394374.0913, 36.7816, 1163.7527, 130.0586
143447.1097, 6394413.0149, 37.8113, 328.3852, 281.9030
143441.3347, 6394383.5159, 37.6928, 444.6702, 134.8756
143441.3347, 6394383.5159, 37.6928, 444.6702, 134.8756
143447.7112, 6394375.4741, 36.6859, 1090.8129, 155.6012
143447.5553, 6394375.1768, 36.5778, 1098.2167, 159.2897
143453.1386, 6394385.6627, 38.5990, 934.9261, 161.7960
143452.6237, 6394388.6246, 36.6104, 834.5807, 265.4263
143449.4068, 6394381.1265, 37.4145, 928.1921, 172.2442
143442.2283, 6394388.4773, 37.7780, 404.8310, 176.8408
143452.6237, 6394388.6246, 36.6104, 834.5807, 265.4263
143442.8063, 6394388.4957, 37.6860, 432.4037, 183.9930
143453.2338, 6394410.4951, 37.8736, 509.8574, 283.2187
143453.2338, 6394410.4951, 37.8736, 509.8574, 283.2187
143451.3899, 6394401.0891, 36.9394, 567.7090, 287.7010
143438.6805, 6394378.0379, 37.8758, 386.0856, 23.6759
143438.6805, 6394378.0379, 37.8758, 386.0856, 23.6759
143438.6805, 6394378.0379, 37.8758, 386.0856, 23.6759
143448.3933, 6394374.0634, 38.0334, 1213.9554, 37.1527
143448.3933, 6394374.0634, 38.0334, 1213.9554, 37.1527
143448.8978, 6394376.1130, 38.5301, 1123.5907, 39.1990
143448.8978, 6394376.1130, 38.5301, 1123.5907, 39.1990
143448.8978, 6394376.1130, 38.5301, 1123.5907, 39.1990
143448.7518, 6394376.1160, 38.2109, 1115.2491, 60.7334
143448.7518, 6394376.1160, 38.2109, 1115.2491, 60.7334
143454.9194, 6394385.1465, 40.8290, 1017.6760, 61.5405
143448.0614, 6394375.1163, 37.5442, 1131.6005, 89.0396
143448.2644, 6394376.0522, 37.6927, 1091.9351, 93.0282
143448.8952, 6394379.1322, 37.6359, 981.1375, 137.8637
143453.2570, 6394405.5433, 37.4734, 564.6409, 284.0738
143448.3678, 6394378.0168, 37.4607, 1002.3483, 134.0473
143447.6858, 6394375.0158, 36.7192, 1114.8271, 147.5160
143457.7088, 6394389.0365, 43.3602, 999.0709, 5.2655
143455.2150, 6394383.0326, 41.5329, 1100.7385, 6.2821
143451.8008, 6394385.1659, 37.7249, 897.9514, 194.9634
143448.6084, 6394380.5908, 36.4837, 909.4393, 218.9904
143435.9618, 6394377.9902, 35.0205, 155.9342, 244.7621
143435.9618, 6394377.9902, 35.0205, 155.9342, 244.7621
143455.8591, 6394385.1443, 42.0626, 1052.0919, 9.6531
143449.5685, 6394396.6114, 36.5339, 573.4524, 287.4990
143451.6387, 6394386.0292, 37.1930, 866.5018, 224.8316
143436.7949, 6394380.4651, 35.3091, 193.2365, 245.2858
143437.0351, 6394380.9513, 35.2769, 205.2408, 252.2961
143437.7827, 6394382.9441, 35.3074, 232.1689, 265.7175
143457.5683, 6394389.0968, 43.1192, 992.8331, 14.9180
143439.8924, 6394380.5296, 34.8801, 416.9741, 289.3205
143439.8924, 6394380.5296, 34.8801, 416.9741, 289.3205
143441.9432, 6394373.3593, 34.4480, 820.5947, 290.8881
143441.9432, 6394373.3593, 34.4480, 820.5947, 290.8881
143457.5683, 6394389.0968, 43.1192, 992.8331, 14.9180
143455.7648, 6394385.0956, 41.8347, 1050.1458, 19.0909
143448.8779, 6394374.9595, 38.5326, 1186.8123, 19.4115
143456.5480, 6394414.1160, 38.0989, 553.2110, 288.4405
143449.0844, 6394417.5016, 37.8678, 348.2116, 291.4934
143457.5123, 6394389.2006, 42.9550, 988.1431, 22.3039
143449.1871, 6394376.0412, 38.7302, 1142.7133, 26.4045
143449.3968, 6394376.9903, 38.8749, 1104.6116, 33.3688
143448.6355, 6394375.0656, 38.3078, 1167.2208, 35.8016
143457.9931, 6394390.5116, 42.8106, 968.6840, 42.4272
143456.5480, 6394414.1160, 38.0989, 553.2110, 288.4405
143448.6763, 6394375.4897, 38.3229, 1145.3848, 42.1253
143448.5383, 6394375.1170, 38.1960, 1158.8087, 44.1385
143448.3402, 6394375.1837, 38.0376, 1143.9827, 55.3138
143439.5740, 6394378.9972, 37.6207, 430.7319, 69.6855
143456.1322, 6394387.0182, 41.1698, 1002.9284, 70.1121
143439.1994, 6394379.0912, 37.5668, 400.9183, 72.0137
143440.2306, 6394378.9987, 37.6669, 477.9229, 71.9508
143439.7866, 6394379.5516, 37.5698, 432.5652, 83.8719
143438.7722, 6394380.5399, 37.6286, 339.1656, 85.5980
143438.6496, 6394381.0036, 37.6848, 321.8123, 87.1253
143438.6496, 6394381.0036, 37.6848, 321.8123, 87.1253
143448.2407, 6394376.1604, 37.7518, 1085.1448, 90.0872
143441.8744, 6394373.4068, 34.3696, 812.4296, 298.4209
143453.8367, 6394383.9975, 39.7516, 1014.2643, 96.2431
143456.2939, 6394389.5725, 41.0206, 938.1576, 98.3375
143448.7716, 6394394.6130, 36.0475, 576.9715, 299.3299
143441.8823, 6394373.3993, 34.3194, 813.3863, 303.2303
143441.8823, 6394373.3993, 34.3194, 813.3863, 303.2303
143456.2939, 6394389.5725, 41.0206, 938.1576, 98.3375
143436.9442, 6394384.0339, 37.8775, 161.8547, 101.0205
143456.5094, 6394390.1649, 41.0866, 930.0590, 101.0764
143451.3996, 6394401.0883, 36.3699, 567.8766, 306.4086
143447.9552, 6394375.6728, 37.4704, 1094.9503, 101.6110
143436.3505, 6394385.0399, 37.9102, 112.9031, 106.9250
143436.6055, 6394384.5528, 37.8098, 134.1242, 109.3616
143436.6055, 6394384.5528, 37.8098, 134.1242, 109.3616
143449.0061, 6394395.1021, 35.8764, 577.3689, 307.5222
143443.9607, 6394407.4472, 37.1451, 276.3288, 284.6311
143436.1055, 6394385.4978, 37.9185, 93.1878, 110.0858
143447.7792, 6394375.0939, 37.1318, 1116.4355, 117.7560
143435.1963, 6394384.5214, 37.4407, 36.9143, 123.9104
143441.7043, 6394383.4606, 37.8327, 467.0903, 127.9243
143443.8611, 6394407.4453, 35.5433, 273.3639, 334.4481
143456.4610, 6394413.5942, 37.8895, 556.3793, 292.6605
143441.2885, 6394383.5133, 37.7867, 442.0635, 128.8138
143440.0110, 6394389.4499, 35.4182, 281.5638, 294.6396
143441.4463, 6394383.4834, 37.7973, 451.7924, 128.7907
143448.2074, 6394377.5509, 37.3891, 1015.0353, 132.6035
143447.4811, 6394374.2042, 36.7571, 1150.8500, 132.7473
143447.6040, 6394375.6283, 36.9919, 1077.1329, 133.8880
143447.6248, 6394375.5491, 36.7202, 1082.0363, 153.3276
143451.3633, 6394401.1023, 36.6962, 566.6827, 295.6780
143443.8611, 6394407.4453, 35.5433, 273.3639, 334.4481
143436.0788, 6394378.9666, 33.9279, 154.4105, 344.1825
143447.7249, 6394375.4706, 36.6445, 1091.6887, 158.7371
143439.0528, 6394394.9755, 35.3516, 184.3573, 312.1391
143451.3997, 6394401.0884, 36.6022, 567.9319, 298.7857
143445.5400, 6394395.0039, 33.8924, 452.4124, 381.0247
143439.0528, 6394394.9755, 35.3516, 184.3573, 312.1391
143445.5400, 6394395.0039, 33.8924, 452.4124, 381.0247
143445.5400, 6394395.0039, 33.8924, 452.4124, 381.0247
143447.5162, 6394416.4430, 37.3944, 315.9405, 299.9257
143439.1587, 6394376.9617, 33.0813, 451.5349, 417.1602
143443.7027, 6394389.4159, 35.1192, 458.7955, 316.8774
143453.2778, 6394405.5474, 36.8340, 565.0165, 303.0343
143444.5558, 6394408.9515, 35.8507, 284.1764, 327.8657
143445.3252, 6394403.4475, 35.5536, 351.9255, 329.9164
143453.2778, 6394405.5474, 36.8340, 565.0165, 303.0343
143447.7668, 6394375.4645, 36.4892, 1094.0525, 170.5207
143448.2241, 6394393.1132, 35.7607, 581.7812, 306.0408
143447.8751, 6394391.6079, 35.2147, 594.6724, 324.6979
143447.7668, 6394375.4645, 36.4892, 1094.0525, 170.5207
143445.3252, 6394403.4475, 35.5536, 351.9255, 329.9164
143447.6988, 6394376.0493, 36.5511, 1059.5364, 171.7446
143442.9719, 6394388.4845, 37.7679, 440.4874, 180.4674
143442.9719, 6394388.4845, 37.7679, 440.4874, 180.4674
143443.4637, 6394400.4835, 35.0921, 315.2614, 339.3081
143447.4951, 6394377.6656, 36.6164, 971.4082, 181.9402
143448.3097, 6394379.6502, 36.9389, 930.9599, 182.9165
143447.6167, 6394378.1879, 36.6519, 955.1011, 185.0017
143442.4898, 6394400.0185, 34.8432, 283.9560, 346.6670
143451.9737, 6394385.0739, 37.8540, 907.5106, 188.7671
143448.6527, 6394380.6083, 36.9161, 911.3753, 193.6724
143441.8889, 6394373.4025, 34.0078, 813.2826, 333.1301
143442.4898, 6394400.0185, 34.8432, 283.9560, 346.6670
143438.9450, 6394394.4717, 37.8525, 182.5488, 199.1535
143443.0227, 6394400.4851, 35.1722, 299.3835, 335.8996
143444.6339, 6394400.9494, 34.7778, 352.0555, 352.3550
143441.7173, 6394373.4710, 33.7576, 795.5587, 356.8219
143441.6791, 6394373.4953, 33.6354, 791.0460, 368.4870
143447.8695, 6394392.0954, 35.1460, 585.8048, 328.5813
143456.9034, 6394387.6840, 42.3893, 1010.2422, 27.8756
143449.8283, 6394412.4341, 34.5812, 404.7631, 371.5300
143447.8695, 6394392.0954, 35.1460, 585.8048, 328.5813
143446.1472, 6394387.6117, 34.6507, 600.7660, 339.4554
143456.9034, 6394387.6840, 42.3893, 1010.2422, 27.8756
143439.2103, 6394379.0297, 37.8068, 403.1967, 52.4582
143447.8432, 6394376.1501, 37.2831, 1063.4839, 120.7692
143447.6732, 6394374.5954, 36.6077, 1138.1310, 150.9187
143446.1472, 6394387.6117, 34.6507, 600.7660, 339.4554
143447.6140, 6394377.5326, 36.7783, 983.8994, 170.2888
143434.9133, 6394384.0108, 35.6607, 20.2098, 237.3725
143436.3760, 6394378.9516, 35.2604, 179.4142, 234.8607
143447.0307, 6394405.4294, 34.0370, 387.3407, 382.1720
143447.0307, 6394405.4294, 34.0370, 387.3407, 382.1720
143435.4931, 6394376.9769, 35.3054, 124.1918, 205.6406
143446.1181, 6394392.1092, 37.8373, 518.2188, 210.1626
143448.2555, 6394408.4252, 33.8578, 396.2251, 389.2817
143441.6896, 6394373.4992, 33.3668, 791.3119, 394.1429
143447.6400, 6394391.1262, 34.5680, 594.0779, 351.1638
143450.0439, 6394401.6093, 32.9783, 519.6851, 416.8078
143445.9446, 6394392.4703, 37.8519, 505.5665, 210.8654
143447.8137, 6394392.1218, 34.5926, 583.0486, 351.7218
143450.0439, 6394401.6093, 32.9783, 519.6851, 416.8078
143441.5930, 6394373.5604, 33.0573, 779.9509, 423.5158
143441.6649, 6394373.5146, 33.0405, 788.0678, 425.1978
143441.6649, 6394373.5146, 33.0405, 788.0678, 425.1978
143444.2172, 6394388.4667, 32.8442, 497.7155, 426.0782
143447.8137, 6394392.1218, 34.5926, 583.0486, 351.7218
143443.2126, 6394386.9875, 32.8389, 476.9597, 427.1484
143441.2694, 6394378.9834, 32.7375, 547.7781, 442.0217
143439.0037, 6394374.5252, 32.2769, 516.0964, 496.7942
143439.0037, 6394374.5252, 32.2769, 516.0964, 496.7942
143438.7116, 6394394.4742, 35.6868, 172.3520, 295.3069
143438.7116, 6394394.4742, 35.6868, 172.3520, 295.3069
143440.9392, 6394391.9721, 35.1298, 297.8871, 317.9157
143447.6606, 6394391.1138, 34.8350, 595.1972, 339.6741
143442.6121, 6394396.4703, 35.1824, 321.6131, 328.0794
143444.5907, 6394400.9638, 34.7220, 350.4259, 354.2957
143447.6606, 6394391.1138, 34.8350, 595.1972, 339.6741
143446.8942, 6394398.4638, 35.0686, 457.0990, 341.0974
143441.7486, 6394373.4905, 33.9050, 797.2570, 342.8767
143445.4253, 6394401.9344, 34.9635, 369.3941, 347.8356
143448.4260, 6394379.4424, 36.3946, 944.1552, 215.5649
143449.6759, 6394412.4262, 35.4317, 400.9072, 348.4962
143446.9181, 6394395.5373, 37.9985, 496.9493, 222.2353
143445.4253, 6394401.9344, 34.9635, 369.3941, 347.8356
143451.6412, 6394386.6106, 37.2289, 850.7073, 226.1715
143445.0274, 6394384.6215, 34.1757, 615.0723, 356.7958
143449.6759, 6394412.4262, 35.4317, 400.9072, 348.4962
143445.0274, 6394384.6215, 34.1757, 615.0723, 356.7958
143441.7895, 6394373.4647, 33.7519, 801.6762, 357.5298
143445.0772, 6394384.5950, 34.2385, 618.1602, 353.4071
143441.6485, 6394373.5062, 33.7403, 788.1595, 358.4095
143441.6485, 6394373.5062, 33.7403, 788.1595, 358.4095
143445.4253, 6394401.9344, 34.9635, 369.3941, 347.8356
143445.8443, 6394396.0518, 34.3139, 450.0400, 365.4748
143445.8443, 6394396.0518, 34.3139, 450.0400, 365.4748
143444.5413, 6394383.1161, 33.9538, 627.6665, 366.2970
143445.0048, 6394384.6330, 34.1018, 613.6634, 360.8021
143445.1111, 6394384.5863, 33.9930, 619.8967, 366.7867
143444.3664, 6394382.5629, 33.8314, 632.8735, 372.5060
143444.4008, 6394382.5480, 33.7664, 635.0428, 376.3702
143444.9545, 6394400.4266, 33.5936, 368.2588, 394.0747
143441.3843, 6394373.4839, 33.0490, 766.9167, 424.3018
143445.9655, 6394396.0111, 34.2598, 455.0248, 367.6481
143441.7054, 6394373.4887, 33.2958, 793.0236, 400.9316
143450.7972, 6394399.5781, 34.4620, 569.6064, 367.2643
143450.1946, 6394404.4490, 33.3889, 491.0070, 403.5193
143450.7972, 6394399.5781, 34.4620, 569.6064, 367.2643
143450.1946, 6394404.4490, 33.3889, 491.0070, 403.5193
143447.3208, 6394397.5421, 37.6878, 483.9118, 243.2110
143441.5048, 6394378.1139, 33.1543, 590.0442, 412.2297
143441.5048, 6394378.1139, 33.1543, 590.0442, 412.2297
143457.5143, 6394388.6018, 43.2603, 1004.7800, 3.9107
143445.9354, 6394395.5910, 34.2015, 459.4482, 369.5273
143441.6969, 6394373.5032, 33.5861, 791.9966, 373.2453
143448.2274, 6394397.4792, 32.9098, 514.9919, 419.9579
143441.7248, 6394373.4757, 33.0394, 794.9007, 425.3766
143442.0899, 6394380.1142, 32.9372, 568.7756, 426.6607
143456.1703, 6394385.5638, 42.3299, 1049.6654, 3.9998
143442.0899, 6394380.1142, 32.9372, 568.7756, 426.6607
143441.6201, 6394378.5969, 32.8986, 582.6545, 430.8633
143441.2278, 6394373.5313, 32.8600, 751.4228, 442.3655
143440.5001, 6394373.9657, 32.4268, 669.5472, 482.9196
143439.4872, 6394374.4935, 32.3561, 560.2907, 488.5608
143439.3909, 6394374.4942, 32.2593, 551.7413, 497.9661
143440.5448, 6394373.9301, 32.2651, 674.7590, 498.4813
143447.3208, 6394397.5421, 37.6878, 483.9118, 243.2110
143457.2811, 6394386.9305, 42.7932, 1045.0160, 4.9877
143446.4615, 6394394.4398, 34.0847, 495.0506, 373.6618
143441.8511, 6394373.4345, 33.5728, 807.9374, 374.6852
143455.3235, 6394383.4262, 41.6498, 1090.7417, 5.9815
143446.0920, 6394394.5642, 33.9660, 479.3542, 378.2179
143457.4715, 6394388.6776, 43.1515, 1001.2397, 8.9265
143455.2072, 6394383.5282, 41.5579, 1082.8234, 10.9324
143446.0199, 6394393.9760, 33.8909, 485.0105, 380.8269
143454.0831, 6394384.5782, 40.0552, 1004.7505, 88.2274
143435.9756, 6394378.5168, 34.9423, 150.4194, 255.9834
143435.9756, 6394378.5168, 34.9423, 150.4194, 255.9834
143437.2086, 6394382.0033, 35.0313, 204.4033, 277.2349
143457.3569, 6394388.6783, 43.0076, 997.4663, 14.2419
143438.6726, 6394385.9937, 35.0531, 249.6834, 298.6386
143446.0199, 6394393.9760, 33.8909, 485.0105, 380.8269
143455.8977, 6394385.5792, 41.8377, 1039.3044, 24.9684
143438.6029, 6394378.0692, 37.8447, 379.1540, 26.0248
143438.8707, 6394378.5448, 37.8773, 388.9012, 35.0675
143448.6168, 6394375.4753, 38.2145, 1142.8176, 49.3328
143441.7083, 6394373.4355, 36.8067, 801.0887, 61.4063
143441.1222, 6394392.4601, 35.1503, 300.8738, 318.4944
143439.1004, 6394374.5348, 32.3215, 524.4521, 492.2758
143457.8118, 6394391.5657, 42.4488, 936.9137, 64.3477
143442.1200, 6394377.9355, 37.7574, 640.5964, 64.9623
143446.1594, 6394393.9721, 33.8577, 490.3911, 382.2778
143450.2034, 6394400.4760, 38.0914, 539.9728, 245.4545
143446.1357, 6394393.9813, 33.8566, 489.3530, 382.3096
143450.2034, 6394400.4760, 38.0914, 539.9728, 245.4545
143446.1357, 6394393.9813, 33.8566, 489.3530, 382.3096
143446.4638, 6394393.8920, 33.7199, 503.1100, 388.0485
143447.5882, 6394373.5487, 37.0301, 1198.9385, 102.0882
143443.7342, 6394388.0079, 37.6396, 484.6237, 186.7185
143435.6382, 6394385.9852, 36.2730, 60.1155, 214.9346
143435.8986, 6394378.9834, 34.1053, 138.4900, 329.0324
143442.5378, 6394376.6047, 37.5183, 718.0252, 65.7807
143441.6307, 6394378.4382, 37.7757, 591.1052, 67.1907
143437.9107, 6394383.4541, 35.2416, 234.0747, 273.3167
143453.1681, 6394405.5747, 37.3292, 561.8375, 288.2868
143456.6708, 6394414.0827, 37.9142, 556.3077, 293.1305
143438.7190, 6394377.5843, 37.8387, 400.3946, 18.2532
143457.3929, 6394388.5346, 42.9249, 1002.4955, 16.4413
143441.9203, 6394373.3758, 34.2881, 817.6358, 306.2476
143456.7045, 6394386.6507, 42.1990, 1033.9028, 24.6292
143454.8342, 6394383.5588, 41.1476, 1067.6791, 29.0073
143439.3962, 6394379.5237, 37.5911, 405.3206, 78.5705
143447.8114, 6394373.4850, 37.2843, 1216.6511, 82.1364
143447.8114, 6394373.4850, 37.2843, 1216.6511, 82.1364
143448.6886, 6394377.4364, 37.7782, 1045.6155, 108.2314
143447.4717, 6394374.1867, 36.8570, 1151.5868, 124.4515
143447.6080, 6394375.1014, 36.9543, 1106.0981, 130.0900
143441.1440, 6394383.5928, 37.6275, 432.0710, 138.5588
143448.1783, 6394377.9669, 37.1902, 994.5020, 150.2683
143442.7117, 6394386.0468, 37.9244, 470.4042, 152.3652
143442.7117, 6394386.0468, 37.9244, 470.4042, 152.3652
143453.1566, 6394385.6442, 38.6198, 936.1581, 160.7610
143436.0163, 6394376.5058, 33.6889, 183.4471, 357.9068
143445.7183, 6394402.4520, 34.5517, 374.0694, 362.6264
143444.6985, 6394383.6130, 34.0075, 623.1639, 364.1337
143444.6985, 6394383.6130, 34.0075, 623.1639, 364.1337
143441.9000, 6394373.4000, 33.6878, 813.8359, 363.7479
143441.7900, 6394373.4748, 33.6703, 801.0669, 365.3458
143445.7656, 6394396.5415, 34.2841, 440.8898, 367.0127
143435.6164, 6394385.9905, 34.8071, 59.5372, 305.4728
143445.7656, 6394396.5415, 34.2841, 440.8898, 367.0127
143445.4290, 6394397.5204, 34.0183, 416.6823, 377.6054
143441.6587, 6394373.5284, 33.5221, 787.5229, 379.3159
143441.8426, 6394373.4289, 33.5291, 807.4847, 378.8287
143441.8426, 6394373.4289, 33.5291, 807.4847, 378.8287
143441.8426, 6394373.4289, 33.5291, 807.4847, 378.8287
143445.7672, 6394394.0475, 33.8648, 474.2917, 381.7440
143445.7672, 6394394.0475, 33.8648, 474.2917, 381.7440
143441.7624, 6394373.4714, 33.3978, 798.6445, 391.2703
143445.4284, 6394393.9968, 33.5638, 461.8713, 393.8117
143447.7447, 6394378.1286, 36.4618, 964.0551, 197.7673
143435.4793, 6394385.4903, 36.8020, 51.8974, 176.9882
143442.2194, 6394388.4778, 37.7925, 404.3877, 176.0723
143435.6755, 6394385.9765, 36.6072, 62.4268, 194.3153
143435.4067, 6394376.9868, 35.2518, 115.5297, 210.2432
143445.9614, 6394393.4259, 33.3441, 490.7242, 403.0416
143449.0935, 6394380.9023, 36.4234, 920.7918, 226.5173
143445.9614, 6394393.4259, 33.3441, 490.7242, 403.0416
143440.4686, 6394374.0413, 33.2628, 664.3322, 402.7916
143445.6329, 6394393.4792, 33.3149, 477.1721, 404.1004
143441.6613, 6394373.5168, 33.2634, 787.9730, 403.9733
143445.8381, 6394393.4369, 33.2444, 485.7633, 407.1049
143447.5709, 6394396.5567, 38.0189, 506.0307, 227.5061
143445.0014, 6394388.1051, 33.1648, 539.7510, 410.9236
143445.0014, 6394388.1051, 33.1648, 539.7510, 410.9236
143445.7172, 6394390.1118, 33.0471, 534.1972, 416.1975
143444.1472, 6394389.9998, 32.8733, 468.7871, 423.7769
143438.7444, 6394375.4303, 32.9982, 462.5863, 425.6873
143438.7444, 6394375.4303, 32.9982, 462.5863, 425.6873
143441.0876, 6394373.5771, 32.9011, 737.6043, 438.3188
143441.0876, 6394373.5771, 32.9011, 737.6043, 438.3188
143441.0876, 6394373.5771, 32.9011, 737.6043, 438.3188
143439.0953, 6394374.5164, 32.4114, 524.7201, 483.7024
143440.3846, 6394373.9822, 32.2402, 658.8398, 500.8662
143440.3846, 6394373.9822, 32.2402, 658.8398, 500.8662
143437.0827, 6394389.4803, 35.7965, 125.4908, 267.5749
143440.0920, 6394389.4393, 35.3097, 285.7964, 300.2813
143445.0825, 6394408.4907, 23.0881, 303.9392, 708.1574
143440.4213, 6394398.4770, 35.8683, 216.5199, 301.8737
143449.3696, 6394396.1119, 36.0502, 574.2059, 303.8628
143449.3696, 6394396.1119, 36.0502, 574.2059, 303.8628
143443.4033, 6394398.4373, 35.4851, 332.3386, 321.1967
143443.0130, 6394405.4646, 35.2504, 260.0623, 340.2818
143441.7995, 6394373.4561, 33.9238, 803.1757, 341.1072
143444.0650, 6394400.9863, 35.0078, 331.9417, 343.6938
143443.2976, 6394398.0126, 34.3251, 332.6158, 364.6232
143447.1450, 6394405.9484, 34.6347, 386.0545, 363.9545
143436.2848, 6394375.9900, 33.5961, 218.8148, 366.1243
143446.1344, 6394395.5214, 34.1523, 467.7489, 371.5662
143441.7489, 6394373.4797, 33.4990, 797.2670, 381.6131
143446.3253, 6394393.9467, 33.7431, 497.0541, 387.0386
143444.2787, 6394399.4611, 33.4749, 354.1754, 397.8191
143445.4541, 6394393.5518, 33.3624, 469.1422, 402.0504
143446.9941, 6394405.4357, 33.2837, 386.1469, 405.7107
143450.0453, 6394412.9309, 33.1512, 406.2263, 409.9763
143441.8544, 6394373.4098, 33.1663, 808.9168, 413.4214
143439.1826, 6394377.9922, 33.0923, 425.7408, 415.6605
143443.7080, 6394384.6057, 33.0482, 549.1938, 417.4891
143443.7080, 6394384.6057, 33.0482, 549.1938, 417.4891
143441.6225, 6394380.4601, 32.7626, 530.3693, 437.9992
143438.9402, 6394374.5384, 32.3767, 509.9429, 487.1721
143439.9894, 6394374.0111, 32.2812, 623.6740, 497.4769
143448.6943, 6394374.6795, 38.5113, 1193.5427, 14.1539
143457.7447, 6394389.6632, 42.9161, 983.0583, 29.4190
143449.0196, 6394376.5899, 38.6115, 1105.2516, 42.0332
143457.0041, 6394389.6459, 41.9749, 959.6058, 63.4698
143448.5465, 6394376.0875, 38.0217, 1105.6365, 72.1290
143448.5465, 6394376.0875, 38.0217, 1105.6365, 72.1290
143440.1389, 6394379.0047, 37.6110, 471.2458, 75.4996
143438.9713, 6394379.5413, 37.5795, 373.9667, 76.0744
143448.2212, 6394375.6448, 37.8456, 1111.5913, 75.6982
143454.5376, 6394385.1470, 40.3556, 1003.4984, 81.6611
143439.0062, 6394379.5749, 37.5034, 375.8029, 82.6876
143439.0062, 6394379.5749, 37.5034, 375.8029, 82.6876
143448.1885, 6394375.5880, 37.7211, 1112.6815, 83.7650
143448.1885, 6394375.5880, 37.7211, 1112.6815, 83.7650
143439.5061, 6394379.5803, 37.5201, 411.9084, 85.6922
143454.7079, 6394386.0360, 40.1404, 982.0623, 100.3971
143448.1172, 6394376.0168, 37.5438, 1085.6383, 102.1778
143449.3199, 6394379.0827, 38.1446, 1004.3417, 108.1762
143448.5686, 6394378.0360, 37.6518, 1011.9382, 122.9404
143448.5686, 6394378.0360, 37.6518, 1011.9382, 122.9404
143449.0485, 6394379.1038, 37.8543, 990.0244, 124.8190
143447.5132, 6394374.6652, 36.8727, 1125.4890, 129.9890
143441.7927, 6394383.4869, 37.7681, 471.5637, 132.6535
143441.7927, 6394383.4869, 37.7681, 471.5637, 132.6535
143447.7013, 6394375.5490, 36.9442, 1086.6910, 137.1549
143447.6686, 6394375.4813, 36.8224, 1088.3127, 145.1946
143447.6686, 6394375.4813, 36.8224, 1088.3127, 145.1946
143441.9317, 6394383.5590, 37.5481, 477.8780, 147.5024
143447.5027, 6394375.1930, 36.7225, 1094.6294, 148.1290
143447.7656, 6394374.5152, 36.5439, 1147.9565, 155.5672
143453.8027, 6394388.0104, 38.8796, 893.6115, 167.3917
143453.8027, 6394388.0104, 38.8796, 893.6115, 167.3917
143447.8557, 6394378.6271, 36.5619, 948.8385, 195.9431
143448.1946, 6394379.5993, 36.5491, 926.8120, 206.1135
143448.0570, 6394379.1406, 36.3830, 937.8627, 212.4301
143448.2334, 6394379.5876, 36.4420, 929.0561, 212.8441
143446.1924, 6394392.0973, 37.7146, 521.3423, 215.6305
143445.8178, 6394392.4677, 37.6975, 500.5241, 217.0956
143448.6714, 6394381.1466, 36.5602, 892.5952, 218.5024
143447.7480, 6394396.0650, 37.9753, 519.2150, 227.5639
143448.4690, 6394396.5115, 37.7748, 537.8942, 238.7299
143445.1969, 6394408.4507, 23.0322, 307.6165, 709.7357
143449.8053, 6394401.0080, 38.0872, 520.8093, 246.5413
143449.8053, 6394401.0080, 38.0872, 520.8093, 246.5413
143436.5276, 6394379.4742, 35.1361, 185.0973, 250.0354
143450.3780, 6394401.0140, 37.9222, 538.3217, 253.2127
143450.1414, 6394401.4843, 37.9311, 525.1221, 253.9177
143452.7848, 6394405.5353, 37.7594, 551.9989, 274.8615
143452.7848, 6394405.5353, 37.7594, 551.9989, 274.8615
143452.7848, 6394405.5353, 37.7594, 551.9989, 274.8615
143442.4156, 6394403.4523, 37.0328, 254.0818, 275.7031
143454.8686, 6394409.9687, 37.9529, 556.1277, 282.1700
143444.7872, 6394409.4453, 37.1074, 287.5897, 291.3819
143445.4299, 6394410.9357, 37.0801, 296.1092, 296.0477
143446.1940, 6394412.9473, 37.1118, 303.9307, 299.8658
143446.8087, 6394414.4460, 37.1240, 310.5588, 302.8724
143447.7027, 6394416.4283, 37.1221, 320.8011, 307.1334
143447.8620, 6394391.6206, 35.1110, 593.9072, 329.1040
143447.8620, 6394391.6206, 35.1110, 593.9072, 329.1040
143447.9720, 6394392.0477, 35.0010, 590.4771, 334.7094
143441.8749, 6394373.4038, 33.9461, 812.0075, 338.9956
143445.1519, 6394401.4864, 34.6117, 364.5637, 359.2045
143441.9562, 6394373.3606, 33.6967, 820.4338, 362.9231
143441.8886, 6394373.4084, 33.5920, 812.3334, 372.8861
143441.8886, 6394373.4084, 33.5920, 812.3334, 372.8861
143445.2621, 6394396.0287, 33.8842, 428.6655, 381.7383
143441.7811, 6394373.4593, 33.4651, 800.8745, 384.8694
143441.7811, 6394373.4593, 33.4651, 800.8745, 384.8694
143449.4595, 6394411.4292, 34.0340, 403.4120, 385.7635
143449.4595, 6394411.4292, 34.0340, 403.4120, 385.7635
143445.1186, 6394396.0409, 33.7627, 423.1267, 386.4008
143445.2915, 6394395.0045, 33.7610, 442.9348, 386.1093
143440.3350, 6394374.1074, 33.3745, 650.1957, 391.9557
143444.9323, 6394395.0795, 33.5344, 428.1797, 395.0075
143444.2293, 6394399.4795, 33.4259, 352.2220, 399.5853
143441.8701, 6394373.3993, 33.2949, 810.9121, 401.1877
143443.4232, 6394383.6016, 33.2298, 557.0844, 407.3458
143443.4232, 6394383.6016, 33.2298, 557.0844, 407.3458
143441.7913, 6394373.4730, 33.0938, 800.4345, 420.2387
143444.7830, 6394387.6054, 32.9398, 539.3539, 422.0346
143442.3489, 6394384.0314, 32.8098, 489.8880, 431.0233
143441.2716, 6394379.4827, 32.7526, 533.9518, 440.1340
143439.1459, 6394374.5243, 32.4616, 528.9953, 478.7696
143439.1242, 6394374.5227, 32.2875, 527.0162, 495.5729
143439.9265, 6394374.0396, 32.2554, 616.9642, 499.9288
143440.8152, 6394395.9321, 25.1041, 254.7711, 738.1501
143455.4180, 6394384.1036, 41.8710, 1070.8759, 3.9208
143449.3749, 6394376.0003, 39.0438, 1155.1068, 5.2021
143457.6111, 6394389.1342, 43.3189, 993.3351, 7.3837
143456.1966, 6394385.5809, 42.2196, 1049.9094, 9.3730
143455.0625, 6394383.0920, 41.4302, 1092.8901, 11.0846
143449.0651, 6394375.6429, 38.8257, 1158.2917, 11.6445
143438.3817, 6394377.5765, 37.8386, 373.0464, 14.3119
143457.5368, 6394389.0446, 42.9259, 993.0883, 22.1255
143448.8414, 6394375.0171, 38.4858, 1181.4054, 23.5800
143463.8933, 6394403.0342, 45.7030, 869.4905, 60.1809
143457.6890, 6394390.6164, 42.3377, 956.3969, 60.3713
143441.4749, 6394373.5339, 36.7642, 776.7988, 64.9027
143441.4749, 6394373.5339, 36.7642, 776.7988, 64.9027
143441.3823, 6394378.4603, 37.7545, 573.5069, 66.9606
143442.5645, 6394377.6140, 37.7189, 681.6398, 66.7506
143448.5825, 6394376.0321, 38.0835, 1110.5693, 67.1784
143440.9885, 6394378.4867, 37.6924, 545.5057, 68.6316
143441.8201, 6394378.0972, 37.7035, 614.8747, 68.9806
143448.7794, 6394377.0301, 38.2240, 1070.3826, 73.2946
143440.6448, 6394378.5646, 37.6020, 519.1107, 73.7618
143440.4510, 6394378.9846, 37.6408, 493.8168, 75.6154
143440.4510, 6394378.9846, 37.6408, 493.8168, 75.6154
143440.5183, 6394378.9807, 37.6488, 498.6342, 75.5298
143442.6622, 6394401.5043, 28.0789, 278.5264, 587.6542
143440.5183, 6394378.9807, 37.6488, 498.6342, 75.5298
143440.3634, 6394378.9869, 37.6277, 487.5985, 75.8886
143440.3634, 6394378.9869, 37.6277, 487.5985, 75.8886
143440.8837, 6394378.4986, 37.5793, 537.7935, 76.5568
143438.9265, 6394379.5619, 37.5456, 370.2286, 78.5943
143455.9289, 6394387.0886, 40.8933, 993.8039, 81.7890
143438.4506, 6394380.0638, 37.5393, 324.9443, 82.6134
143439.3519, 6394379.5524, 37.5257, 401.4600, 83.5744
143438.3816, 6394381.0270, 37.6185, 302.3944, 90.1201
143438.3816, 6394381.0270, 37.6185, 302.3944, 90.1201
143438.7501, 6394380.5586, 37.5685, 337.2324, 90.0862
143438.0710, 6394381.0494, 37.5535, 279.7285, 92.7022
143438.0710, 6394381.0494, 37.5535, 279.7285, 92.7022
143437.6205, 6394383.5364, 37.8755, 212.9661, 99.7309
