143439.2869, 6394375.0299, 32.3568, 512.3672, 487.0923
143442.1303, 6394375.6081, 32.9050, 722.5350, 433.2290
143442.1303, 6394375.6081, 32.9050, 722.5350, 433.2290
143441.0586, 6394378.4630, 37.8894, 543.2481, 38.6064
143441.4395, 6394378.1062, 32.8378, 577.8649, 433.7648
143441.4179, 6394373.9923, 32.8777, 742.3891, 439.4029
143440.9386, 6394378.4635, 37.8710, 534.5761, 38.8820
143449.0816, 6394380.6460, 37.2993, 932.2050, 164.5197
143441.5374, 6394378.0771, 37.8555, 589.8888, 39.4247
143441.5374, 6394378.0771, 37.8555, 589.8888, 39.4247
143442.1836, 6394377.9019, 37.8830, 641.3588, 40.6673
143439.9907, 6394378.9676, 37.8265, 450.6674, 41.6471
143440.9695, 6394378.4595, 37.8374, 536.9073, 41.7867
143457.2999, 6394389.0931, 42.6860, 984.7751, 20.6215
143442.2837, 6394377.5134, 37.8952, 662.5242, 33.9210
143440.9695, 6394378.4595, 37.8374, 536.9073, 41.7867
143441.4124, 6394378.0312, 37.8669, 582.4984, 36.4458
143439.4624, 6394375.0029, 32.2651, 529.0394, 495.8102
143439.6822, 6394378.9846, 37.7731, 427.1205, 43.1233
143439.5699, 6394378.9625, 37.8261, 419.2038, 37.3637
143441.0944, 6394378.4513, 37.8161, 546.1318, 44.5656
143440.4010, 6394378.9573, 37.8664, 481.1518, 42.3693
143440.6734, 6394378.5161, 37.7510, 513.6367, 46.6938
143440.4472, 6394378.9482, 37.8712, 484.7686, 42.2883
143448.3887, 6394375.4531, 37.9177, 1141.1765, 56.9469
143439.9022, 6394378.9610, 37.7551, 444.2227, 46.3265
143438.1125, 6394379.5425, 37.5203, 292.8870, 57.4425
143437.6500, 6394380.0679, 37.5040, 246.5901, 62.9529
143437.5160, 6394382.0441, 37.8290, 206.5245, 67.3778
143437.8457, 6394382.0365, 37.9060, 230.8089, 64.4935
143437.3208, 6394382.5487, 37.8704, 185.6435, 70.0253
143436.8338, 6394383.0537, 37.8494, 144.2761, 74.6181
143437.4926, 6394382.5462, 37.8190, 198.1962, 75.0835
143435.6377, 6394385.4971, 37.9530, 39.4655, 90.2572
143436.7574, 6394383.0539, 37.8283, 138.6779, 75.4930
143448.1432, 6394376.1683, 37.6966, 1087.3506, 82.1651
143436.2494, 6394384.5351, 37.9042, 88.8524, 85.9837
143436.0138, 6394387.0063, 37.5456, 56.6270, 135.0780
143436.2494, 6394384.5351, 37.9042, 88.8524, 85.9837
143436.2011, 6394387.5067, 37.5605, 65.7417, 140.0485
143435.7002, 6394385.0450, 37.8951, 46.4608, 88.9484
143435.9641, 6394385.0348, 37.9131, 65.1682, 89.5595
143447.7902, 6394375.1585, 37.1930, 1123.1394, 103.3548
143447.7902, 6394375.1585, 37.1930, 1123.1394, 103.3548
143456.1043, 6394394.0981, 40.2287, 824.9322, 149.1648
143456.1842, 6394394.0064, 40.2240, 829.2986, 149.0956
143442.2294, 6394374.3859, 35.9754, 792.8719, 149.6150
143441.8472, 6394373.9520, 35.8715, 784.7552, 149.9593
143441.8472, 6394373.9520, 35.8715, 784.7552, 149.9593
143453.7502, 6394387.6677, 39.0109, 900.1921, 150.5605
143453.6337, 6394384.5809, 39.4604, 988.9176, 105.1475
143445.0326, 6394386.0408, 37.9114, 577.9633, 153.7673
143448.5902, 6394378.1730, 37.7785, 1011.8391, 105.9231
143444.4275, 6394382.6268, 37.3454, 630.8383, 154.1012
143447.9604, 6394375.9541, 37.2830, 1087.9873, 108.6290
143447.7731, 6394375.6739, 37.1958, 1092.7748, 110.0403
143447.7689, 6394375.5363, 37.1273, 1100.0920, 113.4296
143444.4275, 6394382.6268, 37.3454, 630.8383, 154.1012
143447.6696, 6394375.0482, 36.9312, 1122.1083, 121.4348
143447.6598, 6394375.5782, 36.9878, 1091.2587, 123.8509
143447.6598, 6394375.5782, 36.9878, 1091.2587, 123.8509
143447.7160, 6394375.4527, 36.9299, 1101.3755, 127.1380
143447.5981, 6394375.5817, 36.8783, 1087.3199, 131.8448
143443.9762, 6394386.5750, 37.8737, 514.8680, 154.9191
143447.5981, 6394375.5817, 36.8783, 1087.3199, 131.8448
143447.5373, 6394374.1938, 36.6097, 1165.9626, 135.0260
143444.4831, 6394382.5939, 37.3046, 634.7139, 156.6113
143447.5578, 6394375.5951, 36.7963, 1084.0929, 138.0246
143447.7691, 6394374.4872, 36.6445, 1161.0737, 137.7950
143447.8001, 6394374.4603, 36.6191, 1164.4807, 139.7389
143447.5868, 6394375.5736, 36.7721, 1086.8878, 139.8332
143442.6755, 6394388.4640, 37.8705, 416.2930, 163.4522
143436.2602, 6394387.5061, 37.5280, 69.5125, 142.3225
143437.1900, 6394389.9982, 37.6025, 108.9503, 163.8686
143442.2660, 6394388.4851, 37.7846, 395.6604, 166.2174
143453.6934, 6394387.1329, 39.0131, 913.0341, 146.5620
143441.3687, 6394389.0065, 37.7273, 342.8491, 168.9765
143442.2660, 6394388.4851, 37.7846, 395.6604, 166.2174
143441.7438, 6394388.9965, 37.7359, 361.8582, 170.1145
143447.7906, 6394375.9819, 36.4615, 1075.2712, 169.3942
143436.4612, 6394388.0026, 37.5280, 79.0222, 147.9328
143441.7438, 6394388.9965, 37.7359, 361.8582, 170.1145
143447.6582, 6394377.5332, 36.6056, 990.3030, 173.5894
143442.0408, 6394388.5048, 37.6816, 384.0791, 170.7236
143436.4612, 6394388.0026, 37.5280, 79.0222, 147.9328
143442.0873, 6394388.4901, 37.6836, 386.6361, 170.7201
143440.9481, 6394389.0456, 37.6107, 320.8920, 173.4680
143440.9481, 6394389.0456, 37.6107, 320.8920, 173.4680
143456.1756, 6394394.6087, 40.3074, 816.5521, 149.3440
143441.1838, 6394390.5681, 37.7807, 313.0218, 176.3025
143436.6514, 6394388.4954, 37.5430, 87.4912, 152.3616
143442.8964, 6394378.6388, 36.6325, 662.0762, 152.9599
143442.8964, 6394378.6388, 36.6325, 662.0762, 152.9599
143444.7421, 6394382.4512, 37.3584, 652.6884, 153.4524
143447.5231, 6394375.6775, 36.5910, 1077.1040, 154.5021
143445.0998, 6394384.6352, 37.6905, 614.0200, 154.8162
143436.8015, 6394388.9960, 37.5786, 93.1914, 155.3161
143436.8015, 6394388.9960, 37.5786, 93.1914, 155.3161
143445.4514, 6394386.0497, 37.9134, 597.9012, 155.7500
143447.5484, 6394376.6685, 36.7196, 1026.5280, 155.9680
143447.7397, 6394377.5584, 36.8545, 993.9666, 156.8750
143447.5844, 6394376.6398, 36.7063, 1029.9484, 156.8710
143444.4519, 6394387.0406, 37.9081, 528.7078, 158.9736
143444.4519, 6394387.0406, 37.9081, 528.7078, 158.9736
143445.4238, 6394386.5539, 37.9239, 585.3119, 158.9617
143442.9562, 6394388.0671, 37.9168, 436.7408, 159.3681
143448.9324, 6394375.4396, 38.5573, 1173.0040, 13.3471
143448.4681, 6394374.6115, 38.1422, 1196.8229, 26.0659
143448.2343, 6394373.5693, 37.8808, 1251.5813, 25.7311
143442.5290, 6394388.4721, 37.8989, 408.9455, 161.3744
143439.2385, 6394379.0139, 37.8311, 392.5972, 34.4814
143448.6240, 6394375.5639, 38.2678, 1148.4532, 34.3481
143439.5982, 6394379.0435, 37.5672, 419.2118, 59.7307
143439.3878, 6394379.5265, 37.5942, 391.6953, 63.4049
143447.8604, 6394375.0151, 37.2017, 1135.6038, 101.2336
143440.6564, 6394392.5463, 37.9052, 265.0938, 180.9080
143453.7598, 6394385.1206, 39.3794, 976.1548, 114.3432
143447.5297, 6394374.6398, 36.9155, 1138.4708, 116.0368
143442.3575, 6394388.4724, 37.8735, 400.4316, 161.9122
143447.7534, 6394377.0069, 36.9525, 1021.3942, 144.1349
143447.6602, 6394375.1119, 36.4760, 1116.7539, 157.9392
143439.4859, 6394393.5316, 37.9134, 200.3403, 182.1084
143437.2815, 6394389.9843, 37.6167, 114.2049, 163.4263
143439.5841, 6394393.5509, 37.9295, 204.8346, 181.8464
143440.3564, 6394393.5416, 37.9535, 241.1151, 183.5867
143439.1800, 6394394.9880, 37.9480, 174.3716, 188.0068
143439.1800, 6394394.9880, 37.9480, 174.3716, 188.0068
143438.3709, 6394392.9792, 37.6085, 150.4827, 188.9385
143448.3038, 6394380.1884, 36.6443, 911.0853, 197.0384
143446.2171, 6394392.0590, 37.9076, 515.0482, 198.0350
143445.9332, 6394392.4926, 37.7287, 496.4253, 207.2106
143451.6804, 6394386.1593, 37.3521, 863.3104, 210.4374
143440.8238, 6394399.4960, 37.8858, 211.2066, 218.0370
143442.0942, 6394388.4939, 37.7984, 386.9415, 164.7898
143451.7986, 6394387.5417, 37.3211, 830.1097, 219.4985
143447.6866, 6394377.4848, 36.7167, 994.3084, 165.4809
143442.9493, 6394378.6149, 35.6843, 665.4027, 223.5721
143443.1494, 6394388.0397, 37.7942, 446.6736, 166.4316
143447.7233, 6394377.4597, 36.6861, 997.4231, 167.6057
143441.2590, 6394399.5362, 37.6785, 228.1488, 227.4480
143437.3740, 6394390.4755, 37.6089, 115.9667, 167.9622
143447.6256, 6394377.5509, 36.6533, 987.7937, 170.2153
143448.4632, 6394396.5162, 37.7573, 530.0692, 231.0270
143437.6142, 6394390.5405, 37.5837, 128.7439, 170.8460
143440.8083, 6394392.0316, 37.9248, 277.7979, 177.3300
143447.5183, 6394397.5529, 37.7086, 482.2735, 234.4580
143440.8083, 6394392.0316, 37.9248, 277.7979, 177.3300
143437.9357, 6394391.9859, 37.6691, 135.4708, 177.8995
143448.4691, 6394401.0006, 38.0940, 470.5707, 235.0679
143438.4478, 6394376.0044, 34.9562, 405.5809, 237.3603
143438.2257, 6394376.0565, 34.9353, 383.6764, 238.4821
143439.9391, 6394393.0256, 37.9487, 226.3943, 179.0717
143442.6575, 6394404.0186, 37.8542, 246.1473, 240.6154
143437.9903, 6394391.9817, 37.6436, 138.3468, 179.3692
143448.4725, 6394380.1391, 36.9278, 921.7166, 179.8629
143445.3124, 6394403.0029, 37.9143, 345.2064, 240.9835
143435.5281, 6394377.4973, 35.1742, 94.7095, 212.5209
143450.5949, 6394382.4163, 36.6721, 935.5347, 220.1048
143445.3124, 6394403.0029, 37.9143, 345.2064, 240.9835
143448.5179, 6394397.0133, 37.6918, 524.7081, 235.5312
143444.7850, 6394403.4948, 37.8734, 323.0702, 242.8399
143444.8691, 6394403.5005, 37.8773, 325.8390, 242.9037
143444.6371, 6394403.5081, 37.8435, 317.9835, 243.5891
143444.6371, 6394403.5081, 37.8435, 317.9835, 243.5891
143444.4924, 6394403.5029, 37.8267, 313.1482, 243.8400
143442.5112, 6394403.9856, 35.8527, 241.4369, 309.2986
143438.1824, 6394392.4752, 37.6588, 144.6427, 182.6085
143444.4924, 6394403.5029, 37.8267, 313.1482, 243.8400
143438.1824, 6394392.4752, 37.6588, 144.6427, 182.6085
143443.9017, 6394404.0024, 37.7890, 288.9978, 245.4626
143438.3781, 6394392.9698, 37.6685, 150.8924, 186.0187
143443.9017, 6394404.0024, 37.7890, 288.9978, 245.4626
143438.5218, 6394393.4734, 37.7055, 154.3090, 187.8787
143447.7400, 6394377.4882, 36.4797, 996.6097, 182.4778
143448.4501, 6394380.1017, 36.8568, 921.9664, 183.8638
143448.4501, 6394380.1017, 36.8568, 921.9664, 183.8638
143436.5124, 6394387.9722, 36.8952, 82.6762, 184.9267
143438.6088, 6394393.4540, 37.7459, 158.6967, 186.1760
143445.8532, 6394386.0934, 34.4521, 613.8229, 340.1761
143438.6088, 6394393.4540, 37.7459, 158.6967, 186.1760
143448.1322, 6394379.6196, 36.7055, 924.9230, 187.8774
143438.3060, 6394392.9876, 37.6186, 147.1781, 188.2518
143447.7972, 6394377.5431, 36.3399, 996.8547, 193.0764
143447.9280, 6394378.5903, 36.4515, 956.8364, 194.9892
143442.2596, 6394376.1082, 34.8531, 713.1064, 267.7634
143447.9075, 6394392.0750, 36.3655, 581.1392, 269.9019
143443.8464, 6394380.6155, 35.2578, 654.8141, 270.1513
143448.5969, 6394380.5703, 36.6594, 910.9139, 200.3228
143445.1525, 6394384.5913, 35.6125, 616.3770, 271.3849
143445.8453, 6394397.0104, 34.4589, 428.3755, 354.2652
143436.4846, 6394376.9833, 33.6338, 197.5962, 360.2272
143448.0766, 6394407.9420, 34.1827, 385.8367, 372.6673
143448.7904, 6394417.5343, 37.8629, 331.0543, 283.0677
143441.9556, 6394398.0031, 33.8130, 268.7598, 376.6205
143441.9556, 6394398.0031, 33.8130, 268.7598, 376.6205
143442.0633, 6394373.9366, 33.5043, 798.8654, 379.8046
143443.3480, 6394398.4747, 33.5227, 318.4296, 389.0450
143449.3590, 6394420.4336, 37.9576, 326.0715, 286.3188
143442.0099, 6394397.4797, 33.4207, 275.6903, 392.1068
143444.9768, 6394377.6556, 33.3070, 826.2263, 400.8681
143453.2162, 6394405.5788, 36.5274, 555.7908, 304.9071
143451.9276, 6394386.0666, 37.6085, 875.8251, 198.4782
143448.3614, 6394378.8858, 36.4239, 966.4135, 201.3570
143451.8269, 6394386.1109, 37.4559, 870.4938, 205.6983
143450.3510, 6394398.6071, 35.9742, 562.4599, 306.3918
143448.1920, 6394379.0365, 36.3663, 951.3274, 205.4434
143442.1804, 6394373.8575, 33.1674, 811.8214, 412.1429
143441.9975, 6394373.9812, 33.0915, 790.5260, 419.0929
143441.9975, 6394373.9812, 33.0915, 790.5260, 419.0929
143442.3610, 6394382.9976, 32.7894, 503.4273, 429.6615
143448.7398, 6394381.0934, 36.5817, 898.2943, 209.3264
143451.7481, 6394386.0170, 37.3032, 869.9563, 212.2492
143450.0175, 6394381.8307, 36.5502, 930.6290, 221.1616
143448.3509, 6394396.5413, 37.9251, 525.8129, 224.4204
143447.9477, 6394392.0541, 37.3611, 583.5150, 227.2090
143448.1290, 6394396.9845, 37.7685, 511.5855, 231.5587
143456.8576, 6394414.5696, 37.0434, 548.4758, 308.4304
143446.7769, 6394397.5176, 37.6900, 456.4123, 233.1990
143446.7769, 6394397.5176, 37.6900, 456.4123, 233.1990
143442.1107, 6394373.8971, 34.2012, 806.0087, 313.0311
143442.0843, 6394373.9132, 34.1482, 802.9387, 318.0939
143441.6583, 6394374.0461, 34.0833, 761.4049, 323.3815
143442.2682, 6394402.9579, 37.9212, 240.1571, 233.7832
143451.2748, 6394383.9357, 36.6079, 913.3333, 234.3210
143447.9521, 6394392.0586, 35.0978, 582.5917, 324.1387
143446.1872, 6394387.5938, 34.7960, 596.1735, 326.1656
143448.0732, 6394401.0462, 38.0334, 457.1455, 236.4354
143447.9169, 6394392.0747, 35.0383, 580.9185, 326.6508
143442.2489, 6394402.9483, 37.8303, 239.5430, 236.9349
143447.6392, 6394400.4653, 35.0844, 449.1475, 337.1427
143445.7420, 6394402.0529, 37.8800, 368.7988, 239.9779
143443.1671, 6394399.9759, 34.8682, 297.4604, 339.1070
143442.3649, 6394401.5562, 27.9792, 254.9636, 587.8550
143446.2593, 6394395.5132, 34.4864, 463.4825, 352.1050
143445.0046, 6394384.6342, 34.1274, 607.0031, 353.9879
143445.7975, 6394396.0656, 34.3687, 438.6755, 356.8320
143444.9064, 6394384.1240, 33.9903, 614.4957, 360.8731
143444.9064, 6394384.1240, 33.9903, 614.4957, 360.8731
143446.3482, 6394388.1112, 34.0607, 592.0566, 363.3311
143456.8791, 6394414.5938, 34.7231, 548.1942, 366.2296
143442.3649, 6394401.5562, 27.9792, 254.9636, 587.8550
143456.8791, 6394414.5938, 34.7231, 548.1942, 366.2296
143441.9691, 6394373.9899, 33.6218, 788.7172, 368.4491
143446.0137, 6394394.5923, 33.9685, 466.9179, 371.9949
143441.4689, 6394376.5112, 33.5575, 636.8201, 376.4426
143440.5832, 6394374.5926, 33.4244, 644.6882, 385.3681
143447.8397, 6394395.6045, 33.3441, 519.9799, 398.3834
143440.8125, 6394374.5168, 33.2334, 667.2551, 404.0047
143440.8125, 6394374.5168, 33.2334, 667.2551, 404.0047
143440.8105, 6394374.5011, 33.2082, 667.7623, 406.4254
143440.8910, 6394374.5082, 33.2030, 674.1985, 407.0017
143442.4737, 6394381.1089, 33.0891, 557.1383, 412.4772
143440.9362, 6394374.4830, 33.1474, 679.0676, 412.3778
143441.9635, 6394373.9931, 33.1363, 787.2629, 414.7882
143441.0039, 6394374.4442, 33.0942, 686.4414, 417.5605
143441.0039, 6394374.4442, 33.0942, 686.4414, 417.5605
143441.0039, 6394374.4442, 33.0942, 686.4414, 417.5605
143443.6987, 6394384.6020, 32.9228, 540.4043, 420.4040
143441.6448, 6394374.1048, 32.8334, 755.2831, 443.3441
143439.8484, 6394375.0012, 32.3860, 563.2564, 483.6546
143439.8170, 6394374.9929, 32.3664, 560.8228, 485.6064
143440.6409, 6394374.4786, 32.3676, 653.3400, 487.1127
143440.6409, 6394374.4786, 32.3676, 653.3400, 487.1127
143444.0211, 6394403.5318, 37.7753, 296.9163, 244.6911
143440.4275, 6394374.5228, 32.3404, 633.1087, 489.7954
143440.7319, 6394374.4276, 32.3390, 663.3209, 489.9977
143450.2266, 6394401.0785, 37.9081, 525.3376, 245.4782
143440.7072, 6394374.4375, 32.2948, 660.7172, 494.2228
143451.5390, 6394385.5488, 36.5225, 874.4899, 247.1544
143451.5390, 6394385.5488, 36.5225, 874.4899, 247.1544
143451.5035, 6394386.5802, 36.5361, 843.8865, 250.8732
143451.8119, 6394386.4804, 37.2890, 859.3170, 215.6172
143451.5739, 6394386.0837, 37.1459, 861.0864, 219.5895
143449.0883, 6394396.4625, 37.9873, 552.7148, 223.6516
143449.0654, 6394396.4745, 37.8821, 551.7039, 227.6349
143449.0654, 6394396.4745, 37.8821, 551.7039, 227.6349
143447.8395, 6394392.1109, 36.3135, 577.8453, 272.0933
143453.1184, 6394410.5092, 37.8383, 499.0923, 276.2889
143439.9303, 6394380.5380, 34.8728, 406.8668, 282.3903
143439.9303, 6394380.5380, 34.8728, 406.8668, 282.3903
143449.0672, 6394417.9972, 37.8598, 334.8323, 284.2987
143448.4745, 6394396.5091, 37.7765, 530.5749, 230.2933
143448.9675, 6394376.4988, 38.4558, 1115.3904, 38.8018
143439.1764, 6394379.0740, 37.6681, 386.3306, 48.0456
143439.1764, 6394379.0740, 37.6681, 386.3306, 48.0456
143447.8797, 6394373.6867, 37.4949, 1221.8392, 56.6259
143448.3936, 6394376.5698, 37.6809, 1079.6156, 90.9195
143448.0518, 6394375.5406, 37.4371, 1116.4139, 92.0327
143440.7985, 6394382.0770, 37.8159, 431.4567, 94.7608
143447.5101, 6394374.1535, 36.8470, 1167.5642, 114.6588
143441.4161, 6394383.5403, 37.5609, 438.3067, 131.9917
143447.6017, 6394377.1263, 36.7462, 1006.8810, 159.2246
143435.4776, 6394385.4728, 36.5462, 29.2657, 181.1772
143450.1901, 6394417.5272, 37.8359, 365.7169, 285.4851
143450.1901, 6394417.5272, 37.8359, 365.7169, 285.4851
143449.8919, 6394401.4602, 38.0857, 510.0886, 239.9835
143451.5404, 6394385.5364, 36.6100, 874.9998, 242.8252
143447.8354, 6394392.1142, 35.8373, 577.4175, 292.4707
143447.8014, 6394416.9431, 37.2476, 309.9156, 296.6670
143446.1355, 6394392.4686, 37.8078, 505.0166, 204.2869
143451.3598, 6394385.6698, 36.5876, 863.9404, 243.9800
143437.7831, 6394391.4780, 35.8649, 131.6482, 265.3150
143438.7976, 6394393.9662, 35.8469, 164.4799, 277.9433
143438.7892, 6394385.9588, 35.2016, 241.1145, 281.8770
143446.2153, 6394387.5925, 35.2666, 597.7122, 302.8328
143446.2153, 6394387.5925, 35.2666, 597.7122, 302.8328
143446.1983, 6394412.9431, 37.9889, 293.5439, 266.9976
143454.9416, 6394410.1024, 36.8371, 549.1359, 305.3527
143454.5583, 6394409.9751, 38.1234, 541.2443, 269.4367
143445.6680, 6394386.0883, 35.7527, 606.0231, 271.4703
143438.9347, 6394394.9930, 35.2436, 163.5733, 308.5787
143454.7960, 6394382.6295, 41.1158, 1103.9221, 8.3218
143454.8901, 6394383.6272, 41.3055, 1071.0493, 11.2572
143438.9347, 6394394.9930, 35.2436, 163.5733, 308.5787
143457.5079, 6394389.6312, 42.6600, 976.7411, 27.8448
143439.5056, 6394378.9640, 37.8455, 414.2886, 35.1776
143457.1114, 6394389.0640, 42.2664, 979.0980, 36.8135
143435.6767, 6394379.0160, 33.9861, 93.5962, 331.7529
143457.1114, 6394389.0640, 42.2664, 979.0980, 36.8135
143439.1607, 6394379.5086, 37.6734, 375.0336, 54.7509
143447.2919, 6394390.1199, 34.9102, 592.3054, 327.6866
143443.5396, 6394397.9444, 34.4358, 331.1030, 353.6432
143444.0130, 6394381.6079, 33.9284, 633.8372, 359.9819
143437.0211, 6394377.4516, 33.5511, 239.9124, 369.8738
143456.0305, 6394388.6584, 41.1228, 953.7535, 75.9796
143445.8687, 6394393.4611, 33.5001, 477.6386, 390.9033
143456.0305, 6394388.6584, 41.1228, 953.7535, 75.9796
143454.0497, 6394383.9481, 39.9815, 1026.5457, 75.7014
143445.8687, 6394393.4611, 33.5001, 477.6386, 390.9033
143442.0057, 6394373.9761, 33.1206, 791.5066, 416.3359
143448.2538, 6394375.9484, 37.6679, 1105.2950, 82.0961
143457.3315, 6394388.5894, 42.9194, 1000.0632, 6.0970
143448.0391, 6394376.0345, 37.4038, 1088.2278, 101.2744
143447.5990, 6394373.5044, 36.8091, 1215.7671, 109.1466
143443.0415, 6394385.9996, 32.8362, 477.1282, 423.7267
143448.1983, 6394377.6512, 37.4492, 1015.1141, 119.4866
143447.5273, 6394374.2001, 36.6259, 1165.0182, 133.6928
143447.5273, 6394374.2001, 36.6259, 1165.0182, 133.6928
143447.6026, 6394374.6720, 36.5996, 1139.9590, 142.4682
143448.0927, 6394378.0464, 37.1639, 990.7400, 142.7971
143457.3315, 6394388.5894, 42.9194, 1000.0632, 6.0970
143447.7066, 6394375.4857, 36.6551, 1098.3578, 148.6587
143447.5511, 6394375.1928, 36.5400, 1105.9543, 153.0864
143442.1519, 6394388.4852, 37.8743, 389.9792, 161.0290
143457.4309, 6394388.4838, 42.9104, 1006.2351, 5.9899
143443.0683, 6394388.4928, 37.7688, 434.9887, 170.6449
143447.6175, 6394377.1515, 36.5590, 1006.1696, 172.9601
143447.8181, 6394377.0100, 36.3819, 1023.6725, 185.4566
143457.5471, 6394389.1571, 43.0008, 991.2137, 9.5312
143446.2140, 6394387.5831, 34.6060, 597.4929, 335.6246
143446.2140, 6394387.5831, 34.6060, 597.4929, 335.6246
143442.0013, 6394373.9663, 33.9423, 793.1058, 337.7875
143455.7196, 6394385.1496, 41.8017, 1049.4458, 9.9459
143441.2259, 6394378.0223, 37.8466, 569.3307, 36.0184
143439.0834, 6394379.0787, 37.7581, 379.0590, 39.9335
143440.0657, 6394378.9639, 37.8579, 456.3515, 39.8338
143446.1649, 6394387.6094, 34.5367, 594.7037, 339.0287
143442.0553, 6394373.9310, 33.9304, 799.2782, 338.9818
143454.9117, 6394385.1507, 40.8409, 1019.3138, 50.6525
143454.3214, 6394383.6971, 40.4584, 1046.1553, 50.8593
143454.3214, 6394383.6971, 40.4584, 1046.1553, 50.8593
143438.3705, 6394379.5173, 37.6112, 313.8151, 52.2087
143438.1016, 6394379.5418, 37.5352, 292.0251, 56.1204
143442.0408, 6394373.9421, 33.8904, 797.4590, 342.8039
143438.4197, 6394379.5402, 37.5553, 317.2166, 57.5529
143438.1870, 6394379.5663, 37.5123, 298.3429, 59.2001
143438.1870, 6394379.5663, 37.5123, 298.3429, 59.2001
143438.0220, 6394380.0439, 37.5478, 276.3991, 62.5890
143438.0220, 6394380.0439, 37.5478, 276.3991, 62.5890
143437.4282, 6394382.0550, 37.8312, 199.8774, 66.6274
143445.2406, 6394385.1053, 34.2629, 607.4606, 347.6033
143454.1172, 6394384.1501, 40.1721, 1022.4407, 68.5829
143448.3465, 6394376.0350, 37.8321, 1105.9594, 71.8945
143447.6681, 6394391.1124, 34.4999, 588.4589, 348.0907
143437.2813, 6394382.5655, 37.8209, 182.5644, 73.4823
143444.6669, 6394383.6246, 34.1534, 614.9052, 350.4513
143437.2813, 6394382.5655, 37.8209, 182.5644, 73.4823
143436.7964, 6394383.5483, 37.8062, 136.5576, 84.0471
143455.3520, 6394388.1023, 40.6472, 945.7903, 88.5949
143448.3964, 6394393.6204, 35.9771, 572.6367, 291.7324
143455.3520, 6394388.1023, 40.6472, 945.7903, 88.5949
143448.0467, 6394376.0907, 37.5246, 1085.8649, 93.0804
143447.9276, 6394375.6681, 37.4188, 1102.2585, 94.1970
143435.2407, 6394384.4879, 37.6167, 16.2842, 97.4381
143453.9680, 6394385.1424, 39.7683, 983.6856, 96.8102
143448.2385, 6394393.1005, 35.8378, 575.5405, 295.8262
143454.1845, 6394385.6048, 39.6599, 976.9589, 107.0670
143447.7403, 6394375.0532, 37.0210, 1126.0746, 114.9969
143447.7470, 6394374.9559, 36.9786, 1132.1117, 117.0842
143441.9476, 6394374.0035, 33.7734, 786.5359, 353.9290
143448.4924, 6394378.1216, 37.5816, 1008.8202, 117.9172
143447.7624, 6394375.4758, 36.9953, 1102.8452, 122.7453
143448.2385, 6394393.1005, 35.8378, 575.5405, 295.8262
143448.5878, 6394378.6446, 37.5622, 990.2142, 125.7038
143447.6018, 6394375.6406, 36.9617, 1084.4309, 126.2080
143445.7908, 6394396.0708, 34.2858, 438.3390, 360.1107
143447.6018, 6394375.6406, 36.9617, 1084.4309, 126.2080
143447.6088, 6394375.5742, 36.6841, 1087.9099, 146.7664
143447.6836, 6394377.0975, 36.8315, 1012.9126, 153.3348
143444.2692, 6394399.9853, 34.2510, 337.6743, 363.0945
143444.2692, 6394399.9853, 34.2510, 337.6743, 363.0945
143445.9818, 6394395.5740, 34.2105, 452.1267, 362.8784
143444.7126, 6394383.6085, 33.9191, 617.5263, 364.0762
143454.1983, 6394384.5370, 40.2060, 1012.5166, 71.1774
143447.6924, 6394375.0058, 36.7331, 1125.4436, 136.6857
143453.2704, 6394405.5551, 36.6659, 557.5962, 300.7892
143448.3683, 6394378.5921, 37.3427, 980.9645, 138.2578
143452.0135, 6394385.0399, 37.8747, 909.9085, 179.4790
143444.3790, 6394382.5515, 33.7248, 627.5881, 374.1240
143444.3790, 6394382.5515, 33.7248, 627.5881, 374.1240
143448.6264, 6394394.1023, 35.7745, 572.9392, 301.5550
143445.9470, 6394393.9809, 33.8709, 473.1283, 375.6257
143442.1118, 6394373.9048, 33.5417, 804.4964, 376.2848
143447.5383, 6394375.6787, 36.5207, 1077.7456, 160.0036
143447.8148, 6394375.4136, 36.4978, 1108.1993, 160.7020
143442.9139, 6394388.4778, 37.8931, 427.7559, 163.4605
143442.9139, 6394388.4778, 37.8931, 427.7559, 163.4605
143443.0764, 6394388.0583, 37.8587, 442.7891, 162.8839
143447.7660, 6394375.4661, 36.4827, 1102.4293, 162.1135
143447.7660, 6394375.4661, 36.4827, 1102.4293, 162.1135
143442.5386, 6394388.4837, 37.8307, 409.2191, 165.0407
143442.5386, 6394388.4837, 37.8307, 409.2191, 165.0407
143447.7523, 6394376.0096, 36.5043, 1071.7429, 166.2308
143435.3502, 6394385.0114, 36.6202, 22.4491, 171.4791
143442.3272, 6394388.5052, 37.6984, 398.3739, 171.1187
143449.0675, 6394395.0885, 35.7376, 572.6312, 305.9752
143452.2277, 6394384.9968, 38.0011, 919.7913, 173.8172
143452.2482, 6394386.1261, 37.9855, 886.8673, 181.9825
143445.1403, 6394388.0987, 33.4983, 538.0482, 389.7157
143442.0336, 6394373.9468, 33.3438, 795.6740, 395.0962
143441.9185, 6394373.9921, 33.3172, 784.0062, 397.4828
143452.2482, 6394386.1261, 37.9855, 886.8673, 181.9825
143442.0393, 6394379.5961, 33.1980, 572.5900, 405.5768
143441.9877, 6394373.9876, 33.2212, 789.6400, 406.7282
143447.9115, 6394378.5684, 36.6406, 957.2241, 182.0909
143451.2183, 6394404.6078, 32.9730, 510.4294, 410.6787
143449.1150, 6394419.9497, 37.0587, 323.2611, 307.2092
143451.2183, 6394404.6078, 32.9730, 510.4294, 410.6787
143441.9531, 6394379.6199, 33.0616, 566.1712, 415.2594
143441.9531, 6394379.6199, 33.0616, 566.1712, 415.2594
143440.8126, 6394376.1278, 33.0763, 600.5204, 416.9679
143441.9357, 6394373.9910, 33.1023, 785.0816, 418.0129
143442.8061, 6394377.6169, 33.0268, 689.1437, 420.3494
143442.8061, 6394377.6169, 33.0268, 689.1437, 420.3494
143442.8061, 6394377.6169, 33.0268, 689.1437, 420.3494
143442.6120, 6394377.1214, 33.0164, 694.7969, 421.6878
143442.6120, 6394377.1214, 33.0164, 694.7969, 421.6878
143442.2760, 6394376.1300, 32.9899, 710.9782, 425.1106
143442.1237, 6394380.0981, 32.8485, 563.1895, 429.8003
143442.4754, 6394376.6032, 32.9180, 705.6734, 430.3269
143436.7359, 6394388.4682, 36.8855, 93.0600, 190.1665
143446.2353, 6394392.4656, 37.9809, 509.1416, 197.0465
143448.5424, 6394380.6073, 36.6837, 906.9088, 198.8578
143437.7935, 6394391.9742, 35.2183, 128.9215, 299.4583
143444.5229, 6394382.6083, 34.4983, 634.3568, 327.6729
143444.5229, 6394382.6083, 34.4983, 634.3568, 327.6729
143446.0964, 6394392.4795, 37.8409, 503.2705, 202.7704
143437.7935, 6394391.9742, 35.2183, 128.9215, 299.4583
143448.3693, 6394379.4858, 36.4074, 941.8008, 207.0015
143436.1176, 6394387.4812, 34.4917, 62.1899, 322.3723
143446.1749, 6394392.0888, 37.8210, 512.8105, 201.8694
143447.8473, 6394391.6208, 34.9867, 586.3789, 327.9399
143440.2381, 6394380.9784, 34.2021, 417.8618, 332.9953
143446.0226, 6394392.5371, 37.6389, 499.3046, 211.6377
143448.2177, 6394379.5946, 36.4792, 929.8968, 202.5200
143448.0056, 6394379.1779, 36.4113, 935.9856, 202.6926
143448.0056, 6394379.1779, 36.4113, 935.9856, 202.6926
143447.5221, 6394395.5260, 38.0085, 511.0760, 214.6528
143443.4533, 6394406.4512, 35.4493, 255.6873, 327.8680
143443.3271, 6394400.4972, 34.9795, 298.6508, 335.8677
143446.2453, 6394392.4912, 37.7374, 509.0490, 207.8212
143448.2459, 6394379.5890, 36.3789, 931.3920, 208.9993
143449.2085, 6394380.9460, 36.4526, 925.7216, 218.0134
143447.5221, 6394395.5260, 38.0085, 511.0760, 214.6528
143443.4533, 6394406.4512, 35.4493, 255.6873, 327.8680
143436.0335, 6394378.9752, 33.9343, 126.5591, 337.1277
143451.5237, 6394385.6273, 37.1425, 872.2354, 217.1758
143442.1011, 6394373.9114, 33.7793, 803.7187, 353.5376
143445.0514, 6394401.4960, 34.5348, 350.4824, 354.8348
143446.2798, 6394395.5091, 34.3994, 464.2846, 355.5909
143444.6902, 6394383.6160, 34.0360, 616.2552, 357.2843
143442.4552, 6394377.1169, 33.7923, 685.0070, 359.8731
143442.4552, 6394377.1169, 33.7923, 685.0070, 359.8731
143444.4555, 6394382.5132, 33.7246, 632.7516, 374.2036
143442.1069, 6394373.9082, 33.4510, 803.7618, 384.9545
143447.3340, 6394397.0103, 37.7210, 483.0962, 231.4697
143445.4277, 6394394.5169, 33.7988, 445.1841, 378.4275
143439.7449, 6394378.4374, 33.0584, 444.2843, 415.3022
143437.5499, 6394382.4510, 35.3199, 204.2253, 251.8574
143447.3340, 6394397.0103, 37.7210, 483.0962, 231.4697
143447.1481, 6394397.0504, 37.6722, 475.8910, 233.0274
143441.9244, 6394373.9884, 33.3801, 784.7871, 391.4814
143457.3776, 6394388.5560, 42.8380, 1002.3979, 9.4608
143443.1104, 6394382.6026, 33.3153, 555.9022, 397.8593
143447.1481, 6394397.0504, 37.6722, 475.8910, 233.0274
143443.1104, 6394382.6026, 33.3153, 555.9022, 397.8593
143442.0225, 6394373.9545, 33.3053, 794.3130, 398.7538
143455.8770, 6394385.6188, 41.7804, 1039.6161, 17.0604
143438.7700, 6394394.4695, 35.3352, 159.6143, 302.8260
143457.2188, 6394388.6084, 42.5742, 995.5266, 20.2090
143443.1975, 6394383.0982, 33.1200, 548.4950, 409.7059
143443.1975, 6394383.0982, 33.1200, 548.4950, 409.7059
143442.8754, 6394399.9706, 35.1107, 286.6487, 329.6765
143449.9043, 6394401.4704, 38.0705, 510.3410, 240.5573
143450.0887, 6394402.5221, 32.9458, 501.7655, 411.8713
143441.3349, 6394377.6070, 33.1253, 587.1612, 411.7746
143464.1478, 6394403.0166, 46.4291, 873.5548, 30.5619
143441.3349, 6394377.6070, 33.1253, 587.1612, 411.7746
143440.9428, 6394374.4363, 33.1144, 681.7210, 415.5931
143442.0262, 6394376.1520, 37.5783, 697.5142, 32.4929
143441.8633, 6394377.5720, 37.8525, 630.6337, 34.0820
143451.5690, 6394386.5124, 36.7041, 848.4563, 242.7923
143442.0747, 6394377.5539, 37.8770, 646.3177, 33.9567
143445.7211, 6394391.0018, 32.8556, 510.5402, 419.5079
143441.7255, 6394377.5613, 37.8278, 621.1378, 34.4735
143442.7930, 6394382.1118, 32.9262, 549.8313, 422.2892
143441.8157, 6394377.5965, 37.8489, 626.3586, 34.3184
143441.7883, 6394379.1113, 32.9339, 570.3735, 425.0004
143441.7883, 6394379.1113, 32.9339, 570.3735, 425.0004
143442.0433, 6394373.9609, 33.0291, 795.1499, 425.0901
143443.3771, 6394400.4842, 34.9940, 300.5930, 335.3768
143442.9679, 6394382.6039, 32.8621, 547.5313, 425.8050
143442.9679, 6394382.6039, 32.8621, 547.5313, 425.8050
143441.9473, 6394379.6087, 32.9054, 566.0141, 426.4392
143442.2693, 6394376.1331, 32.9481, 710.3078, 428.6033
143441.2632, 6394374.0847, 32.9054, 724.9766, 436.4831
143441.6829, 6394374.0805, 32.8530, 759.6385, 441.5326
143439.6255, 6394375.0078, 32.3595, 543.4105, 486.4584
143439.8171, 6394374.9769, 32.3284, 561.4180, 489.3230
143439.7381, 6394375.0046, 32.2375, 553.3376, 497.9701
143458.1820, 6394392.1494, 43.1407, 933.9518, 34.4031
143442.3685, 6394400.0471, 34.7951, 266.9709, 340.9827
143442.3685, 6394400.0471, 34.7951, 266.9709, 340.9827
143458.1820, 6394392.1494, 43.1407, 933.9518, 34.4031
143439.3734, 6394379.0097, 37.6816, 403.0122, 47.8154
143457.9411, 6394390.5738, 42.7516, 965.5281, 34.8442
143444.6137, 6394400.9584, 34.7031, 340.4733, 347.9007
143457.9411, 6394390.5738, 42.7516, 965.5281, 34.8442
143441.4757, 6394378.0344, 37.8781, 586.9326, 36.2437
143442.1908, 6394376.6533, 37.6681, 689.0483, 36.0581
143442.1908, 6394376.6533, 37.6681, 689.0483, 36.0581
143445.1579, 6394401.4905, 34.5533, 354.2040, 354.2796
143442.0448, 6394373.9498, 33.7700, 797.1603, 354.3690
143445.5950, 6394386.1182, 34.1695, 600.9661, 354.6079
143447.4650, 6394406.9327, 34.5141, 376.9297, 361.6505
143442.0077, 6394373.9758, 33.6624, 792.6196, 364.6273
143444.3489, 6394399.9658, 34.1667, 340.7376, 366.2426
143443.4683, 6394405.9425, 37.0000, 259.7220, 276.3912
143438.3718, 6394393.4716, 35.6086, 147.5144, 286.4586
143450.1589, 6394413.4447, 34.4568, 395.8589, 368.5899
143438.3718, 6394393.4716, 35.6086, 147.5144, 286.4586
143445.2636, 6394396.0129, 33.8581, 419.0452, 376.5594
143447.0266, 6394405.4301, 33.9477, 377.3320, 378.2996
143442.7517, 6394396.9731, 35.1354, 310.2405, 323.6203
143445.1851, 6394377.5102, 33.4332, 845.0944, 391.8676
143445.0777, 6394377.5846, 33.4472, 835.4897, 390.7365
143442.0126, 6394373.9714, 33.3809, 792.7631, 391.5321
143441.5928, 6394384.4954, 33.1803, 428.2108, 404.4814
143444.8207, 6394395.5835, 33.1527, 407.3121, 404.5072
143441.7383, 6394374.0467, 33.0294, 766.1476, 424.7792
143439.3794, 6394375.0268, 32.2983, 520.7491, 492.6120
143447.1915, 6394405.9233, 33.1087, 377.7440, 404.8668
143447.7150, 6394395.6101, 32.8873, 515.2607, 416.0853
143447.7150, 6394395.6101, 32.8873, 515.2607, 416.0853
143443.8222, 6394385.1158, 32.9011, 535.4423, 421.2110
143441.8822, 6394374.0058, 33.0492, 779.9152, 423.0271
143443.3211, 6394385.9819, 32.8281, 491.7869, 424.2647
143443.3211, 6394385.9819, 32.8281, 491.7869, 424.2647
143442.5359, 6394384.9610, 32.8150, 471.0299, 425.8394
143441.4325, 6394378.1110, 32.9217, 577.2819, 427.2528
143441.4325, 6394378.1110, 32.9217, 577.2819, 427.2528
143441.1372, 6394379.0074, 32.7408, 529.0286, 439.3714
143439.5528, 6394375.0068, 32.3768, 537.0238, 484.9092
143439.3468, 6394375.0174, 32.2566, 518.1400, 496.7438
143439.3468, 6394375.0174, 32.2566, 518.1400, 496.7438
143452.9580, 6394410.5260, 37.9661, 494.8376, 272.5688
143453.9999, 6394410.4689, 37.9400, 521.9108, 274.6777
143451.4463, 6394401.0642, 36.9391, 562.6865, 280.2861
143455.9648, 6394412.6083, 37.9566, 547.7665, 281.0468
143455.9648, 6394412.6083, 37.9566, 547.7665, 281.0468
143455.0102, 6394410.1025, 37.5386, 551.0194, 286.3233
143449.0450, 6394376.5645, 38.6156, 1116.2878, 29.0747
143449.0450, 6394376.5645, 38.6156, 1116.2878, 29.0747
143455.1536, 6394386.5859, 40.5926, 982.7311, 77.1196
143441.4992, 6394383.4682, 37.8619, 444.8260, 112.8069
143437.9991, 6394392.4763, 35.4242, 135.9489, 291.3147
143441.4992, 6394383.4682, 37.8619, 444.8260, 112.8069
143448.7735, 6394378.6308, 37.7245, 1000.4791, 116.0885
143448.7735, 6394378.6308, 37.7245, 1000.4791, 116.0885
143448.7735, 6394378.6308, 37.7245, 1000.4791, 116.0885
143447.4126, 6394373.7239, 36.7602, 1189.6382, 114.9096
143451.3829, 6394401.0955, 36.4468, 560.1832, 296.6588
143436.3564, 6394378.9546, 35.2806, 155.0886, 222.5814
143451.3829, 6394401.0955, 36.4468, 560.1832, 296.6588
143449.9406, 6394397.6117, 36.0135, 563.6155, 302.3372
143437.0751, 6394381.5072, 35.0080, 181.2275, 266.7639
143438.6503, 6394385.9997, 35.0378, 232.2280, 291.4274
143440.9093, 6394391.9813, 35.1037, 283.2389, 311.4646
143445.6039, 6394402.9584, 35.4966, 355.1887, 323.9182
143445.6039, 6394402.9584, 35.4966, 355.1887, 323.9182
143444.9313, 6394400.4388, 33.5143, 356.7060, 390.5443
143447.5034, 6394406.9174, 35.2931, 378.2803, 337.7109
143447.5034, 6394406.9174, 35.2931, 378.2803, 337.7109
143446.1541, 6394395.5098, 34.2957, 459.5237, 359.5954
143444.7604, 6394383.5842, 33.9674, 620.6571, 361.3227
143444.7604, 6394383.5842, 33.9674, 620.6571, 361.3227
143442.0988, 6394373.9136, 33.6980, 803.2731, 361.3212
143442.1569, 6394373.8737, 33.5436, 809.7673, 376.1621
143442.1569, 6394373.8737, 33.5436, 809.7673, 376.1621
143441.9651, 6394373.9927, 33.5328, 788.0988, 376.9556
143442.0234, 6394373.9647, 33.5255, 794.2311, 377.7360
143436.1377, 6394387.4842, 36.2602, 62.5212, 217.2981
143435.8501, 6394378.0156, 34.9342, 120.4577, 242.0343
143442.0791, 6394373.9266, 33.4059, 800.4896, 389.2287
143445.3671, 6394393.5819, 33.4689, 455.9160, 391.9052
143445.3379, 6394378.4929, 33.3234, 813.7616, 399.8321
143442.5374, 6394397.9705, 33.9188, 292.0191, 372.9106
143450.2530, 6394404.4270, 33.2850, 484.5652, 400.6958
143450.2530, 6394404.4270, 33.2850, 484.5652, 400.6958
143445.7134, 6394393.4845, 33.2335, 471.0698, 402.0336
143445.3743, 6394393.5681, 33.1999, 456.3389, 403.2628
143445.9148, 6394393.4076, 33.1604, 480.1678, 405.2250
143448.5034, 6394397.6133, 33.1232, 514.3304, 406.6885
143444.4578, 6394386.6043, 33.1183, 535.7128, 408.7885
143444.4578, 6394386.6043, 33.1183, 535.7128, 408.7885
143441.9353, 6394373.9812, 33.1853, 785.6998, 410.0993
143444.9746, 6394388.1029, 32.9776, 530.1848, 415.3824
143444.9746, 6394388.1029, 32.9776, 530.1848, 415.3824
143439.1075, 6394376.9811, 33.0513, 433.9329, 417.0670
143443.3082, 6394387.4818, 32.8457, 462.8303, 421.9516
143441.2642, 6394380.0124, 32.7620, 509.6245, 435.9012
143439.5551, 6394375.0102, 32.4482, 537.1575, 478.0243
143439.4425, 6394375.0205, 32.3898, 526.7010, 483.7342
143457.1577, 6394388.6925, 42.6206, 991.2455, 18.7262
143457.1577, 6394388.6925, 42.6206, 991.2455, 18.7262
143457.2121, 6394389.6059, 42.3129, 967.7058, 40.3032
143456.1801, 6394386.6270, 41.4562, 1017.9792, 43.9505
143440.0851, 6394378.9657, 37.7893, 457.7067, 45.4930
143440.0861, 6394378.9864, 37.7071, 457.1880, 52.3514
143438.2154, 6394379.5277, 37.5861, 301.3505, 52.8862
143438.9057, 6394379.4993, 37.6534, 355.7978, 53.7316
143438.7045, 6394379.5151, 37.6137, 339.9456, 55.2164
143438.7045, 6394379.5151, 37.6137, 339.9456, 55.2164
143454.0304, 6394384.6401, 40.0012, 1002.5759, 81.2540
143454.0304, 6394384.6401, 40.0012, 1002.5759, 81.2540
143448.1874, 6394376.1265, 37.6956, 1092.0208, 82.0115
143448.0644, 6394375.9850, 37.4876, 1092.4972, 94.5300
143447.5468, 6394374.1606, 37.0121, 1169.7104, 101.4202
143441.0108, 6394383.0454, 37.8811, 424.1853, 103.5704
143449.3890, 6394379.6153, 38.0123, 989.0143, 112.5492
143447.9407, 6394376.5650, 37.1385, 1054.2372, 126.8703
143448.4873, 6394378.1328, 37.5556, 1007.9965, 119.7656
143447.5218, 6394373.6785, 36.5936, 1198.7333, 129.3009
143454.1663, 6394387.5935, 39.4583, 917.5186, 131.7443
143454.1663, 6394387.5935, 39.4583, 917.5186, 131.7443
143447.6606, 6394375.4979, 36.7877, 1095.3593, 138.2555
143447.6606, 6394375.4979, 36.7877, 1095.3593, 138.2555
143453.8463, 6394387.5881, 39.0436, 905.8569, 148.9450
143453.8463, 6394387.5881, 39.0436, 905.8569, 148.9450
143453.6544, 6394387.1161, 38.8966, 911.9795, 151.5948
143447.7211, 6394377.0133, 36.7838, 1018.9920, 156.1094
143452.1337, 6394386.1111, 37.8475, 882.7551, 188.0503
143452.1337, 6394386.1111, 37.8475, 882.7551, 188.0503
143445.9429, 6394392.4613, 37.9520, 497.3876, 197.3073
143448.1409, 6394379.6464, 36.5247, 924.0230, 199.6530
143445.8034, 6394392.4582, 37.8067, 491.7223, 203.1973
143449.2708, 6394381.4039, 36.3981, 911.7525, 224.3481
143448.2255, 6394397.0583, 37.6753, 513.8822, 235.6074
143448.2255, 6394397.0583, 37.6753, 513.8822, 235.6074
143436.5017, 6394379.4778, 35.1593, 160.9506, 238.1691
143450.3832, 6394400.9988, 38.0316, 531.2773, 241.3764
143450.1595, 6394401.4638, 38.0322, 518.3420, 242.3633
143443.7651, 6394406.9504, 37.9345, 262.1436, 249.2542
143437.8014, 6394382.9531, 35.1925, 215.5173, 264.6887
143442.2333, 6394402.9571, 36.9483, 238.9902, 268.2090
143454.5388, 6394409.1024, 37.8829, 550.2444, 274.2227
143438.7013, 6394393.9879, 35.7650, 159.7327, 281.5732
143440.9426, 6394391.9548, 35.3894, 285.0985, 297.9438
143447.6961, 6394416.4352, 36.9983, 310.5168, 302.2442
143447.4918, 6394390.6208, 34.9885, 590.8729, 325.4397
143447.4918, 6394390.6208, 34.9885, 590.8729, 325.4397
143447.6411, 6394391.1246, 34.8981, 587.3512, 330.6023
143449.5657, 6394411.9203, 35.2095, 392.9517, 346.7752
143436.1599, 6394377.4879, 33.7294, 158.0554, 351.5928
143436.1599, 6394377.4879, 33.7294, 158.0554, 351.5928
143445.4590, 6394401.4735, 34.4167, 364.6813, 359.3424
143445.8493, 6394396.5159, 34.1709, 434.7370, 365.0348
143445.6438, 6394396.4742, 34.1118, 427.5914, 367.1284
143445.6438, 6394396.4742, 34.1118, 427.5914, 367.1284
143445.2753, 6394397.5720, 33.8299, 400.4150, 378.3407
143445.0329, 6394396.0637, 33.7237, 409.5701, 381.7553
143445.0329, 6394396.0637, 33.7237, 409.5701, 381.7553
143449.4662, 6394411.4326, 33.8774, 394.2539, 383.3281
143449.4662, 6394411.4326, 33.8774, 394.2539, 383.3281
143445.1739, 6394394.5238, 33.6626, 435.0964, 383.8572
143445.0622, 6394377.5953, 33.4452, 834.1004, 390.8699
143445.1797, 6394394.0851, 33.4460, 441.3142, 392.7861
143441.9799, 6394373.9926, 33.2770, 788.8478, 401.3896
143440.7580, 6394374.5124, 33.2527, 662.8781, 402.1029
143440.7580, 6394374.5124, 33.2527, 662.8781, 402.1029
143442.8585, 6394382.1105, 33.1729, 553.8072, 406.7097
143446.6458, 6394402.4700, 33.0271, 394.0668, 408.1079
143446.6458, 6394402.4700, 33.0271, 394.0668, 408.1079
143439.0453, 6394377.0024, 33.0907, 428.1429, 413.5507
143439.0453, 6394377.0024, 33.0907, 428.1429, 413.5507
143442.1043, 6394373.9207, 33.1018, 802.2737, 418.2696
143442.4608, 6394385.5177, 32.8410, 456.0713, 423.7652
143440.8961, 6394377.9907, 32.7244, 542.5472, 442.8627
143439.4914, 6394375.0226, 32.4404, 531.0289, 478.7872
143455.2662, 6394383.9181, 41.5655, 1074.9163, 4.2910
143454.8519, 6394383.5451, 41.0550, 1072.2086, 22.6089
143448.8517, 6394376.0495, 38.4327, 1133.6449, 32.2247
143439.4974, 6394378.9490, 37.8525, 414.0376, 34.2599
143447.5124, 6394373.2000, 37.2010, 1232.9557, 69.6050
143447.5124, 6394373.2000, 37.2010, 1232.9557, 69.6050
143457.5583, 6394389.1473, 43.0020, 991.8387, 9.4474
143448.8536, 6394375.0120, 38.4646, 1194.0814, 11.9907
143454.9167, 6394387.1834, 40.4396, 956.6210, 88.0094
143441.3688, 6394382.4980, 37.9156, 457.9223, 97.3721
143448.6901, 6394377.4448, 37.7408, 1051.2810, 100.3237
143455.9788, 6394385.6398, 41.8963, 1042.6327, 12.5330
143441.0533, 6394383.5898, 37.7901, 415.7114, 115.7769
143441.8177, 6394383.4771, 37.7717, 463.3656, 120.6064
143457.2842, 6394388.5800, 42.7164, 998.5854, 14.3003
143441.8177, 6394383.4771, 37.7717, 463.3656, 120.6064
143449.0353, 6394376.6924, 38.6557, 1109.1141, 28.1608
143441.7467, 6394383.5148, 37.5971, 458.3362, 131.4810
143441.7467, 6394383.5148, 37.5971, 458.3362, 131.4810
143441.7467, 6394383.5148, 37.5971, 458.3362, 131.4810
143447.9383, 6394378.0718, 36.9828, 981.1532, 154.4509
143447.6088, 6394377.1603, 36.5524, 1005.2585, 173.4686
143448.1151, 6394379.6598, 36.5612, 922.2409, 197.3060
143435.9456, 6394377.9719, 35.2378, 129.9946, 214.3353
143465.2230, 6394407.1034, 47.3406, 832.3554, 34.2297
143448.2746, 6394396.9704, 37.9327, 516.9297, 225.6432
143451.1055, 6394384.5935, 36.6899, 885.8500, 232.9077
143465.2230, 6394407.1034, 47.3406, 832.3554, 34.2297
143442.7539, 6394375.9077, 37.5939, 761.5781, 34.5073
143442.7539, 6394375.9077, 37.5939, 761.5781, 34.5073
143435.9741, 6394386.4910, 35.7828, 57.9964, 239.4670
143442.2465, 6394376.0672, 37.5552, 717.4321, 35.3086
143442.2465, 6394376.0672, 37.5552, 717.4321, 35.3086
143441.1372, 6394378.0643, 37.8376, 561.5179, 36.5767
143441.2272, 6394378.0230, 37.8419, 569.4005, 36.4261
143441.0535, 6394378.1027, 37.8297, 554.1913, 37.0403
143442.2575, 6394377.5374, 37.8586, 659.7617, 37.0222
143441.9853, 6394377.6105, 37.8348, 637.8945, 37.4499
143442.0739, 6394377.5650, 37.8374, 645.8159, 37.3418
143442.0739, 6394377.5650, 37.8374, 645.8159, 37.3418
143441.9161, 6394378.0384, 37.9134, 617.9694, 37.9394
143441.9161, 6394378.0384, 37.9134, 617.9694, 37.9394
143456.9805, 6394389.1806, 42.2415, 971.6841, 38.2232
143440.6141, 6394378.5312, 37.7835, 508.8754, 43.7737
143440.6141, 6394378.5312, 37.7835, 508.8754, 43.7737
143440.4721, 6394378.9611, 37.8379, 486.2050, 45.3643
143440.4721, 6394378.9611, 37.8379, 486.2050, 45.3643
143441.1024, 6394378.4501, 37.8077, 546.7341, 45.2915
143440.2605, 6394378.9676, 37.8015, 470.5684, 46.2786
143440.2605, 6394378.9676, 37.8015, 470.5684, 46.2786
143440.7722, 6394378.4750, 37.7536, 522.0790, 46.7643
143438.7265, 6394379.4960, 37.6685, 342.0667, 50.7378
143436.6830, 6394388.4847, 35.7722, 90.2603, 253.5026
143438.3002, 6394380.0422, 37.5655, 298.0739, 63.7643
143437.9506, 6394381.0428, 37.7062, 253.8398, 65.3331
143437.9506, 6394381.0428, 37.7062, 253.8398, 65.3331
143438.0883, 6394380.0497, 37.5154, 281.4817, 65.8602
143440.0361, 6394389.4537, 35.3076, 268.7477, 292.2871
143437.8448, 6394381.5800, 37.7777, 237.5159, 67.1412
143437.8448, 6394381.5800, 37.7777, 237.5159, 67.1412
143437.5781, 6394382.5367, 37.8885, 204.4961, 70.7010
143440.0361, 6394389.4537, 35.3076, 268.7477, 292.2871
143437.4834, 6394382.5381, 37.8659, 197.6226, 71.5453
143437.4834, 6394382.5381, 37.8659, 197.6226, 71.5453
143437.0616, 6394383.0448, 37.8517, 160.9647, 76.1786
143437.0616, 6394383.0448, 37.8517, 160.9647, 76.1786
143447.6995, 6394373.4775, 37.1243, 1224.4956, 82.7428
143436.7938, 6394383.5478, 37.8107, 136.3726, 83.7111
143436.7343, 6394384.0390, 37.8861, 127.3833, 84.4966
143436.0968, 6394384.5365, 37.8643, 78.0222, 87.5443
143436.0968, 6394384.5365, 37.8643, 78.0222, 87.5443
143447.9102, 6394375.1115, 37.3877, 1133.1759, 88.4454
143435.5957, 6394385.4798, 37.8928, 36.6575, 93.6962
143435.5957, 6394385.4798, 37.8928, 36.6575, 93.6962
143447.8306, 6394375.1947, 37.3029, 1123.5817, 95.6101
143454.0028, 6394385.1771, 39.7835, 983.8915, 96.5671
143448.0339, 6394376.0290, 37.4395, 1088.3163, 98.4838
143447.9026, 6394375.7077, 37.3649, 1098.5297, 98.6433
143447.9026, 6394375.7077, 37.3649, 1098.5297, 98.6433
143447.7668, 6394375.1124, 37.1169, 1124.3336, 108.4787
143447.9180, 6394376.0171, 37.2061, 1082.0542, 114.8875
143448.4943, 6394378.1180, 37.5890, 1009.0961, 117.3903
143447.7192, 6394375.6030, 37.0619, 1093.3982, 118.9325
143447.7192, 6394375.6030, 37.0619, 1093.3982, 118.9325
143447.7648, 6394375.5664, 37.0342, 1097.9558, 120.9389
143447.7593, 6394375.4792, 36.9940, 1102.4751, 122.8655
143447.5717, 6394375.0955, 36.8522, 1113.5256, 127.5169
143435.8846, 6394386.5178, 37.5039, 50.9259, 132.0345
143436.0783, 6394386.9983, 37.5832, 60.8519, 133.0756
143453.8538, 6394387.6697, 39.1581, 903.9858, 144.4000
143447.5495, 6394375.6283, 36.6949, 1081.5536, 146.1503
143447.5495, 6394375.6283, 36.6949, 1081.5536, 146.1503
143448.7674, 6394394.6215, 35.9142, 569.5627, 297.4516
143436.8915, 6394388.9825, 37.5961, 98.5879, 154.6749
143444.2144, 6394387.0578, 37.9061, 516.8857, 158.0987
143444.2144, 6394387.0578, 37.9061, 516.8857, 158.0987
143452.3379, 6394384.6053, 38.2793, 936.6876, 157.7122
143447.7246, 6394375.4983, 36.5239, 1098.3706, 159.0191
143447.8145, 6394375.4134, 36.5004, 1108.2014, 160.4905
143441.0955, 6394400.4911, 35.7964, 214.8190, 302.1960
143438.7775, 6394394.4640, 35.3199, 160.0086, 303.5252
143443.3811, 6394398.4461, 35.4505, 320.0236, 314.8724
143443.3811, 6394398.4461, 35.4505, 320.0236, 314.8724
143444.4133, 6394408.9826, 35.8281, 268.4050, 320.5606
143442.6604, 6394404.4690, 35.1465, 243.1928, 334.3951
143442.1078, 6394373.8946, 33.9427, 805.4406, 337.8426
143443.9071, 6394400.4519, 34.8899, 320.1384, 339.7832
143442.3830, 6394400.0453, 34.7627, 267.5329, 342.2141
143442.1062, 6394373.9073, 33.6536, 804.1231, 365.5800
143445.2486, 6394396.0173, 33.8780, 418.4224, 375.7577
143445.1194, 6394395.0219, 33.6047, 426.2694, 386.3275
143446.4005, 6394393.9122, 33.6313, 491.6937, 385.8766
143444.2363, 6394399.4780, 33.3900, 341.4839, 394.6432
143444.2363, 6394399.4780, 33.3900, 341.4839, 394.6432
143445.5283, 6394393.5182, 33.2809, 463.2282, 399.9349
143447.3569, 6394404.4769, 33.0464, 396.5707, 407.2039
143452.8355, 6394410.4737, 33.0153, 491.2519, 408.4014
143439.1048, 6394377.5345, 33.0874, 418.2939, 413.3652
143439.1566, 6394376.9638, 33.0548, 438.5294, 416.8116
143441.2976, 6394379.4726, 32.7489, 526.6891, 437.8562
143440.9474, 6394377.4955, 32.7235, 562.2345, 444.1142
143439.4022, 6394375.0220, 32.3593, 523.0164, 486.7209
