143439.8627, 6394375.5150, 32.2653, 542.6158, 488.6869
143440.4810, 6394376.5007, 32.7055, 558.5150, 444.0231
143439.9612, 6394378.0948, 37.8359, 470.9009, 8.3367
143447.9696, 6394376.0265, 37.3044, 1096.3483, 100.9066
143441.0052, 6394377.5509, 37.8594, 569.8698, 8.3474
143441.0988, 6394377.5257, 37.8644, 577.9086, 8.5756
143447.9691, 6394375.9432, 37.2805, 1100.9631, 101.5978
143439.6043, 6394378.5761, 37.8233, 428.8291, 14.5247
143447.9691, 6394375.9432, 37.2805, 1100.9631, 101.5978
143437.2110, 6394380.0659, 37.5110, 201.4444, 40.5715
143439.3509, 6394390.0362, 37.6042, 217.0713, 164.6402
143440.6615, 6394382.5192, 37.9239, 408.9069, 80.0326
143445.3934, 6394393.5733, 33.4250, 450.3337, 391.4264
143449.1879, 6394379.1188, 37.9313, 1007.5262, 105.1671
143441.1397, 6394382.0413, 37.8700, 450.4663, 81.4857
143448.7999, 6394378.5932, 37.7830, 1011.4631, 105.9505
143447.7081, 6394375.1851, 37.1553, 1130.1980, 98.4129
143439.3509, 6394390.0362, 37.6042, 217.0713, 164.6402
143448.4443, 6394378.1562, 37.6151, 1013.0930, 109.4480
143436.0713, 6394387.0118, 37.4868, 46.9494, 126.0334
143435.5837, 6394385.9921, 37.4630, 19.0882, 113.2081
143439.0193, 6394393.0298, 37.9826, 172.0393, 165.0322
143435.6470, 6394385.9799, 37.4260, 23.6224, 115.9708
143447.7180, 6394375.5325, 36.9467, 1109.4637, 119.8572
143452.4637, 6394386.0659, 38.2842, 899.1141, 165.4646
143447.5229, 6394374.2076, 36.6409, 1179.7515, 125.2106
143442.8941, 6394382.1020, 33.2755, 552.5579, 396.7237
143442.2642, 6394374.4075, 33.2808, 796.0377, 396.7066
143441.0222, 6394374.9965, 33.2200, 665.4955, 399.8345
143440.9677, 6394375.0088, 33.2192, 660.3594, 399.8070
143440.9677, 6394375.0088, 33.2192, 660.3594, 399.8070
143456.4857, 6394393.5359, 40.6417, 848.5778, 130.0744
143448.1065, 6394377.1451, 37.1812, 1043.6691, 125.4426
143447.5822, 6394377.5925, 36.6366, 991.5953, 165.7178
143445.3049, 6394378.5156, 33.2831, 813.7781, 400.4847
143447.7490, 6394374.4735, 36.6861, 1175.7640, 127.0880
143442.0556, 6394374.4824, 36.0376, 782.0537, 130.8756
143442.0556, 6394374.4824, 36.0376, 782.0537, 130.8756
143447.5400, 6394375.6579, 36.8090, 1091.5768, 130.7856
143443.9164, 6394385.1104, 33.1527, 535.9397, 404.5127
143443.9164, 6394385.1104, 33.1527, 535.9397, 404.5127
143436.1698, 6394386.9820, 36.7900, 53.7224, 169.8740
143436.2839, 6394387.5122, 37.5015, 57.9234, 131.5197
143441.8836, 6394374.5074, 36.0179, 766.7252, 131.4037
143441.8836, 6394374.5074, 36.0179, 766.7252, 131.4037
143456.4857, 6394393.5359, 40.6417, 848.5778, 130.0744
143442.0971, 6394374.4555, 36.0375, 786.8334, 130.8975
143442.0971, 6394374.4555, 36.0375, 786.8334, 130.8975
143445.2403, 6394378.5599, 33.2172, 808.0447, 405.0737
143441.0222, 6394374.9795, 33.1503, 666.1322, 406.5023
143442.1908, 6394374.4463, 33.0909, 787.6900, 414.6148
143442.9152, 6394377.9511, 33.0265, 684.6344, 416.8189
143442.1732, 6394374.4684, 33.0559, 785.0403, 417.8828
143442.7787, 6394377.6334, 32.9917, 687.4477, 419.7750
143444.2350, 6394383.0423, 37.6076, 608.6633, 132.8716
143442.5837, 6394377.1395, 32.9796, 693.3264, 421.2042
143442.8643, 6394378.0468, 36.6617, 683.6745, 133.4434
143442.5837, 6394377.1395, 32.9796, 693.3264, 421.2042
143442.8643, 6394378.0468, 36.6617, 683.6745, 133.4434
143442.7935, 6394382.1119, 32.8777, 545.9100, 422.3377
143436.1853, 6394387.4770, 37.4817, 51.7115, 131.7473
143442.2659, 6394380.6127, 32.8698, 554.3534, 424.3051
143442.2328, 6394376.1560, 32.9485, 708.9162, 424.9666
143442.1125, 6394380.1046, 32.8076, 559.0963, 429.3152
143442.1125, 6394380.1046, 32.8076, 559.0963, 429.3152
143436.3987, 6394388.0062, 37.5508, 62.2424, 134.0209
143442.0888, 6394375.6332, 32.8664, 721.1483, 433.0421
143442.0888, 6394375.6332, 32.8664, 721.1483, 433.0421
143440.0906, 6394375.4655, 32.3203, 564.5071, 483.5580
143454.1156, 6394387.6463, 39.4050, 915.9760, 131.8180
143444.6382, 6394382.5125, 37.5390, 645.4940, 134.5552
143444.7364, 6394382.4598, 37.5438, 652.4026, 134.3825
143444.0624, 6394383.0565, 37.5754, 598.7403, 133.8767
143444.4234, 6394382.6240, 37.5254, 630.4899, 135.0993
143436.2632, 6394387.5191, 37.4531, 56.5374, 134.4114
143440.0654, 6394375.4746, 32.2864, 561.9098, 486.7476
143443.4850, 6394385.5748, 37.8828, 507.3908, 135.6349
143444.2984, 6394383.0885, 37.5725, 610.8427, 135.9014
143444.2984, 6394383.0885, 37.5725, 610.8427, 135.9014
143444.2161, 6394385.0849, 37.8769, 556.5977, 135.9403
143440.4854, 6394375.0209, 32.2822, 616.9677, 489.3878
143436.5590, 6394388.5096, 37.5235, 69.1595, 141.2803
143443.5893, 6394386.0185, 37.9505, 503.4549, 136.3651
143444.6049, 6394385.0708, 37.8914, 577.0031, 137.3040
143444.0704, 6394386.0655, 37.8919, 527.1074, 142.8345
143447.4878, 6394375.7152, 36.5954, 1084.6897, 147.8079
143440.5680, 6394375.0342, 32.2617, 623.4557, 491.2145
143447.6607, 6394375.5519, 36.5737, 1103.9843, 148.9609
143447.6607, 6394375.5519, 36.5737, 1103.9843, 148.9609
143436.6215, 6394388.4997, 37.5432, 73.0959, 140.4140
143441.4065, 6394387.4911, 37.6948, 360.8855, 150.7560
143437.0110, 6394389.4981, 37.5737, 90.0588, 149.6074
143441.1055, 6394388.0178, 37.7008, 336.6316, 153.0601
143441.1055, 6394388.0178, 37.7008, 336.6316, 153.0601
143436.9603, 6394389.5094, 37.5392, 86.9850, 151.3578
143440.4943, 6394388.0716, 37.6429, 302.8052, 153.3487
143447.6306, 6394376.6082, 36.6739, 1044.0073, 153.0332
143440.5762, 6394388.9892, 37.7707, 294.8402, 154.1428
143440.9654, 6394388.0147, 37.6724, 329.1481, 153.8365
143437.0984, 6394389.9715, 37.5725, 91.9872, 154.0417
143440.7640, 6394388.0325, 37.6362, 318.0125, 154.8793
143448.3293, 6394379.6435, 36.9142, 939.8599, 170.8105
143440.7640, 6394388.0325, 37.6362, 318.0125, 154.8793
143447.5621, 6394375.6738, 36.4660, 1090.9729, 158.0482
143437.1753, 6394390.0095, 37.5458, 96.1806, 156.2307
143438.6687, 6394393.9747, 37.9323, 147.2822, 172.0846
143438.3138, 6394392.9699, 37.7368, 136.8977, 173.3901
143437.3496, 6394390.4726, 37.5658, 102.9625, 159.6948
143438.6687, 6394393.9747, 37.9323, 147.2822, 172.0846
143447.7391, 6394376.6027, 36.3794, 1049.6023, 175.7520
143439.1302, 6394393.0114, 37.9808, 177.7130, 165.5078
143437.9140, 6394391.9843, 37.7022, 123.2408, 166.5216
143437.7707, 6394391.4949, 37.5904, 119.0611, 168.1002
143437.9295, 6394391.9934, 37.6265, 123.9932, 170.5161
143438.1277, 6394392.4772, 37.7028, 130.9115, 170.9190
143445.3782, 6394391.9901, 38.0163, 476.9931, 184.4522
143438.4860, 6394393.4662, 37.8354, 141.9618, 172.6224
143437.9207, 6394392.0047, 37.5569, 123.4386, 174.0910
143436.3453, 6394387.4773, 36.7975, 62.1478, 174.5416
143448.3893, 6394380.1518, 36.8484, 922.0483, 179.7199
143439.4588, 6394395.9807, 37.7040, 169.6592, 197.4574
143439.4588, 6394395.9807, 37.7040, 169.6592, 197.4574
143439.7366, 6394396.4526, 37.7397, 178.6287, 199.3922
143438.9262, 6394379.0412, 37.8691, 362.8798, 11.5655
143438.7376, 6394379.0510, 37.7622, 347.3328, 18.4584
143438.2096, 6394379.0315, 37.6129, 304.1982, 24.4307
143438.2096, 6394379.0315, 37.6129, 304.1982, 24.4307
143448.5767, 6394375.6266, 38.2339, 1155.7361, 29.2228
143440.6881, 6394383.0576, 37.8825, 399.2548, 89.8623
143441.5593, 6394383.4776, 37.7898, 444.2078, 107.4894
143441.5593, 6394383.4776, 37.7898, 444.2078, 107.4894
143447.7624, 6394374.9309, 36.9974, 1148.4563, 108.0144
143453.7697, 6394385.1061, 39.4056, 980.4754, 110.1301
143447.8474, 6394378.0740, 36.9524, 983.8682, 150.1035
143448.2108, 6394379.5597, 36.7005, 936.8955, 183.2585
143435.6030, 6394385.5015, 35.6942, 23.2331, 225.9086
143435.6162, 6394377.9767, 35.3660, 82.4040, 183.5879
143454.7095, 6394391.6267, 38.2298, 832.8365, 207.5409
143454.7095, 6394391.6267, 38.2298, 832.8365, 207.5409
143440.2760, 6394397.9665, 37.7313, 190.6119, 209.0840
143440.6885, 6394398.9581, 37.7410, 200.3222, 214.5470
143447.9335, 6394392.0636, 37.5511, 579.3915, 215.1157
143440.9472, 6394399.5148, 37.7331, 206.6180, 218.0820
143440.9472, 6394399.5148, 37.7331, 206.6180, 218.0820
143446.7240, 6394397.4860, 37.7979, 449.2267, 224.7068
143452.1268, 6394386.1246, 37.8084, 883.6736, 187.4138
143435.7093, 6394377.9818, 35.3303, 91.7715, 187.8710
143442.0039, 6394402.4646, 37.9441, 225.2090, 224.9453
143438.3360, 6394376.5761, 34.9692, 373.3722, 227.7027
143438.3360, 6394376.5761, 34.9692, 373.3722, 227.7027
143436.4711, 6394379.4887, 35.1099, 145.0402, 228.8789
143445.4504, 6394402.5232, 38.0775, 347.1176, 229.7018
143436.2869, 6394387.4951, 35.7167, 58.2905, 240.0880
143442.1872, 6394402.9583, 37.8701, 228.2544, 229.9476
143440.5604, 6394398.9918, 35.7929, 194.4701, 292.5779
143451.3692, 6394386.1290, 36.8507, 852.4603, 231.1133
143444.2525, 6394403.4914, 37.9840, 297.1350, 233.2051
143444.2525, 6394403.4914, 37.9840, 297.1350, 233.2051
143443.7076, 6394406.9836, 35.8213, 250.9489, 313.1969
143444.0808, 6394400.4762, 35.1583, 317.7620, 326.5900
143441.7106, 6394374.6446, 34.7045, 742.5108, 258.9402
143441.7106, 6394374.6446, 34.7045, 742.5108, 258.9402
143445.7930, 6394411.9527, 38.0220, 280.4733, 259.4531
143442.2232, 6394376.1310, 34.8483, 713.0126, 259.9884
143442.2232, 6394376.1310, 34.8483, 713.0126, 259.9884
143442.2675, 6394376.1058, 34.8490, 717.4416, 260.0006
143442.2675, 6394376.1058, 34.8490, 717.4416, 260.0006
143445.1196, 6394384.6037, 35.6660, 612.3666, 263.5431
143435.8663, 6394377.9778, 35.2718, 107.5749, 194.7052
143439.5522, 6394395.9700, 37.6638, 173.9846, 199.5310
143445.8253, 6394397.0167, 34.4598, 420.5112, 351.4500
143436.6893, 6394377.4939, 33.5430, 195.4671, 360.0258
143437.4360, 6394378.9511, 33.5367, 237.6735, 365.1835
143439.9033, 6394396.9622, 37.7744, 182.1413, 201.0959
143439.5189, 6394395.9845, 37.5958, 172.3508, 202.4880
143448.2684, 6394417.4928, 38.1532, 310.1580, 271.9773
143443.6852, 6394398.9621, 33.8922, 317.5666, 372.1837
143451.5641, 6394385.6566, 37.3275, 874.7307, 205.8848
143442.4211, 6394377.1290, 35.5378, 686.7626, 210.7949
143443.6852, 6394398.9621, 33.8922, 317.5666, 372.1837
143448.3962, 6394395.0356, 37.9845, 546.1345, 212.1930
143442.2310, 6394397.9899, 33.6882, 270.2198, 378.1409
143442.3041, 6394374.3813, 33.4928, 801.1234, 376.6015
143450.6816, 6394382.3360, 36.7206, 945.9236, 214.4867
143450.3217, 6394416.5320, 38.1303, 368.8105, 273.9782
143445.1191, 6394395.0222, 33.5850, 419.0108, 384.5843
143441.1048, 6394399.5165, 37.7349, 212.9460, 218.5072
143443.2421, 6394398.4902, 33.5356, 305.1965, 385.3434
143444.9719, 6394377.6613, 33.3034, 829.4663, 398.7691
143449.2306, 6394417.5003, 37.9132, 334.4070, 279.6559
143448.5679, 6394396.4693, 37.9860, 529.9360, 218.8197
143449.5739, 6394381.3831, 36.4431, 930.6454, 219.5039
143441.4540, 6394400.9594, 37.7975, 215.6803, 223.0332
143449.2306, 6394417.5003, 37.9132, 334.4070, 279.6559
143441.4540, 6394400.9594, 37.7975, 215.6803, 223.0332
143453.2064, 6394405.5554, 36.9636, 550.5005, 290.3558
143440.1562, 6394380.9920, 34.4318, 406.0258, 309.2022
143441.8186, 6394401.9703, 37.9296, 221.9972, 223.0796
143441.8815, 6394374.5157, 34.0785, 761.5494, 319.3537
143441.8815, 6394374.5157, 34.0785, 761.5494, 319.3537
143442.4013, 6394377.0991, 34.1923, 684.1488, 321.5848
143442.2435, 6394376.5939, 34.1657, 693.3475, 321.3498
143441.8322, 6394401.9547, 37.8255, 222.6017, 226.9073
143444.8283, 6394399.5519, 37.7570, 355.3839, 228.8187
143444.8283, 6394399.5519, 37.7570, 355.3839, 228.8187
143447.8442, 6394392.1062, 35.0051, 573.1554, 325.6041
143441.8754, 6394401.9584, 37.7175, 224.1707, 231.0322
143447.8442, 6394392.1062, 35.0051, 573.1554, 325.6041
143442.7598, 6394404.0072, 37.9022, 240.9741, 233.9831
143446.2635, 6394387.5641, 34.7027, 596.7465, 327.8546
143442.7598, 6394404.0072, 37.9022, 240.9741, 233.9831
143447.2462, 6394399.4894, 35.0767, 440.8753, 333.1595
143447.7200, 6394400.4342, 35.1313, 445.5108, 333.1580
143442.2413, 6394374.4170, 33.9350, 795.3101, 334.2504
143442.6498, 6394404.0190, 37.8701, 236.9975, 234.8657
143446.1592, 6394387.6116, 34.5670, 590.8602, 334.5681
143443.1429, 6394404.0059, 37.8496, 254.4149, 236.7902
143443.1429, 6394404.0059, 37.8496, 254.4149, 236.7902
143451.3814, 6394385.1167, 36.6369, 882.7419, 236.8773
143451.4351, 6394385.1048, 36.5843, 885.1996, 239.6670
143446.3888, 6394392.0122, 37.7561, 518.5180, 200.2330
143448.1682, 6394379.0588, 36.3641, 955.2773, 201.0762
143448.4629, 6394380.1111, 36.4934, 926.6752, 202.2875
143452.9942, 6394405.4636, 38.0781, 546.3163, 255.8842
143448.4187, 6394379.5828, 36.3709, 945.8320, 205.9784
143451.7695, 6394386.0924, 37.3743, 870.0556, 206.8665
143451.7695, 6394386.0924, 37.3743, 870.0556, 206.8665
143446.0251, 6394394.5887, 33.9586, 460.9173, 369.9667
143440.8281, 6394375.0765, 33.5173, 646.1478, 370.9766
143440.8281, 6394375.0765, 33.5173, 646.1478, 370.9766
143440.9469, 6394375.5630, 33.4908, 634.8517, 374.3704
143440.8975, 6394375.5880, 33.4799, 629.7081, 375.2772
143448.4028, 6394395.0318, 37.9910, 546.4398, 211.9354
143440.7154, 6394375.1111, 33.4481, 634.9358, 377.3354
143440.7379, 6394375.1006, 33.4272, 637.2667, 379.3937
143440.7900, 6394375.0756, 33.3841, 642.7012, 383.6337
143440.7900, 6394375.0756, 33.3841, 642.7012, 383.6337
143447.8238, 6394392.1208, 36.5078, 573.2419, 260.4283
143448.1207, 6394396.0981, 33.5105, 516.8175, 390.6389
143448.1207, 6394396.0981, 33.5105, 516.8175, 390.6389
143440.8767, 6394375.0154, 33.2925, 652.5511, 392.5994
143440.8767, 6394375.0154, 33.2925, 652.5511, 392.5994
143447.1285, 6394393.6024, 33.3882, 518.5522, 394.6400
143440.9389, 6394374.9992, 33.1901, 658.3249, 402.5311
143441.0144, 6394374.9837, 33.1856, 665.3630, 403.1158
143441.0144, 6394374.9837, 33.1856, 665.3630, 403.1158
143441.1275, 6394374.9204, 33.0986, 677.5486, 411.6749
143441.1275, 6394374.9204, 33.0986, 677.5486, 411.6749
143442.5614, 6394377.1512, 33.0130, 691.3408, 418.4507
143442.0892, 6394375.6335, 32.8972, 721.2228, 430.2992
143442.4897, 6394376.5973, 32.8706, 708.7181, 431.0120
143441.8989, 6394375.1469, 32.8438, 728.9660, 436.0579
143441.8989, 6394375.1469, 32.8438, 728.9660, 436.0579
143439.9449, 6394375.4961, 32.4354, 550.8184, 472.5182
143440.5905, 6394375.0272, 32.3194, 625.7990, 485.6978
143448.8048, 6394396.0033, 38.0338, 545.5400, 215.7353
143445.4174, 6394385.6348, 35.7649, 602.0341, 263.6525
143440.5279, 6394375.0522, 32.2378, 619.1927, 493.4315
143440.5279, 6394375.0522, 32.2378, 619.1927, 493.4315
143447.8390, 6394392.1089, 36.4208, 573.9858, 264.2078
143447.9830, 6394396.9644, 37.9926, 501.8487, 218.8372
143447.1652, 6394396.9825, 37.9014, 472.1223, 219.9713
143446.5648, 6394413.5017, 37.9781, 291.6758, 265.6525
143447.5361, 6394396.9653, 37.9268, 485.7940, 220.0356
143441.8199, 6394401.9693, 37.9358, 222.0546, 222.8474
143438.7695, 6394375.9653, 34.9812, 431.9626, 223.6814
143438.7695, 6394375.9653, 34.9812, 431.9626, 223.6814
143453.0319, 6394410.4888, 38.0525, 491.0769, 268.4382
143451.0534, 6394384.6392, 36.6564, 884.1513, 232.2963
143443.6931, 6394403.9883, 37.9396, 273.6863, 234.9999
143453.0319, 6394410.4888, 38.0525, 491.0769, 268.4382
143443.6931, 6394403.9883, 37.9396, 273.6863, 234.9999
143452.7768, 6394410.9711, 38.0296, 479.5984, 269.6537
143452.7768, 6394410.9711, 38.0296, 479.5984, 269.6537
143440.0395, 6394381.0478, 34.8976, 397.0422, 275.2089
143448.5111, 6394374.5919, 38.1996, 1216.5803, 12.6387
143448.2572, 6394373.6521, 37.9061, 1265.5660, 16.0268
143448.0125, 6394375.5794, 37.4409, 1124.8580, 84.4072
143441.2645, 6394383.5047, 37.8654, 425.7993, 100.7497
143448.3003, 6394377.9857, 37.3842, 1013.0924, 122.3314
143449.0712, 6394379.6111, 37.5989, 979.6483, 131.1731
143447.5188, 6394375.6560, 36.7140, 1090.1956, 138.0502
143448.6847, 6394381.1406, 36.8409, 898.3331, 189.6336
143449.2092, 6394382.1787, 36.6922, 885.2487, 208.3541
143450.5623, 6394416.9810, 38.0617, 371.3905, 276.9437
143450.5623, 6394416.9810, 38.0617, 371.3905, 276.9437
143448.3998, 6394393.6130, 36.0507, 568.5996, 285.9576
143450.2689, 6394401.0668, 37.8641, 521.6365, 244.3583
143451.5473, 6394386.5416, 36.6076, 847.3990, 245.4374
143451.4752, 6394401.0525, 36.7035, 558.5887, 286.3255
143451.5473, 6394386.5416, 36.6076, 847.3990, 245.4374
143448.2599, 6394396.5891, 37.8492, 517.1131, 223.6803
143453.3557, 6394389.3753, 36.6983, 839.3307, 258.0915
143437.3825, 6394390.4808, 35.6738, 104.6638, 261.5784
143448.2599, 6394396.5891, 37.8492, 517.1131, 223.6803
143448.2599, 6394396.5891, 37.8492, 517.1131, 223.6803
143451.4529, 6394385.5810, 36.7550, 871.7435, 233.4729
143448.0150, 6394392.6240, 35.8895, 571.1601, 289.1308
143447.8184, 6394392.1229, 35.7605, 572.4208, 292.8649
143447.8184, 6394392.1229, 35.7605, 572.4208, 292.8649
143453.8476, 6394410.0884, 38.1193, 516.2961, 267.1478
143437.3606, 6394390.4834, 35.8201, 103.4176, 253.6797
143438.4401, 6394384.9688, 35.1171, 221.6016, 273.1283
143438.4401, 6394384.9688, 35.1171, 221.6016, 273.1283
143446.2141, 6394387.5907, 35.3058, 594.4903, 297.3375
143446.2141, 6394387.5907, 35.3058, 594.4903, 297.3375
143453.7196, 6394410.4772, 38.1042, 508.9013, 268.1738
143451.3867, 6394401.0928, 37.2204, 555.6220, 268.8197
143448.7717, 6394375.6616, 38.4259, 1164.8527, 17.1421
143454.5184, 6394384.5958, 40.5934, 1027.4156, 51.3731
143447.7243, 6394373.6865, 37.3548, 1229.8658, 57.9932
143451.4480, 6394401.0618, 37.1170, 557.8658, 272.3551
143456.7230, 6394389.5538, 41.5723, 954.6393, 65.6812
143441.0425, 6394382.0516, 37.8499, 443.9358, 82.1932
143447.6230, 6394373.5204, 36.9974, 1234.3649, 85.1780
143447.4586, 6394373.0573, 36.8104, 1257.6910, 92.4057
143447.9550, 6394376.0185, 37.3776, 1096.1820, 95.0662
143447.5719, 6394373.5271, 36.8368, 1230.2485, 98.8097
143441.7148, 6394383.4616, 37.8752, 453.9867, 102.9677
143441.8101, 6394401.9676, 35.8463, 221.2999, 299.8775
143441.3913, 6394383.4967, 37.6967, 433.5493, 112.4739
143451.4480, 6394401.0618, 37.1170, 557.8658, 272.3551
143454.2463, 6394387.5840, 39.5538, 922.6118, 125.2514
143441.8101, 6394401.9676, 35.8463, 221.2999, 299.8775
143454.2463, 6394387.5840, 39.5538, 922.6118, 125.2514
143447.5289, 6394375.1932, 36.6544, 1117.8416, 137.1277
143447.7469, 6394375.4612, 36.5887, 1114.2723, 147.3927
143442.8930, 6394388.4661, 37.9564, 421.7951, 152.3973
143449.3722, 6394420.4284, 37.1618, 318.1938, 303.2137
143447.8802, 6394392.0888, 35.4540, 575.2249, 306.2057
143437.2519, 6394378.9622, 33.9377, 221.6669, 330.3321
143437.2519, 6394378.9622, 33.9377, 221.6669, 330.3321
143436.4754, 6394377.4965, 33.5999, 174.5584, 353.9475
143442.9422, 6394388.0027, 34.9611, 430.2637, 307.5814
143442.9422, 6394388.0027, 34.9611, 430.2637, 307.5814
143436.9454, 6394377.4688, 33.5062, 220.5644, 364.2296
143437.9333, 6394380.4506, 33.5062, 252.1233, 370.7782
143445.8829, 6394393.4555, 33.5005, 471.8883, 388.6793
143447.3842, 6394415.9418, 37.2937, 297.2902, 290.3866
143445.5241, 6394392.0767, 37.9607, 481.6936, 188.0515
143445.8829, 6394393.4555, 33.5005, 471.8883, 388.6793
143442.2360, 6394374.4264, 33.0848, 792.3235, 415.2825
143441.7533, 6394381.4775, 32.7820, 498.4832, 428.6830
143440.0975, 6394381.0116, 34.4265, 401.4994, 309.4490
143440.0975, 6394381.0116, 34.4265, 401.4994, 309.4490
143451.4890, 6394401.0484, 36.4539, 558.9213, 294.7475
143448.4093, 6394393.6198, 35.8248, 568.6760, 295.3499
143448.0774, 6394379.1296, 36.3837, 947.5717, 199.8238
143448.4093, 6394393.6198, 35.8248, 568.6760, 295.3499
143447.2859, 6394390.1238, 35.1191, 588.2387, 315.4364
143446.2064, 6394392.5006, 37.7847, 502.8584, 200.8378
143446.2064, 6394392.5006, 37.7847, 502.8584, 200.8378
143435.6945, 6394377.9980, 35.1482, 90.0786, 205.3450
143448.6712, 6394380.5488, 36.4603, 919.5869, 208.5826
143440.6900, 6394399.4582, 35.7016, 196.2842, 297.6048
143446.1638, 6394387.6165, 34.8863, 591.2580, 318.4725
143446.1638, 6394387.6165, 34.8863, 591.2580, 318.4725
143440.9434, 6394382.5192, 37.8890, 427.0127, 84.7366
143447.6602, 6394375.0391, 36.7340, 1135.0603, 129.8694
143447.8757, 6394377.0959, 37.0704, 1033.3204, 131.1252
143447.8757, 6394377.0959, 37.0704, 1033.3204, 131.1252
143447.9503, 6394392.0583, 35.1558, 578.2925, 319.2016
143446.1196, 6394387.6264, 34.7880, 588.9441, 323.3560
143439.0075, 6394376.4183, 35.1214, 439.2712, 216.5884
143446.1196, 6394387.6264, 34.7880, 588.9441, 323.3560
143449.0822, 6394380.9141, 36.3964, 925.2097, 216.9891
143448.6463, 6394394.0953, 35.7635, 569.3193, 299.5297
143448.0982, 6394396.9718, 37.8751, 505.7736, 223.7363
143448.0982, 6394396.9718, 37.8751, 505.7736, 223.7363
143436.2737, 6394378.9910, 35.0818, 133.6777, 225.6183
143448.7033, 6394397.0253, 37.7090, 526.2051, 232.0505
143445.8369, 6394392.0652, 37.9659, 494.9645, 188.9902
143448.2735, 6394397.0659, 37.6679, 510.4915, 232.5569
143438.2416, 6394384.4622, 35.1850, 215.1288, 265.4545
143445.8369, 6394392.0652, 37.9659, 494.9645, 188.9902
143440.2093, 6394380.9904, 34.1657, 409.5133, 328.6246
143446.4333, 6394391.9870, 37.8000, 520.8054, 198.3054
143452.9974, 6394405.5389, 37.7566, 545.3246, 265.8700
143438.1741, 6394392.4828, 35.7408, 133.0816, 268.8029
143438.1741, 6394392.4828, 35.7408, 133.0816, 268.8029
143448.0029, 6394392.0319, 35.2456, 580.8979, 315.3677
143447.8498, 6394391.6219, 35.0381, 582.2966, 323.2907
143446.1488, 6394387.6176, 34.7106, 590.3876, 327.3119
143443.8221, 6394406.9520, 36.9909, 255.1479, 275.4417
143446.2667, 6394387.5608, 34.5688, 596.8386, 334.6115
143442.2907, 6394374.3841, 33.9233, 800.9687, 335.4459
143442.5553, 6394400.0054, 34.7916, 265.0536, 337.2647
143443.4343, 6394399.9582, 34.7740, 298.7045, 339.2061
143442.2780, 6394374.3957, 33.8798, 799.2331, 339.5940
143438.2160, 6394392.9651, 35.3088, 131.6969, 291.8065
143446.1413, 6394387.1079, 34.4126, 600.9886, 341.5178
143444.3451, 6394382.6095, 34.1668, 622.5209, 343.5820
143438.2160, 6394392.9651, 35.3088, 131.6969, 291.8065
143444.3451, 6394382.6095, 34.1668, 622.5209, 343.5820
143447.9325, 6394392.0666, 34.5445, 576.9751, 345.6179
143445.2389, 6394385.1063, 34.2663, 604.4213, 344.1667
143447.4879, 6394390.6231, 35.0576, 586.7360, 319.7342
143447.6873, 6394391.1036, 34.5168, 585.1523, 345.1914
143447.4879, 6394390.6231, 35.0576, 586.7360, 319.7342
143445.0311, 6394384.6202, 34.1858, 605.8762, 347.4558
143446.2776, 6394395.5049, 34.5091, 457.8635, 348.5593
143446.2369, 6394395.9864, 34.5169, 449.6335, 348.7109
143442.2468, 6394374.4187, 33.7753, 795.2720, 349.5294
143442.2083, 6394374.4465, 33.7386, 790.6385, 352.9679
143442.2083, 6394374.4465, 33.7386, 790.6385, 352.9679
143442.8287, 6394400.5008, 35.1769, 271.1844, 323.8677
143446.1979, 6394395.4912, 34.3589, 454.9351, 354.5016
143442.3395, 6394374.3555, 33.6821, 805.7802, 358.5980
143445.9616, 6394396.0139, 34.2133, 438.6694, 360.5003
143445.9616, 6394396.0139, 34.2133, 438.6694, 360.5003
143444.3415, 6394382.5731, 33.8893, 622.9999, 360.6691
143442.3372, 6394374.3571, 33.7605, 805.7070, 351.1022
143437.2767, 6394390.4909, 35.1589, 98.5977, 288.8344
143443.2632, 6394400.4811, 35.0366, 287.5650, 329.8011
143446.4287, 6394394.4508, 34.1340, 478.7495, 363.1322
143446.3052, 6394395.4996, 34.3967, 458.9277, 353.1344
143437.2767, 6394390.4909, 35.1589, 98.5977, 288.8344
143437.2767, 6394390.4909, 35.1589, 98.5977, 288.8344
143446.4287, 6394394.4508, 34.1340, 478.7495, 363.1322
143447.1045, 6394405.9250, 35.2229, 367.4354, 335.8462
143436.0406, 6394377.5050, 33.6984, 131.1467, 343.0045
143436.0406, 6394377.5050, 33.6984, 131.1467, 343.0045
143444.5183, 6394383.1268, 34.0157, 617.5966, 354.0523
143442.7355, 6394404.4531, 35.4346, 236.3374, 320.6300
143444.6755, 6394383.6248, 34.0267, 612.7441, 354.4330
143454.9928, 6394410.1060, 34.6634, 543.5818, 364.0301
143444.4438, 6394383.0682, 33.8789, 615.0043, 362.0999
143444.5005, 6394400.9882, 34.7442, 327.8146, 343.0709
143445.9541, 6394395.5863, 34.1323, 444.1655, 363.4226
143445.5969, 6394386.1177, 34.1813, 597.7761, 351.0500
143442.7355, 6394404.4531, 35.4346, 236.3374, 320.6300
143446.5584, 6394394.4040, 33.9945, 484.3869, 369.0377
143444.4093, 6394382.5354, 33.7588, 627.6236, 368.8255
143436.3776, 6394387.9794, 34.3798, 61.1595, 322.4893
143445.5864, 6394397.0603, 34.3499, 410.9554, 355.4702
143441.3280, 6394376.5498, 33.5392, 625.0463, 372.0820
143441.3280, 6394376.5498, 33.5392, 625.0463, 372.0820
143445.5864, 6394397.0603, 34.3499, 410.9554, 355.4702
143447.0917, 6394405.9680, 34.5356, 366.4141, 357.7419
143442.2304, 6394374.4305, 33.6103, 792.9388, 365.2462
143445.2699, 6394396.0105, 33.8481, 412.0120, 374.3243
143445.1273, 6394394.5558, 33.6744, 425.7403, 380.7454
143445.4367, 6394394.5133, 33.7950, 438.7303, 376.0311
143437.0372, 6394377.4509, 33.4316, 229.6296, 371.4579
143437.0372, 6394377.4509, 33.4316, 229.6296, 371.4579
143441.1470, 6394376.0628, 33.5277, 630.3076, 372.0814
143442.3530, 6394374.3465, 33.5201, 806.9395, 374.0915
143449.2543, 6394410.9204, 33.9078, 384.8681, 380.6862
143446.0784, 6394393.4140, 33.6519, 480.4440, 382.4200
143445.4367, 6394394.5133, 33.7950, 438.7303, 376.0311
143444.9569, 6394377.6723, 33.2281, 827.9185, 404.3651
143439.2048, 6394376.9452, 33.0278, 437.7064, 413.0497
143446.0784, 6394393.4140, 33.6519, 480.4440, 382.4200
143449.2543, 6394410.9204, 33.9078, 384.8681, 380.6862
143445.5144, 6394393.5269, 33.6229, 456.0367, 383.0620
143442.1297, 6394374.4768, 33.3798, 781.9114, 386.9937
143442.1297, 6394374.4768, 33.3798, 781.9114, 386.9937
143445.1609, 6394388.0905, 33.4822, 534.2195, 388.0403
143445.1268, 6394394.5428, 33.3618, 425.7354, 393.8521
143445.1268, 6394394.5428, 33.3618, 425.7354, 393.8521
143440.9159, 6394375.0032, 33.2585, 656.3354, 395.9406
143443.9712, 6394398.9484, 33.3679, 328.3317, 392.5222
143441.6799, 6394377.0133, 37.8944, 641.1036, 2.8994
143441.7947, 6394376.9895, 37.9069, 650.6820, 2.7821
143441.6654, 6394376.6490, 37.8076, 654.4227, 2.7441
143441.5303, 6394377.0097, 37.8671, 629.8959, 3.2923
143440.5055, 6394377.5670, 37.8419, 530.5847, 3.9438
143440.5461, 6394377.5492, 37.8439, 534.3642, 3.9193
143445.7231, 6394393.4807, 33.2337, 464.9263, 399.9268
143443.9712, 6394398.9484, 33.3679, 328.3317, 392.5222
143457.5676, 6394389.1297, 43.0341, 995.4092, 5.4504
143439.3081, 6394378.5463, 37.8702, 406.0613, 6.3775
143441.5618, 6394377.0862, 37.8514, 629.2905, 6.6022
143445.3253, 6394378.5009, 33.3340, 815.6761, 396.8878
143440.7836, 6394378.0033, 37.9060, 537.6365, 10.6392
143440.4812, 6394378.0675, 37.8537, 512.3539, 12.6372
143440.1612, 6394378.5434, 37.8865, 473.2363, 15.2490
143440.8999, 6394382.5284, 33.1587, 420.1397, 401.5672
143439.4118, 6394378.9551, 37.8412, 403.5883, 18.0039
143438.4725, 6394379.4663, 37.8195, 316.6486, 18.4505
143438.5421, 6394379.4723, 37.8303, 322.1464, 18.4873
143439.0190, 6394379.4574, 37.8792, 360.4430, 19.7193
143440.8999, 6394382.5284, 33.1587, 420.1397, 401.5672
143437.2631, 6394380.0203, 37.6000, 206.5696, 32.9567
143442.2176, 6394374.4283, 33.1768, 790.9812, 406.5021
143442.2176, 6394374.4283, 33.1768, 790.9812, 406.5021
143454.1626, 6394383.9286, 40.0732, 1036.3783, 68.3265
143447.3486, 6394394.6075, 32.8937, 510.7364, 414.8743
143448.3393, 6394376.0592, 37.7793, 1116.3035, 68.5789
143450.0692, 6394401.6056, 33.0303, 505.8690, 408.5185
143447.3486, 6394394.6075, 32.8937, 510.7364, 414.8743
143442.3370, 6394374.3569, 33.0656, 803.9864, 417.3461
143450.0692, 6394401.6056, 33.0303, 505.8690, 408.5185
143441.3174, 6394377.6087, 33.0868, 584.2606, 410.3328
143443.8345, 6394385.1113, 32.8837, 531.4001, 419.6709
143455.4776, 6394387.9868, 40.6932, 955.6587, 83.7515
143444.3811, 6394386.6044, 32.9628, 526.9031, 414.5398
143448.0171, 6394375.9538, 37.3873, 1103.3409, 93.9768
143444.3811, 6394386.6044, 32.9628, 526.9031, 414.5398
143443.5137, 6394386.4850, 32.8349, 485.8335, 420.8433
143441.1499, 6394374.9072, 33.0641, 679.9558, 415.0254
143440.7887, 6394376.1257, 33.0325, 598.1749, 415.8605
143440.7887, 6394376.1257, 33.0325, 598.1749, 415.8605
143445.6785, 6394390.0962, 32.8836, 518.8289, 417.0107
143443.5137, 6394386.4850, 32.8349, 485.8335, 420.8433
143445.9549, 6394391.4822, 32.8538, 506.2186, 417.6030
143442.0563, 6394384.4712, 32.8323, 448.3011, 421.8963
143442.1108, 6394374.4683, 32.9948, 779.9178, 423.6074
143441.4257, 6394378.1145, 32.8762, 574.5437, 426.8288
143441.4257, 6394378.1145, 32.8762, 574.5437, 426.8288
143448.5833, 6394376.0449, 38.0435, 1131.1808, 50.7106
143447.4330, 6394373.1296, 37.0066, 1251.4493, 75.7018
143445.9549, 6394391.4822, 32.8538, 506.2186, 417.6030
143441.4257, 6394378.1145, 32.8762, 574.5437, 426.8288
143442.2747, 6394374.4000, 32.9546, 796.4753, 427.7462
143439.4033, 6394375.5295, 32.2969, 501.2666, 485.9128
143442.9474, 6394382.6129, 32.8433, 542.0103, 424.0601
143441.9342, 6394379.6148, 32.8598, 562.0216, 426.1612
143447.5722, 6394377.5739, 36.7542, 992.2168, 157.0268
143441.9342, 6394379.6148, 32.8598, 562.0216, 426.1612
143441.6088, 6394378.6023, 32.8568, 571.4686, 427.7013
143441.6088, 6394378.6023, 32.8568, 571.4686, 427.7013
143442.4751, 6394376.6051, 32.9079, 707.4036, 427.8650
143452.2284, 6394384.9826, 38.2275, 923.1584, 159.6136
143442.4751, 6394376.6051, 32.9079, 707.4036, 427.8650
143442.1464, 6394375.5999, 32.8751, 727.0922, 432.3901
143442.2186, 6394374.4384, 32.8874, 789.8336, 433.9879
143442.1121, 6394375.6189, 32.8279, 723.4985, 436.5163
143440.0650, 6394375.4746, 32.2837, 561.8700, 487.0071
143439.6784, 6394375.5164, 32.2354, 526.2629, 491.6903
143439.9106, 6394375.4915, 32.2329, 547.6716, 491.8664
143439.9106, 6394375.4915, 32.2329, 547.6716, 491.8664
143439.9106, 6394375.4915, 32.2329, 547.6716, 491.8664
143439.2739, 6394387.4527, 35.4545, 241.4807, 267.1730
143437.8257, 6394391.9679, 35.5425, 118.4907, 275.7563
143437.8257, 6394391.9679, 35.5425, 118.4907, 275.7563
143449.1457, 6394376.0904, 38.7170, 1160.6119, 6.6917
143439.6939, 6394378.0716, 37.7971, 450.2221, 7.8766
143439.9524, 6394378.5385, 37.8913, 457.2447, 12.2703
143437.7452, 6394379.0664, 37.5500, 264.2155, 24.9445
143438.1309, 6394379.5145, 37.6295, 287.7123, 31.1607
143438.0753, 6394379.5310, 37.6171, 282.8062, 31.8567
143437.9655, 6394379.5624, 37.5929, 273.1278, 33.1982
143439.5343, 6394378.0799, 37.7976, 437.1069, 6.0094
143448.9318, 6394376.4816, 38.4073, 1126.3221, 34.0131
143439.6585, 6394378.5497, 37.8521, 433.8704, 12.2447
143436.8305, 6394380.0658, 37.5068, 169.1501, 36.6389
143436.6761, 6394380.5640, 37.5052, 149.3075, 43.9166
143439.7633, 6394378.5300, 37.8662, 442.6859, 11.9375
143442.3505, 6394395.9867, 35.1115, 295.3004, 317.6495
143436.6761, 6394380.5640, 37.5052, 149.3075, 43.9166
143439.7633, 6394378.5300, 37.8662, 442.6859, 11.9375
143436.2329, 6394382.5532, 37.8189, 91.4707, 47.6983
143439.7342, 6394378.5932, 37.8017, 438.5619, 18.2185
143436.4555, 6394382.5458, 37.8160, 109.0587, 50.0094
143438.6827, 6394379.4635, 37.8148, 333.6049, 21.2356
143436.4555, 6394382.5458, 37.8160, 109.0587, 50.0094
143438.6827, 6394379.4635, 37.8148, 333.6049, 21.2356
143436.4617, 6394383.0473, 37.8488, 104.6897, 55.3540
143439.1447, 6394379.4645, 37.8856, 370.1265, 20.7701
143438.5899, 6394379.4814, 37.7967, 325.7687, 21.9812
143448.7614, 6394377.0545, 38.2010, 1085.9185, 56.2184
143438.5899, 6394379.4814, 37.7967, 325.7687, 21.9812
143435.8465, 6394383.5551, 37.8287, 53.1701, 58.6014
143438.4777, 6394379.4858, 37.7710, 316.6235, 22.8861
143438.0665, 6394379.0291, 37.5775, 292.2285, 25.7089
143435.8465, 6394383.5551, 37.8287, 53.1701, 58.6014
143456.2078, 6394388.6207, 41.3423, 963.1783, 64.7587
143455.3746, 6394385.1785, 41.3323, 1040.1179, 27.1245
143437.8271, 6394379.0532, 37.5276, 271.4430, 27.5889
143437.8271, 6394379.0532, 37.5276, 271.4430, 27.5889
143437.6631, 6394379.5560, 37.5675, 248.0484, 31.7317
143437.6631, 6394379.5560, 37.5675, 248.0484, 31.7317
143456.2078, 6394388.6207, 41.3423, 963.1783, 64.7587
143454.5256, 6394385.1636, 40.3443, 1008.1952, 69.2522
143448.2791, 6394376.1184, 37.7816, 1109.6561, 68.7152
143456.2526, 6394389.1441, 41.2131, 949.9643, 74.9345
143456.9000, 6394389.1634, 42.0872, 971.7413, 41.6554
143440.8024, 6394381.5870, 37.8112, 439.0273, 76.6353
143440.6863, 6394382.0279, 37.8649, 421.2603, 77.8252
143448.0094, 6394376.1254, 37.5317, 1093.6501, 85.2930
143448.1124, 6394375.9299, 37.5018, 1110.3323, 85.7236
143448.0525, 6394375.4957, 37.3936, 1131.9149, 87.2601
143449.2104, 6394379.0657, 38.0479, 1011.2579, 97.1030
143447.6983, 6394375.0921, 37.0361, 1134.9327, 106.5744
143447.7220, 6394375.5123, 37.0027, 1111.0398, 115.2146
143456.7004, 6394388.6746, 41.9552, 978.7568, 41.6799
143448.5728, 6394378.5831, 37.5233, 999.7349, 121.6101
143454.5450, 6394388.1575, 39.7276, 917.2397, 123.1295
143448.1169, 6394377.5717, 37.2666, 1023.0932, 124.4065
143444.5174, 6394382.0901, 37.5306, 651.1406, 130.0262
143447.5632, 6394375.5876, 36.8093, 1096.9768, 130.0702
143456.7004, 6394388.6746, 41.9552, 978.7568, 41.6799
143448.0520, 6394378.0822, 37.1605, 994.8773, 137.1413
143442.7148, 6394387.5493, 37.9456, 428.7303, 144.7054
143442.7148, 6394387.5493, 37.9456, 428.7303, 144.7054
143454.5342, 6394384.5779, 40.6047, 1028.6316, 50.7280
143442.8287, 6394387.5615, 37.8938, 434.3034, 148.2358
143447.6854, 6394375.5425, 36.5095, 1105.7687, 154.0871
143452.3834, 6394384.8398, 38.3066, 933.9567, 155.3610
143435.8737, 6394378.9972, 33.9097, 96.1208, 327.7016
143454.5342, 6394384.5779, 40.6047, 1028.6316, 50.7280
143445.2056, 6394377.4941, 33.4416, 851.4100, 388.8329
143440.2362, 6394381.5398, 33.1399, 398.1824, 402.3359
143441.9682, 6394374.5099, 32.9857, 766.2998, 424.2247
143456.6144, 6394389.1396, 41.6963, 962.5900, 56.3630
143448.3045, 6394376.0731, 37.8415, 1113.7744, 63.7261
143448.5520, 6394376.5688, 37.8348, 1099.7274, 73.8985
143448.2613, 6394376.0585, 37.6852, 1111.7903, 74.9804
143448.2613, 6394376.0585, 37.6852, 1111.7903, 74.9804
143448.0740, 6394376.0676, 37.5153, 1100.4386, 86.3055
143455.3078, 6394388.0542, 40.5835, 947.7583, 88.2523
143455.3078, 6394388.0542, 40.5835, 947.7583, 88.2523
143441.0208, 6394383.0754, 37.8651, 419.8275, 93.8480
143448.9094, 6394378.6339, 37.8585, 1015.3208, 102.2064
143456.2308, 6394387.1563, 41.4773, 1006.9995, 45.7125
143447.5260, 6394377.6178, 36.7349, 987.5216, 158.5382
143448.9094, 6394378.6339, 37.8585, 1015.3208, 102.2064
143447.5260, 6394377.6178, 36.7349, 987.5216, 158.5382
143436.1414, 6394378.4682, 35.1938, 128.1446, 209.4998
143448.3900, 6394377.4680, 37.4904, 1043.3400, 109.4088
143447.5201, 6394373.6253, 36.7106, 1219.7076, 110.8222
143447.8069, 6394376.0715, 37.1369, 1084.2423, 112.9203
143447.6127, 6394375.5598, 36.9075, 1101.7209, 122.3972
143447.6215, 6394375.5340, 36.7945, 1103.4082, 131.0473
143447.7181, 6394376.0417, 36.5152, 1079.2008, 159.4931
143447.6215, 6394375.5340, 36.7945, 1103.4082, 131.0473
143447.7456, 6394375.0250, 36.4902, 1140.1321, 150.0414
143452.5605, 6394386.0973, 38.4076, 902.0746, 160.1566
143452.5605, 6394386.0973, 38.4076, 902.0746, 160.1566
143448.6153, 6394380.0955, 37.0553, 935.9542, 167.4626
143438.3946, 6394385.5143, 35.0060, 211.7758, 282.4158
143440.4779, 6394391.0000, 35.0818, 264.1041, 303.2552
143445.3388, 6394401.9610, 34.9389, 347.7514, 338.4026
143444.6821, 6394399.9530, 33.5217, 344.3094, 387.4429
143448.0031, 6394376.5483, 37.2392, 1069.3651, 113.0128
143448.2389, 6394379.5919, 36.4124, 936.4222, 202.3954
143435.7812, 6394378.5343, 34.9519, 92.5264, 229.8227
143436.9000, 6394381.5147, 34.9990, 155.1490, 255.5078
143436.2417, 6394377.5328, 33.8110, 150.9284, 333.0606
143449.0590, 6394380.5944, 37.2743, 938.1510, 160.8012
143447.7155, 6394376.5711, 36.4409, 1050.1146, 170.6774
143438.1329, 6394392.4889, 37.6183, 131.0863, 175.2435
143445.3780, 6394390.5730, 37.9393, 500.8977, 179.5402
143445.2205, 6394391.0304, 37.9544, 486.1460, 180.9628
143452.2183, 6394386.0769, 37.9466, 888.8288, 180.8029
143452.2183, 6394386.0769, 37.9466, 888.8288, 180.8029
143447.8340, 6394378.6574, 36.5197, 955.6980, 185.3872
143436.4886, 6394387.9826, 36.8414, 68.1097, 176.7367
143447.8765, 6394378.5988, 36.6388, 960.8026, 177.0210
143447.6948, 6394376.6459, 36.3677, 1044.8292, 176.7475
143445.8760, 6394391.5751, 37.9649, 504.8537, 186.4020
143448.0307, 6394375.6766, 37.5957, 1120.6390, 73.9562
143455.6372, 6394385.1036, 41.6825, 1052.6010, 11.2743
143448.0307, 6394375.6766, 37.5957, 1120.6390, 73.9562
143454.8593, 6394383.5327, 41.1542, 1078.7595, 13.8976
143439.9394, 6394378.9552, 37.8635, 444.5197, 22.2903
143449.0652, 6394378.6101, 38.0165, 1024.6351, 92.5673
143448.8551, 6394376.1222, 38.4630, 1142.6008, 23.1538
143448.4884, 6394374.4775, 38.0385, 1222.3163, 23.3816
143449.0652, 6394378.6101, 38.0165, 1024.6351, 92.5673
143455.0939, 6394385.1212, 40.9905, 1031.3750, 41.1306
143448.4881, 6394375.4498, 38.0206, 1160.8070, 41.8449
143447.6184, 6394373.0675, 37.2345, 1268.2455, 56.2164
143447.9844, 6394377.3623, 36.4112, 1024.2545, 182.3265
143440.7585, 6394382.5843, 37.8753, 413.7267, 84.9823
143447.8715, 6394375.0672, 37.2283, 1147.0165, 92.3710
143441.3403, 6394383.0199, 37.8878, 440.9132, 94.1641
143443.4681, 6394387.5389, 37.9509, 467.0495, 148.4421
143447.5325, 6394376.6851, 36.7232, 1034.5890, 149.4651
143452.1283, 6394386.1235, 37.8083, 883.7628, 187.4156
143452.4214, 6394386.1023, 38.2640, 896.3702, 166.4939
143436.7833, 6394388.9723, 34.6309, 79.9083, 311.7337
143442.5723, 6394388.4655, 37.9384, 405.7647, 151.6586
143448.0382, 6394379.1350, 36.5272, 945.6058, 190.1241
143442.5723, 6394388.4655, 37.9384, 405.7647, 151.6586
143448.0552, 6394379.0936, 36.6665, 948.5496, 180.6158
143435.6760, 6394377.9865, 35.2527, 88.3504, 195.0756
143435.6707, 6394377.9869, 35.2541, 87.8077, 194.8955
143445.8737, 6394392.4829, 37.7954, 489.5167, 199.0302
143447.5901, 6394395.5555, 37.9815, 508.3863, 212.0218
143437.6724, 6394382.9834, 35.1409, 194.9337, 257.8612
143438.1755, 6394392.4819, 35.7494, 133.1602, 268.3766
143438.1755, 6394392.4819, 35.7494, 133.1602, 268.3766
143439.5557, 6394396.4909, 35.7772, 169.9542, 284.1982
143439.5329, 6394387.9463, 35.2254, 250.1373, 283.0735
143439.5329, 6394387.9463, 35.2254, 250.1373, 283.0735
143447.9997, 6394397.0147, 37.7043, 501.5524, 230.1871
143436.7817, 6394380.4874, 35.1364, 158.6515, 236.7541
143451.9149, 6394386.0850, 37.5599, 876.2314, 198.3687
143442.8505, 6394404.0038, 37.7552, 244.1608, 239.3380
143436.6396, 6394388.4983, 35.6870, 74.2307, 248.7469
143452.7956, 6394405.4705, 38.0147, 540.6751, 257.4364
143448.7760, 6394394.6145, 36.0123, 565.5295, 291.0070
143452.0145, 6394386.5149, 37.5398, 867.6021, 202.1960
143448.4263, 6394380.1564, 36.3962, 922.8523, 208.5697
143442.7027, 6394396.4368, 35.3674, 305.2741, 308.5802
143442.7027, 6394396.4368, 35.3674, 305.2741, 308.5802
143453.2258, 6394405.5585, 37.5338, 551.2888, 273.1130
143443.7533, 6394400.4731, 34.9365, 305.7287, 334.2819
143443.7533, 6394400.4731, 34.9365, 305.7287, 334.2819
143443.6628, 6394406.9450, 35.1018, 249.6179, 336.3614
143436.0489, 6394377.5031, 33.7156, 132.0172, 341.3751
143436.0489, 6394377.5031, 33.7156, 132.0172, 341.3751
143448.2197, 6394396.0458, 37.9888, 523.9218, 215.8613
143447.0196, 6394397.0361, 37.9097, 466.0937, 219.4275
143447.0196, 6394397.0361, 37.9097, 466.0937, 219.4275
143448.0126, 6394407.9352, 34.8126, 376.2412, 351.5752
143446.9515, 6394397.4604, 37.9117, 457.8796, 220.8847
143443.5167, 6394399.4700, 34.3177, 306.3251, 356.0750
143443.5167, 6394399.4700, 34.3177, 306.3251, 356.0750
143444.1058, 6394399.4582, 34.1371, 328.4274, 363.6492
143444.1058, 6394399.4582, 34.1371, 328.4274, 363.6492
143447.6380, 6394391.1258, 34.9525, 583.1049, 325.7342
143446.0834, 6394395.0783, 34.0269, 456.1867, 367.5268
143437.0425, 6394380.9492, 35.2979, 173.9784, 229.0233
143445.5380, 6394393.5146, 33.2713, 456.9694, 398.1463
143445.5380, 6394393.5146, 33.2713, 456.9694, 398.1463
143446.9469, 6394405.4315, 33.1489, 366.4628, 401.7611
143455.0261, 6394415.9717, 33.0713, 485.1884, 406.2090
143445.3039, 6394401.4510, 34.4699, 351.4630, 354.4462
143445.3130, 6394378.5105, 33.1547, 814.2280, 409.6509
143438.5752, 6394376.0126, 33.0447, 410.1171, 411.5566
143443.1575, 6394383.1090, 32.9890, 541.7786, 414.6321
143443.1575, 6394383.1090, 32.9890, 541.7786, 414.6321
143440.8563, 6394378.4669, 32.7326, 521.5181, 437.1199
143440.6803, 6394377.4747, 32.7158, 540.1797, 440.6797
143445.8260, 6394396.5234, 34.1989, 426.7697, 361.2949
143445.8260, 6394396.5234, 34.1989, 426.7697, 361.2949
143449.6957, 6394412.4285, 34.5094, 384.1994, 364.7504
143446.3151, 6394393.9456, 33.9490, 481.8353, 370.3553
143445.3412, 6394397.0704, 33.9204, 401.3884, 372.0350
143449.8860, 6394412.4210, 34.1777, 389.2209, 374.0353
143442.2600, 6394374.4115, 33.4974, 796.0232, 376.0668
143442.3461, 6394374.3489, 33.4496, 806.0836, 380.7996
143442.3461, 6394374.3489, 33.4496, 806.0836, 380.7996
143450.1538, 6394401.1028, 37.9592, 517.5926, 240.9391
143445.3446, 6394393.5898, 33.5030, 448.1532, 388.0350
143440.8209, 6394375.0439, 33.3302, 646.6242, 388.8631
143451.6214, 6394405.0898, 33.5955, 509.9185, 390.9094
143442.2100, 6394374.4438, 33.2390, 789.7106, 400.5703
143446.5976, 6394402.4846, 33.0283, 384.2557, 406.2029
143446.5976, 6394402.4846, 33.0283, 384.2557, 406.2029
143442.9457, 6394386.5053, 32.8420, 456.2648, 420.0053
143442.9457, 6394386.5053, 32.8420, 456.2648, 420.0053
143442.4145, 6394381.1147, 32.8344, 549.5953, 426.1748
143442.2822, 6394376.1282, 32.8646, 713.6360, 432.2980
143440.6397, 6394378.4926, 32.7567, 504.7745, 434.9956
143440.4323, 6394376.9605, 32.7145, 538.2612, 441.9579
143440.3748, 6394375.4768, 32.6651, 589.0684, 450.8392
143439.7496, 6394375.5090, 32.3679, 533.0547, 478.9796
143445.6302, 6394411.4352, 37.9855, 279.3223, 258.9684
143445.6302, 6394411.4352, 37.9855, 279.3223, 258.9684
143452.7047, 6394410.0416, 38.1197, 487.1743, 265.0111
143455.0239, 6394410.0718, 37.7897, 546.1670, 278.2292
143451.4943, 6394401.0408, 36.4406, 559.1830, 295.1917
143448.0899, 6394417.4435, 37.0875, 305.6939, 299.1776
143444.7066, 6394401.9508, 35.5314, 326.1059, 316.4471
143446.2121, 6394387.5831, 34.6309, 593.9375, 331.4012
143446.2121, 6394387.5831, 34.6309, 593.9375, 331.4012
143449.3134, 6394411.4293, 35.3205, 382.5681, 341.0873
143436.1469, 6394377.4926, 33.6398, 142.0181, 348.9945
143444.7640, 6394383.5844, 33.9493, 618.3834, 359.1340
143444.1923, 6394400.0059, 34.2445, 326.1580, 360.1213
143444.1923, 6394400.0059, 34.2445, 326.1580, 360.1213
143442.2044, 6394374.4491, 33.4981, 789.6076, 375.8947
143442.3174, 6394374.3705, 33.3861, 802.4949, 386.7939
143442.1763, 6394374.4668, 33.3616, 786.1121, 388.8341
143450.2830, 6394404.4149, 33.3223, 478.6598, 398.5446
143450.2830, 6394404.4149, 33.3223, 478.6598, 398.5446
143445.3852, 6394393.5644, 33.1936, 449.9986, 401.3306
143445.3852, 6394393.5644, 33.1936, 449.9986, 401.3306
143445.9258, 6394393.4030, 33.1608, 474.2057, 403.2293
143448.1526, 6394396.6107, 33.1436, 510.1667, 404.7428
143444.0526, 6394385.6115, 33.1043, 531.7960, 407.1404
143444.0526, 6394385.6115, 33.1043, 531.7960, 407.1404
143450.0504, 6394401.6131, 33.0478, 505.1968, 407.9197
143450.0504, 6394401.6131, 33.0478, 505.1968, 407.9197
143451.6712, 6394406.4574, 32.9694, 495.3861, 409.7787
143442.1760, 6394374.4562, 33.1427, 786.1224, 409.6510
143443.3136, 6394383.6150, 32.9293, 538.1233, 417.9743
143443.3136, 6394383.6150, 32.9293, 538.1233, 417.9743
143441.2202, 6394378.9707, 32.7291, 532.3192, 436.5609
143441.9563, 6394375.1130, 32.8276, 735.0698, 437.6742
143441.9563, 6394375.1130, 32.8276, 735.0698, 437.6742
143441.9563, 6394375.1130, 32.8276, 735.0698, 437.6742
143441.9563, 6394375.1130, 32.8276, 735.0698, 437.6742
143439.8214, 6394375.5124, 32.3761, 539.2657, 478.1464
143439.8142, 6394375.4983, 32.3221, 539.0851, 483.3829
143439.5112, 6394375.5258, 32.3145, 511.1272, 484.1663
143439.8627, 6394375.5150, 32.2653, 542.6158, 488.6869
143441.7306, 6394376.6144, 37.8104, 660.8145, 2.6120
143441.7306, 6394376.6144, 37.8104, 660.8145, 2.6120
143440.6487, 6394377.5527, 37.8679, 542.3054, 3.2160
143441.2779, 6394377.0940, 37.8435, 607.3782, 3.8705
143448.7872, 6394375.0855, 38.4643, 1201.0503, 3.8871
143455.2360, 6394383.9711, 41.4973, 1077.3556, 4.5036
143440.2691, 6394378.0444, 37.8529, 496.6437, 9.6718
143440.2691, 6394378.0444, 37.8529, 496.6437, 9.6718
143440.0011, 6394378.0889, 37.8030, 474.1886, 11.5190
143440.0011, 6394378.0889, 37.8030, 474.1886, 11.5190
143455.8877, 6394385.5989, 41.8109, 1045.0870, 12.3402
143439.3967, 6394378.9771, 37.8879, 401.8807, 14.3756
143455.5626, 6394385.2103, 41.5774, 1046.1693, 16.9815
143448.4144, 6394374.5555, 38.0547, 1213.0485, 22.6536
143448.4144, 6394374.5555, 38.0547, 1213.0485, 22.6536
143437.7271, 6394379.5279, 37.6267, 253.9662, 26.9733
143437.4084, 6394380.0228, 37.6447, 218.7024, 30.9508
143437.1053, 6394380.0437, 37.5663, 192.8876, 34.3939
143437.4778, 6394380.0181, 37.6064, 224.5390, 34.8117
143437.4778, 6394380.0181, 37.6064, 224.5390, 34.8117
143437.3081, 6394380.0397, 37.5718, 210.0233, 36.1511
143437.3081, 6394380.0397, 37.5718, 210.0233, 36.1511
143437.0888, 6394380.0577, 37.5180, 191.2667, 38.4769
143437.0888, 6394380.0577, 37.5180, 191.2667, 38.4769
143437.4024, 6394380.0475, 37.5447, 217.7574, 39.5867
143448.6646, 6394376.2004, 38.2350, 1127.2893, 39.5873
143436.4580, 6394382.5453, 37.8168, 109.2642, 49.9702
143436.4580, 6394382.5453, 37.8168, 109.2642, 49.9702
143456.3644, 6394388.6081, 41.5638, 969.0293, 55.9757
143435.6386, 6394383.5545, 37.8230, 37.0483, 57.0538
143435.6412, 6394384.0532, 37.8674, 34.1102, 61.2001
143435.5168, 6394384.5441, 37.9164, 21.8134, 63.6131
143435.5168, 6394384.5441, 37.9164, 21.8134, 63.6131
143448.2138, 6394376.1805, 37.7874, 1102.5887, 68.5844
143454.1068, 6394383.9824, 40.0649, 1032.3536, 68.9309
143440.5005, 6394382.0685, 37.8299, 408.0731, 79.2185
143455.7696, 6394388.6542, 40.8948, 946.9885, 82.0053
143447.8725, 6394375.1440, 37.3412, 1142.7036, 84.4676
143447.8725, 6394375.1440, 37.3412, 1142.7036, 84.4676
143447.9969, 6394376.0603, 37.4535, 1096.3845, 90.2215
143449.3629, 6394379.1484, 38.1695, 1015.3521, 91.3245
143447.4181, 6394373.1120, 36.7901, 1251.0494, 94.6979
143447.7245, 6394375.1577, 37.1158, 1132.6843, 101.3409
143447.8794, 6394376.0525, 37.2121, 1089.5825, 107.5357
143448.7297, 6394378.6758, 37.7049, 1003.9374, 111.6199
143447.6803, 6394375.6412, 37.0665, 1101.3201, 111.5631
143447.5696, 6394375.1704, 36.8593, 1122.1914, 120.7156
143435.8018, 6394386.4833, 37.4496, 31.7023, 121.0264
143447.7076, 6394375.4629, 36.9139, 1112.8629, 121.4396
143447.5583, 6394375.6205, 36.8812, 1094.9957, 124.7855
143448.0911, 6394378.1110, 37.2575, 995.8268, 130.9973
143447.6460, 6394377.1041, 36.9434, 1019.9408, 138.7374
143443.8424, 6394386.5431, 37.9218, 505.4771, 143.9251
143447.5011, 6394375.6928, 36.6352, 1086.8506, 144.5361
143442.4147, 6394387.5538, 37.9053, 413.1580, 145.2767
143442.4147, 6394387.5538, 37.9053, 413.1580, 145.2767
143447.6897, 6394375.5148, 36.6064, 1107.9058, 146.1800
143442.3578, 6394388.4676, 37.9265, 394.9038, 151.1772
143447.6652, 6394377.4918, 36.7600, 1001.3183, 156.4087
143439.9275, 6394389.5068, 37.7278, 253.8485, 157.0426
143435.9405, 6394386.4840, 36.8038, 41.2590, 163.2787
143442.7226, 6394401.4526, 27.7876, 257.3775, 594.1316
