143448.5994, 6394375.5925, 38.2683, 1171.4205, 25.1538
143441.2977, 6394387.4733, 37.8473, 343.1494, 131.2162
143453.5287, 6394384.6898, 39.4047, 984.1880, 106.1933
143441.2977, 6394387.4733, 37.8473, 343.1494, 131.2162
143447.4990, 6394375.7054, 36.8028, 1096.4187, 131.4886
143447.6643, 6394375.5119, 36.7189, 1117.3651, 137.5095
143457.1116, 6394389.0762, 42.2340, 978.8651, 36.8729
143453.5287, 6394384.6898, 39.4047, 984.1880, 106.1933
143440.1084, 6394381.5348, 37.8973, 384.6974, 49.8423
143448.1036, 6394379.1318, 36.9106, 952.8043, 164.6201
143440.0461, 6394389.4951, 37.8278, 245.2313, 140.8023
143448.2119, 6394379.5766, 36.6213, 937.9856, 188.5512
143456.1198, 6394388.6306, 41.2337, 957.1290, 69.9094
143438.7338, 6394390.0141, 37.6695, 166.4969, 145.1374
143448.0306, 6394376.0429, 37.4066, 1109.0771, 93.3901
143447.7572, 6394375.4422, 36.6149, 1126.5712, 145.9694
143448.0306, 6394376.0429, 37.4066, 1109.0771, 93.3901
143438.3809, 6394390.0437, 37.5924, 146.1511, 147.3444
143447.5349, 6394375.6801, 36.5795, 1099.1217, 149.4662
143446.2284, 6394392.0912, 37.6731, 499.8504, 198.5514
143446.2259, 6394387.5846, 34.6790, 584.6387, 327.1472
143447.6072, 6394376.1217, 36.6438, 1077.5522, 149.9836
143456.9412, 6394393.6495, 41.3485, 855.0298, 106.1946
143436.0597, 6394387.0028, 35.6671, 23.1147, 225.6116
143436.5909, 6394379.9963, 35.0415, 128.9547, 226.0208
143446.2259, 6394387.5846, 34.6790, 584.6387, 327.1472
143435.7421, 6394379.0112, 33.7666, 59.1351, 328.8670
143442.5150, 6394374.8677, 34.0040, 797.2350, 330.1818
143438.8561, 6394392.5340, 37.9318, 150.0266, 150.9563
143456.7719, 6394392.0799, 41.0679, 886.4053, 106.0228
143447.1209, 6394400.0346, 35.0614, 414.9602, 330.4204
143438.8561, 6394392.5340, 37.9318, 150.0266, 150.9563
143447.7161, 6394377.5847, 36.8398, 1005.3843, 151.6759
143435.7390, 6394385.9803, 37.3078, 7.8063, 106.6479
143447.6512, 6394376.0863, 36.6110, 1081.9767, 152.5652
143446.2852, 6394387.5501, 34.6149, 588.0361, 330.5598
143447.6951, 6394376.0431, 36.6098, 1086.9834, 152.5831
143456.9305, 6394394.6114, 41.5037, 833.4887, 106.3687
143437.6774, 6394391.5063, 37.6009, 94.3483, 153.6471
143443.0270, 6394377.4978, 36.8185, 718.3192, 107.8003
143443.9106, 6394382.5329, 37.7008, 600.0398, 112.4024
143443.6772, 6394382.9874, 37.7258, 573.8855, 113.6677
143436.0112, 6394386.4931, 36.7004, 23.7232, 154.5168
143443.3811, 6394382.9988, 37.6850, 556.4258, 113.9913
143443.8335, 6394382.9829, 37.7136, 582.9116, 115.6760
143438.3190, 6394392.9771, 37.8560, 118.2756, 154.7876
143443.8335, 6394382.9829, 37.7136, 582.9116, 115.6760
143442.7591, 6394383.0459, 37.5799, 518.4412, 116.1917
143438.3190, 6394392.9771, 37.8560, 118.2756, 154.7876
143443.7342, 6394382.9668, 37.6957, 577.6565, 115.8456
143443.1684, 6394383.0298, 37.5608, 542.9554, 120.6126
143437.5719, 6394390.9666, 37.4554, 92.2348, 156.8159
143436.4066, 6394388.0185, 37.4748, 41.5999, 122.6755
143442.5635, 6394383.5757, 37.5396, 493.5011, 122.6857
143451.6154, 6394386.0261, 36.5612, 860.2397, 246.7810
143436.1452, 6394386.9919, 36.7418, 29.9736, 157.2689
143441.6438, 6394386.5761, 37.8857, 377.9590, 123.4255
143447.5574, 6394377.6011, 36.7034, 995.3298, 160.5192
143441.4632, 6394387.0817, 37.8749, 358.9434, 127.3436
143436.5888, 6394388.4770, 37.4480, 50.3828, 130.0159
143440.5150, 6394387.0291, 37.6746, 305.8466, 131.7943
143441.5073, 6394387.4405, 37.8444, 355.2377, 132.5455
143440.3947, 6394389.0123, 37.8935, 270.6064, 135.5539
143440.6554, 6394387.5448, 37.6817, 305.8974, 136.8883
143439.9720, 6394389.4839, 37.8722, 241.3696, 137.8088
143440.3087, 6394389.0506, 37.7913, 265.2657, 140.9312
143437.5348, 6394391.0014, 37.6196, 90.0002, 147.9486
143447.7273, 6394375.9984, 36.6600, 1091.6157, 148.4314
143437.6148, 6394390.9966, 37.5824, 94.5597, 150.4279
143439.5222, 6394387.9507, 35.1990, 232.2264, 275.8698
143445.0990, 6394384.5838, 34.2818, 601.5864, 340.5317
143444.6516, 6394383.6342, 34.1756, 603.0458, 344.0438
143444.5154, 6394383.1269, 34.1571, 609.6124, 344.0137
143442.4450, 6394374.8869, 33.8193, 789.9605, 347.5050
143442.4973, 6394374.8507, 33.8090, 796.0109, 348.6725
143436.6605, 6394388.4795, 36.8094, 54.4132, 168.9266
143446.3089, 6394395.4974, 34.4163, 444.8412, 349.1283
143444.7532, 6394383.5898, 33.9942, 609.3477, 355.2628
143445.0848, 6394384.6021, 33.9845, 599.8060, 357.7246
143444.5645, 6394383.1271, 33.9250, 611.8118, 358.4915
143448.0187, 6394392.6193, 35.9526, 560.4362, 283.7932
143448.0187, 6394392.6193, 35.9526, 560.4362, 283.7932
143444.7726, 6394390.5860, 37.9176, 463.3282, 171.4549
143436.8246, 6394380.0329, 37.5897, 153.1825, 8.1128
143447.7991, 6394373.6100, 37.3407, 1256.9586, 58.5465
143448.6628, 6394376.6600, 38.0380, 1110.6013, 60.5183
143439.1601, 6394395.0384, 37.6414, 144.4294, 182.5667
143456.0607, 6394388.1557, 41.2488, 969.0131, 64.8952
143439.3377, 6394395.4748, 37.6510, 149.5147, 185.4152
143440.9351, 6394382.5204, 37.9010, 418.0799, 71.9345
143441.5228, 6394383.0543, 37.8679, 443.2690, 86.4642
143447.9008, 6394374.4541, 37.1873, 1201.6851, 86.8953
143439.6840, 6394396.4632, 37.7604, 158.0023, 187.4191
143455.1968, 6394387.6376, 40.5104, 953.3203, 88.2731
143451.9178, 6394386.0752, 37.6065, 872.9286, 196.6037
143442.1899, 6394376.1460, 35.5009, 712.9888, 197.2356
143448.8127, 6394378.5748, 37.8133, 1018.1235, 103.1163
143442.8796, 6394378.6355, 35.8280, 659.5688, 198.9970
143447.8677, 6394376.0558, 37.2438, 1098.5204, 104.6290
143442.9021, 6394378.6235, 35.8288, 661.5519, 198.9998
143442.9021, 6394378.6235, 35.8288, 661.5519, 198.9998
143435.8247, 6394386.4750, 37.4215, 11.2357, 105.3311
143448.0621, 6394407.9423, 34.0584, 360.3990, 370.6169
143440.9462, 6394375.5644, 33.5003, 632.6704, 372.2243
143440.9462, 6394375.5644, 33.5003, 632.6704, 372.2243
143443.1420, 6394377.4269, 36.8229, 729.4327, 107.6867
143446.3409, 6394387.0059, 37.0658, 607.4485, 201.1598
143447.9514, 6394375.9836, 37.2023, 1107.3202, 107.7896
143446.3409, 6394387.0059, 37.0658, 607.4485, 201.1598
143446.2753, 6394393.9645, 33.8118, 465.8678, 373.5434
143456.7024, 6394392.0556, 40.9822, 884.6793, 108.9021
143446.2867, 6394387.5533, 37.1123, 592.2684, 201.6055
143446.2867, 6394387.5533, 37.1123, 592.2684, 201.6055
143456.7024, 6394392.0556, 40.9822, 884.6793, 108.9021
143440.7863, 6394399.4711, 37.7321, 182.5458, 207.6281
143456.8859, 6394391.9134, 40.9855, 893.9180, 108.7690
143447.6701, 6394375.6465, 37.0973, 1111.0466, 108.7964
143447.7013, 6394375.6161, 37.0937, 1114.6759, 108.9986
143441.1659, 6394399.5142, 37.7129, 197.8342, 210.0618
143438.7795, 6394376.9889, 35.0850, 392.8318, 213.4566
143445.1865, 6394395.0130, 33.7278, 406.6177, 375.3800
143442.4216, 6394374.9263, 33.5227, 784.8779, 375.7267
143442.4216, 6394374.9263, 33.5227, 784.8779, 375.7267
143440.9415, 6394375.5695, 33.4311, 631.8195, 378.8578
143441.0559, 6394376.0646, 33.4213, 619.6332, 380.2991
143444.4461, 6394386.0844, 33.4639, 530.3575, 386.1903
143441.4142, 6394400.9714, 37.7634, 196.3445, 214.9501
143438.4873, 6394377.0847, 35.0482, 363.0145, 215.2725
143438.4873, 6394377.0847, 35.0482, 363.0145, 215.2725
143445.5721, 6394393.5087, 33.4125, 443.9405, 389.5479
143442.4255, 6394374.9244, 33.3178, 784.5055, 395.2334
143444.4247, 6394398.5040, 37.7454, 337.0166, 216.9419
143445.4317, 6394389.0891, 33.2849, 514.3936, 396.5733
143465.4848, 6394410.5441, 45.1508, 775.3282, 109.6798
143443.3870, 6394383.5988, 33.1315, 532.1384, 404.6167
143443.6847, 6394406.9874, 35.8450, 231.8568, 305.5411
143444.5649, 6394398.5011, 37.7581, 342.4378, 216.9483
143443.3870, 6394383.5988, 33.1315, 532.1384, 404.6167
143442.6656, 6394381.6092, 33.1009, 542.2419, 406.9705
143443.8398, 6394385.1108, 32.8958, 520.0686, 417.9265
143442.0858, 6394375.6394, 32.8923, 719.9937, 432.7803
143442.1506, 6394374.9939, 32.8113, 757.0887, 442.5355
143442.1506, 6394374.9939, 32.8113, 757.0887, 442.5355
143440.1052, 6394376.0001, 32.3027, 538.2335, 483.7452
143444.5649, 6394398.5011, 37.7581, 342.4378, 216.9483
143442.2270, 6394402.9620, 37.9628, 212.2717, 217.8889
143465.4714, 6394410.0881, 45.0763, 781.4203, 109.6113
143440.7764, 6394375.4996, 32.2558, 617.0258, 491.6385
143440.8620, 6394375.5199, 32.2520, 623.4131, 491.9059
143444.3439, 6394398.5122, 37.7159, 333.7877, 217.8415
143444.3439, 6394398.5122, 37.7159, 333.7877, 217.8415
143444.6426, 6394401.5515, 38.0167, 313.1056, 219.0047
143465.4714, 6394410.0881, 45.0763, 781.4203, 109.6113
143444.6426, 6394401.5515, 38.0167, 313.1056, 219.0047
143444.2887, 6394400.9801, 35.2118, 303.5246, 320.0206
143463.7099, 6394407.1050, 44.3642, 786.1673, 109.3887
143443.7995, 6394400.4595, 34.9653, 290.3023, 327.4662
143463.7099, 6394407.1050, 44.3642, 786.1673, 109.3887
143442.8709, 6394378.0043, 36.8322, 686.4318, 111.9048
143454.8641, 6394388.0390, 40.0073, 928.9102, 112.1234
143447.7327, 6394375.5986, 37.0460, 1117.3435, 112.9252
143448.3485, 6394377.4140, 37.4054, 1050.4745, 114.0918
143447.4894, 6394374.2136, 36.7576, 1192.0665, 115.6071
143442.5229, 6394383.1001, 37.5612, 502.9229, 116.0342
143443.4060, 6394382.9959, 37.6445, 557.8605, 116.7790
143443.4060, 6394382.9959, 37.6445, 557.8605, 116.7790
143443.8121, 6394407.4548, 35.0640, 232.1536, 331.9109
143436.1527, 6394387.4752, 37.4378, 28.0705, 117.6125
143443.1122, 6394382.9972, 37.5949, 540.6025, 117.6039
143443.1122, 6394382.9972, 37.5949, 540.6025, 117.6039
143443.8121, 6394407.4548, 35.0640, 232.1536, 331.9109
143436.2115, 6394387.4752, 37.4054, 32.0144, 120.1215
143442.6833, 6394383.5635, 37.5467, 500.8615, 123.0643
143447.8083, 6394375.9685, 36.9889, 1099.2765, 122.9505
143448.2221, 6394378.0629, 37.3585, 1010.6511, 123.7783
143448.5328, 6394378.6373, 37.4614, 999.5939, 125.5557
143448.5328, 6394378.6373, 37.4614, 999.5939, 125.5557
143440.5082, 6394386.5533, 37.6148, 312.9312, 130.9890
143436.7919, 6394389.0062, 37.5288, 59.7399, 131.4874
143441.7913, 6394388.0408, 37.9679, 360.7528, 132.6568
143440.7257, 6394387.0180, 37.6667, 318.1218, 133.6582
143444.4839, 6394403.0063, 38.0929, 293.5830, 220.9184
143440.7257, 6394387.0180, 37.6667, 318.1218, 133.6582
143436.9362, 6394389.5078, 37.5705, 65.2424, 134.5061
143445.8495, 6394396.5362, 34.4512, 412.6804, 347.6419
143444.4839, 6394403.0063, 38.0929, 293.5830, 220.9184
143440.2693, 6394389.0538, 37.8251, 263.1060, 138.8384
143440.2693, 6394389.0538, 37.8251, 263.1060, 138.8384
143439.6306, 6394389.4924, 37.8020, 222.3953, 139.4937
143443.8613, 6394403.5023, 38.0298, 267.1443, 222.8483
143443.5651, 6394399.4578, 34.2987, 290.7191, 351.4407
143440.0523, 6394389.4937, 37.8280, 245.5874, 140.8217
143447.7167, 6394375.9847, 36.7524, 1092.1814, 140.9034
143443.8613, 6394403.5023, 38.0298, 267.1443, 222.8483
143437.1015, 6394389.9715, 37.5262, 71.9802, 142.0872
143443.5651, 6394399.4578, 34.2987, 290.7191, 351.4407
143439.7721, 6394389.5003, 37.7680, 230.0787, 142.3376
143448.0334, 6394392.0146, 36.5968, 573.2075, 253.7975
143439.7721, 6394389.5003, 37.7680, 230.0787, 142.3376
143447.6666, 6394375.5308, 36.6403, 1116.0183, 144.0941
143439.1080, 6394389.5394, 37.6247, 192.4737, 146.2533
143439.1080, 6394389.5394, 37.6247, 192.4737, 146.2533
143447.7249, 6394375.4777, 36.6105, 1122.5093, 146.4306
143438.4986, 6394390.0440, 37.5999, 152.8461, 147.6877
143447.6317, 6394375.5809, 36.5856, 1110.7247, 148.7508
143451.4768, 6394406.0584, 37.7645, 483.0210, 260.4471
143451.8382, 6394385.6320, 37.7336, 883.6306, 187.3034
143449.1413, 6394410.9525, 34.3372, 364.6450, 364.5641
143448.5557, 6394380.6118, 36.7227, 912.4943, 192.0978
143445.8180, 6394386.1087, 35.2615, 600.9692, 291.4847
143449.1413, 6394410.9525, 34.3372, 364.6450, 364.5641
143449.3528, 6394396.1237, 36.0173, 549.6837, 293.2456
143446.8457, 6394395.5157, 38.0076, 469.4033, 203.0904
143446.0942, 6394394.5628, 34.0013, 449.7300, 365.3745
143442.2780, 6394397.9933, 33.6714, 253.5127, 373.2482
143451.4685, 6394401.0537, 36.4290, 545.5143, 293.3163
143447.1680, 6394392.0732, 37.6622, 538.8762, 203.1482
143448.5074, 6394380.0859, 36.4499, 930.8644, 205.4656
143439.2694, 6394376.8946, 35.1669, 440.2214, 209.1793
143439.2694, 6394376.8946, 35.1669, 440.2214, 209.1793
143449.0193, 6394380.3858, 36.4440, 943.7309, 211.0309
143443.3129, 6394398.4839, 33.5074, 290.0654, 381.5983
143445.1634, 6394394.5295, 33.5356, 412.2634, 383.4572
143447.3128, 6394396.9530, 37.9939, 465.7589, 211.6428
143449.9279, 6394401.0936, 33.3035, 493.2783, 397.7200
143444.8012, 6394398.0112, 37.7575, 357.1953, 215.8899
143436.8945, 6394380.4587, 35.2220, 149.5561, 216.9038
143449.9279, 6394401.0936, 33.3035, 493.2783, 397.7200
143455.3094, 6394415.4701, 33.0497, 480.1152, 405.3773
143448.9273, 6394380.0435, 37.3159, 956.0803, 152.1851
143455.3094, 6394415.4701, 33.0497, 480.1152, 405.3773
143442.4947, 6394374.8755, 33.0849, 791.6999, 417.6364
143447.6170, 6394377.5365, 36.7516, 1002.0521, 156.8306
143441.1217, 6394378.9383, 32.7330, 517.1451, 435.5801
143447.7665, 6394375.4686, 36.4708, 1124.8834, 157.9794
143447.7665, 6394375.4686, 36.4708, 1124.8834, 157.9794
143449.0273, 6394380.6231, 37.2700, 936.7135, 160.8759
143436.3192, 6394387.4863, 36.7559, 38.6355, 161.8608
143447.5946, 6394377.5779, 36.6634, 998.4138, 163.5325
143447.5946, 6394377.5779, 36.6634, 998.4138, 163.5325
143436.4678, 6394387.9842, 36.7919, 45.2531, 164.7682
143447.7070, 6394376.0727, 36.4368, 1085.2644, 166.5712
143446.2310, 6394392.0443, 37.9672, 501.1762, 184.9306
143447.8948, 6394378.6128, 36.5097, 964.1794, 186.1370
143447.9707, 6394378.5542, 36.4789, 970.8531, 188.3363
143446.2658, 6394387.5651, 34.9478, 587.3672, 313.4012
143441.8354, 6394375.6288, 34.1373, 704.9634, 316.3939
143441.8354, 6394375.6288, 34.1373, 704.9634, 316.3939
143442.7302, 6394404.0164, 37.8766, 222.5087, 226.3799
143447.9518, 6394392.0582, 35.1220, 567.0585, 318.6840
143445.9897, 6394386.6302, 34.6429, 595.5711, 326.6275
143446.0041, 6394386.6216, 34.5980, 596.3799, 329.0457
143443.1029, 6394403.9997, 37.8313, 235.9501, 229.1257
143446.1651, 6394387.1001, 34.6111, 592.7698, 329.6577
143451.4604, 6394386.0572, 36.8985, 853.8297, 229.4886
143444.5495, 6394383.1095, 34.1090, 611.8744, 347.0728
143444.5495, 6394383.1095, 34.1090, 611.8744, 347.0728
143444.8671, 6394384.1293, 34.1384, 601.1544, 347.5905
143444.8671, 6394384.1293, 34.1384, 601.1544, 347.5905
143444.1452, 6394382.1305, 33.9863, 617.2232, 352.3057
143444.6768, 6394383.6279, 33.9855, 604.1912, 355.5994
143451.3455, 6394401.1123, 34.4351, 538.7684, 360.9952
143451.3455, 6394401.1123, 34.4351, 538.7684, 360.9952
143442.4103, 6394374.9140, 33.6642, 785.1711, 362.1977
143439.8889, 6394396.9650, 37.7723, 163.3818, 190.4275
143444.7880, 6394382.4392, 36.4817, 649.6799, 196.4977
143448.2866, 6394379.5399, 36.4948, 943.0372, 197.1635
143448.2866, 6394379.5399, 36.4948, 943.0372, 197.1635
143446.1651, 6394387.1065, 37.0548, 596.8501, 201.4105
143440.8664, 6394399.5028, 37.8603, 185.7132, 202.8974
143451.7028, 6394384.8930, 36.6208, 899.1318, 239.2938
143442.4292, 6394374.8987, 33.6449, 787.4142, 364.0959
143442.4292, 6394374.8987, 33.6449, 787.4142, 364.0959
143441.0610, 6394375.5277, 33.5388, 644.1456, 368.9767
143441.0610, 6394375.5277, 33.5388, 644.1456, 368.9767
143441.3480, 6394376.5729, 33.5502, 622.2366, 369.8539
143441.3480, 6394376.5729, 33.5502, 622.2366, 369.8539
143440.8987, 6394375.5893, 33.4897, 627.4999, 373.0617
143451.4071, 6394386.1404, 36.6041, 848.6088, 244.2540
143451.4071, 6394386.1404, 36.6041, 848.6088, 244.2540
143446.3771, 6394393.9247, 33.7808, 470.5177, 375.0405
143440.9048, 6394375.5881, 33.4382, 627.8965, 378.0298
143442.4413, 6394374.9135, 33.4969, 787.0199, 378.2552
143451.5607, 6394386.5305, 36.6242, 843.2939, 245.5143
143452.8261, 6394386.8627, 36.7486, 882.7004, 245.9950
143452.6454, 6394405.0234, 38.0822, 529.2269, 251.0273
143442.3996, 6394374.9304, 33.4240, 782.5388, 385.0421
143449.0478, 6394376.7023, 38.6213, 1130.8735, 21.9374
143447.9985, 6394375.6158, 37.5451, 1133.4895, 75.9897
143447.8336, 6394375.0448, 37.1221, 1158.2009, 100.2492
143448.4445, 6394378.1831, 37.5338, 1017.0838, 114.7279
143449.0849, 6394379.6174, 37.6671, 983.4042, 126.5521
143449.0849, 6394379.6174, 37.6671, 983.4042, 126.5521
143447.5052, 6394375.6527, 36.7940, 1099.9136, 131.6142
143447.5052, 6394375.6527, 36.7940, 1099.9136, 131.6142
143447.6296, 6394376.6131, 36.6715, 1051.2339, 153.3734
143445.4878, 6394389.0990, 33.3964, 516.9219, 391.1490
143445.4878, 6394389.0990, 33.3964, 516.9219, 391.1490
143441.1343, 6394375.5036, 33.3095, 650.6360, 391.2306
143441.1343, 6394375.5036, 33.3095, 650.6360, 391.2306
143441.2099, 6394375.5048, 33.2630, 656.7465, 395.9357
143441.3997, 6394375.4239, 33.2659, 676.2860, 396.3575
143448.0206, 6394394.9858, 38.0061, 522.2202, 205.5159
143439.1743, 6394376.9289, 35.1785, 430.6402, 207.5537
143443.2223, 6394383.0889, 33.1733, 535.8163, 402.0789
143441.2784, 6394375.4580, 33.1757, 664.3218, 404.5395
143447.2837, 6394396.0540, 38.0004, 477.8816, 207.4932
143448.1346, 6394396.6126, 33.0438, 495.0305, 407.0558
143442.4467, 6394376.6250, 32.9442, 702.3133, 426.3846
143442.4467, 6394376.6250, 32.9442, 702.3133, 426.3846
143442.0253, 6394375.0741, 32.8315, 742.9656, 440.1024
143440.0686, 6394375.9971, 32.3255, 535.2158, 481.5640
143440.0686, 6394375.9971, 32.3255, 535.2158, 481.5640
143440.1476, 6394375.9960, 32.3155, 542.1292, 482.5769
143440.4146, 6394375.9801, 32.3076, 565.8237, 483.5765
143440.4146, 6394375.9801, 32.3076, 565.8237, 483.5765
143440.9814, 6394375.4617, 32.3251, 636.3866, 485.3182
143440.0659, 6394375.9948, 32.2761, 534.9269, 486.2947
143447.9682, 6394392.0516, 36.5435, 569.8453, 256.0427
143447.2837, 6394396.0540, 38.0004, 477.8816, 207.4932
143439.2112, 6394376.9180, 35.1588, 434.2426, 209.6470
143439.2112, 6394376.9180, 35.1588, 434.2426, 209.6470
143451.3237, 6394406.0009, 37.8297, 479.3441, 257.9127
143441.0405, 6394375.4259, 32.2783, 642.8530, 490.0433
143451.8389, 6394405.9959, 37.8115, 494.1531, 259.7405
143441.0810, 6394399.5275, 37.6838, 194.2233, 210.9618
143441.0810, 6394399.5275, 37.6838, 194.2233, 210.9618
143441.8783, 6394401.9443, 37.8311, 206.8852, 217.7807
143440.8293, 6394375.5348, 32.2276, 619.8927, 494.1320
143440.8293, 6394375.5348, 32.2276, 619.8927, 494.1320
143440.8293, 6394375.5348, 32.2276, 619.8927, 494.1320
143440.8293, 6394375.5348, 32.2276, 619.8927, 494.1320
143440.8293, 6394375.5348, 32.2276, 619.8927, 494.1320
143452.0793, 6394405.9930, 37.8123, 501.0251, 260.3002
143441.8783, 6394401.9443, 37.8311, 206.8852, 217.7807
143451.1091, 6394382.8558, 36.7659, 944.4739, 218.5580
143448.1258, 6394396.0330, 37.9968, 509.3818, 210.8032
143452.0793, 6394405.9930, 37.8123, 501.0251, 260.3002
143448.1258, 6394396.0330, 37.9968, 509.3818, 210.8032
143448.1258, 6394396.0330, 37.9968, 509.3818, 210.8032
143442.2726, 6394402.9390, 37.8638, 214.0677, 221.5824
143442.2726, 6394402.9390, 37.8638, 214.0677, 221.5824
143442.0221, 6394402.4578, 37.7686, 208.3365, 222.5118
143442.9939, 6394403.9888, 37.9885, 232.2580, 223.1661
143448.7397, 6394417.5271, 38.1096, 305.1270, 268.0081
143451.0359, 6394384.6204, 36.8754, 881.1206, 221.6906
143442.8046, 6394403.9920, 37.9524, 225.4247, 223.8455
143443.1526, 6394403.9943, 37.9352, 237.8384, 225.5878
143443.1526, 6394403.9943, 37.9352, 237.8384, 225.5878
143451.4678, 6394386.0507, 36.9050, 854.3324, 229.1646
143454.1842, 6394408.0949, 37.8385, 533.7807, 268.9480
143438.3929, 6394384.9800, 35.1022, 200.5248, 264.0229
143438.3929, 6394384.9800, 35.1022, 200.5248, 264.0229
143439.2888, 6394388.0145, 35.0230, 217.6387, 285.2379
143439.2888, 6394388.0145, 35.0230, 217.6387, 285.2379
143441.6432, 6394401.4721, 35.8105, 200.0051, 292.0185
143451.4302, 6394386.1162, 36.6573, 850.3600, 241.6051
143441.6432, 6394401.4721, 35.8105, 200.0051, 292.0185
143448.8769, 6394417.5091, 37.8946, 308.6421, 273.8472
143448.0141, 6394392.0276, 35.5429, 570.6998, 300.2673
143437.2282, 6394378.9681, 33.9127, 201.1985, 323.2843
143437.2282, 6394378.9681, 33.9127, 201.1985, 323.2843
143450.9921, 6394400.9677, 37.8678, 533.4173, 242.5166
143436.5016, 6394378.0077, 33.5947, 148.0821, 346.3781
143436.7508, 6394378.0029, 33.5318, 172.7300, 353.5749
143437.6882, 6394379.4504, 33.4510, 232.2360, 366.5762
143446.0754, 6394393.4167, 33.4859, 466.0449, 387.1906
143446.0754, 6394393.4167, 33.4859, 466.0449, 387.1906
143445.0202, 6394377.6307, 33.3565, 833.4938, 397.6434
143442.7820, 6394384.9782, 32.8130, 465.2798, 421.2753
143451.2276, 6394400.9766, 37.7733, 540.5557, 246.4817
143451.5941, 6394386.5165, 36.5486, 844.8681, 249.2900
143451.5941, 6394386.5165, 36.5486, 844.8681, 249.2900
143447.4779, 6394391.1207, 35.8654, 566.9380, 281.8858
143447.4779, 6394391.1207, 35.8654, 566.9380, 281.8858
143447.5216, 6394391.1112, 35.7679, 568.7733, 286.4448
143447.8768, 6394392.0942, 35.7994, 564.3613, 288.7070
143447.8768, 6394392.0942, 35.7994, 564.3613, 288.7070
143445.2559, 6394385.1215, 35.7998, 598.6896, 255.4874
143445.2559, 6394385.1215, 35.7998, 598.6896, 255.4874
143454.2392, 6394384.5018, 40.1997, 1019.5383, 69.2210
143440.9198, 6394383.0711, 37.8740, 404.5618, 80.6797
143448.5728, 6394377.0017, 37.6671, 1085.4379, 91.9192
143448.3423, 6394377.1568, 37.4973, 1064.0632, 104.1713
143452.4749, 6394405.4765, 37.8726, 518.5496, 258.2141
143453.0052, 6394405.4736, 37.8259, 533.4987, 260.9578
143437.1876, 6394380.0162, 37.6788, 185.6889, 5.1603
143447.8670, 6394392.1012, 35.6983, 563.7015, 293.1498
143436.6122, 6394380.0542, 37.5637, 133.7621, 7.8165
143436.6122, 6394380.0542, 37.5637, 133.7621, 7.8165
143449.2808, 6394376.4756, 38.7682, 1156.6993, 9.9884
143455.7474, 6394385.0507, 41.7870, 1059.1248, 7.6184
143452.8092, 6394410.5072, 38.1578, 471.1113, 261.6743
143441.6399, 6394401.9678, 35.6925, 196.0263, 297.4618
143457.5251, 6394389.0612, 42.9091, 993.9044, 10.7533
143436.1505, 6394382.0581, 37.8167, 70.1756, 17.9371
143436.1505, 6394382.0581, 37.8167, 70.1756, 17.9371
143457.2456, 6394388.6087, 42.6548, 997.6174, 15.4030
143457.0415, 6394388.5919, 42.3679, 990.9112, 26.2467
143435.6532, 6394383.0523, 37.8448, 20.2976, 26.6311
143457.2456, 6394388.6087, 42.6548, 997.6174, 15.4030
143452.8092, 6394410.5072, 38.1578, 471.1113, 261.6743
143455.3340, 6394384.7092, 41.4323, 1055.5006, 18.0279
143456.3870, 6394388.6942, 41.6076, 964.9211, 55.8402
143456.4402, 6394388.5370, 41.5889, 971.2008, 55.6410
143456.6846, 6394388.5590, 41.8831, 979.2169, 44.6031
143448.6908, 6394376.5723, 38.0196, 1117.0042, 60.9237
143448.6134, 6394376.6703, 37.9623, 1107.0811, 65.8206
143448.2774, 6394376.1207, 37.7905, 1119.7421, 67.2462
143448.2774, 6394376.1207, 37.7905, 1119.7421, 67.2462
143454.4571, 6394384.1241, 40.5499, 1042.0330, 49.3410
143448.3678, 6394380.1692, 36.5198, 920.5765, 200.6578
143448.3708, 6394376.1236, 37.8672, 1125.0267, 62.3829
143449.3420, 6394378.6012, 38.3235, 1045.3171, 73.5003
143441.2693, 6394382.5174, 37.8882, 439.8785, 76.0308
143448.0124, 6394376.1287, 37.5239, 1103.4912, 85.2277
143447.6096, 6394373.5380, 36.9950, 1249.3185, 85.8718
143452.8292, 6394410.0293, 38.1275, 476.6161, 261.5801
143451.0319, 6394384.6244, 36.8694, 880.8082, 222.0065
143447.6248, 6394374.0882, 36.9918, 1210.0513, 94.9532
143447.5164, 6394373.5962, 36.8323, 1238.5410, 100.2604
143455.8852, 6394388.6276, 40.9951, 948.8839, 78.8744
143441.4045, 6394387.0399, 37.9299, 356.4741, 123.3662
143447.4933, 6394375.2339, 36.6647, 1124.4357, 136.8857
143447.7122, 6394375.5023, 36.5665, 1120.0873, 150.1387
143437.0455, 6394389.4844, 35.7717, 70.5529, 238.3151
143447.7123, 6394376.0544, 36.4933, 1086.8448, 162.0012
143454.9388, 6394387.1453, 40.5248, 959.1597, 81.9471
143455.0790, 6394387.6108, 40.3454, 949.6760, 94.8298
143447.7305, 6394375.1682, 37.1543, 1144.4680, 98.2275
143447.7727, 6394375.1112, 37.1192, 1150.4001, 100.7657
143447.7434, 6394375.5664, 37.1147, 1120.2061, 107.0856
143447.8986, 6394376.0465, 37.1721, 1100.5232, 110.4403
143452.8292, 6394410.0293, 38.1275, 476.6161, 261.5801
143447.8986, 6394376.0465, 37.1721, 1100.5232, 110.4403
143447.7763, 6394375.5558, 37.0391, 1122.4301, 113.3669
143448.6434, 6394378.6802, 37.6214, 1003.7952, 115.9835
143447.5966, 6394375.6645, 36.9209, 1105.0026, 122.4554
143442.6132, 6394383.5769, 37.5251, 496.3714, 124.0270
143441.7915, 6394387.0498, 37.9178, 377.7030, 126.9117
143449.5589, 6394396.1031, 36.8178, 558.2770, 262.5475
143447.2967, 6394390.1214, 35.1831, 578.2680, 310.4244
143440.3338, 6394380.4670, 34.9176, 421.0088, 264.8470
143441.6731, 6394387.5125, 37.9517, 363.2363, 128.2309
143441.6731, 6394387.5125, 37.9517, 363.2363, 128.2309
143447.8404, 6394391.6311, 35.1409, 570.7425, 316.7977
143442.3648, 6394387.0194, 37.9361, 409.4578, 129.6097
143447.4911, 6394375.6823, 36.7375, 1097.0869, 136.3815
143447.7113, 6394374.5652, 36.6006, 1180.4041, 136.0789
143447.3196, 6394390.1115, 35.0210, 579.1837, 318.0735
143439.7473, 6394389.4918, 37.8485, 228.9037, 137.7013
143447.6475, 6394376.6169, 36.8558, 1052.7206, 139.4580
143448.5615, 6394417.9867, 38.1317, 297.4171, 267.9132
143453.9018, 6394387.5187, 39.1590, 908.1324, 141.7207
143447.7828, 6394374.9770, 36.5250, 1157.0670, 148.1209
143447.7828, 6394374.9770, 36.5250, 1157.0670, 148.1209
143437.0449, 6394389.9824, 35.1203, 66.5290, 277.3443
143449.8867, 6394417.4806, 38.0930, 334.6202, 270.6345
143446.2286, 6394387.5845, 34.8516, 585.0547, 318.2780
143446.2286, 6394387.5845, 34.8516, 585.0547, 318.2780
143444.3496, 6394382.1377, 34.5085, 629.8098, 319.3047
143447.7616, 6394376.5197, 36.4835, 1063.1317, 167.9467
143447.6897, 6394376.5908, 36.4756, 1055.1223, 168.6557
143448.5597, 6394380.1560, 36.9948, 932.1262, 171.1917
143446.1254, 6394387.1164, 34.6594, 590.6221, 327.0450
143446.1254, 6394387.1164, 34.6594, 590.6221, 327.0450
143442.6867, 6394404.4620, 35.4597, 215.8861, 312.6222
143444.3452, 6394387.9830, 37.6779, 491.8193, 164.0034
143447.8509, 6394378.6374, 36.8380, 961.7396, 163.1676
143442.6867, 6394404.4620, 35.4597, 215.8861, 312.6222
143448.6402, 6394380.0807, 37.0395, 939.4359, 168.2460
143443.5078, 6394397.9535, 34.4206, 304.1530, 345.2927
143445.6077, 6394394.4803, 33.7948, 431.2648, 373.1806
143445.6077, 6394394.4803, 33.7948, 431.2648, 373.1806
143445.0176, 6394377.6333, 33.3223, 833.1024, 400.2504
143439.2378, 6394376.9316, 33.0148, 430.6398, 411.5550
143445.9022, 6394397.5096, 34.5519, 402.0114, 344.6008
143446.4877, 6394395.4552, 34.5149, 452.4792, 345.4186
143444.5402, 6394383.1172, 34.0414, 611.0041, 351.2253
143447.2829, 6394390.6084, 35.8997, 568.9843, 278.1877
143444.5402, 6394383.1172, 34.0414, 611.0041, 351.2253
143447.3160, 6394415.9373, 37.4037, 278.1967, 281.1343
143448.3878, 6394380.1808, 36.4558, 920.9242, 204.9972
143436.1891, 6394379.0050, 35.0698, 104.8833, 211.3261
143448.7937, 6394380.4591, 36.4095, 929.5607, 212.3286
143436.5417, 6394379.4787, 35.1020, 131.7974, 215.8489
143446.0375, 6394395.9858, 34.2454, 427.2180, 355.9373
143448.5350, 6394396.4682, 37.8926, 517.3243, 218.2316
143437.5006, 6394382.4688, 35.2356, 170.7491, 235.2943
143446.0905, 6394395.5378, 34.1492, 435.4823, 359.6996
143446.0905, 6394395.5378, 34.1492, 435.4823, 359.6996
143444.4868, 6394382.5037, 33.7959, 625.1233, 365.8468
143441.3914, 6394376.5175, 33.5515, 627.9862, 369.8695
143445.1797, 6394391.5124, 37.9917, 465.4702, 175.6374
143452.5843, 6394404.1009, 37.8223, 539.0242, 256.7795
143448.6887, 6394376.1969, 38.1939, 1139.3204, 41.9496
143447.6278, 6394375.0487, 36.8245, 1144.7239, 122.7113
143444.4130, 6394408.4475, 37.0199, 245.7012, 271.9152
143453.1389, 6394385.6071, 38.7688, 937.4178, 142.7382
143447.6664, 6394377.6271, 36.8462, 1000.5277, 151.2277
143439.7338, 6394396.9616, 35.7091, 154.8129, 279.8491
143436.5002, 6394381.5121, 34.0392, 100.7934, 317.1088
143447.6664, 6394377.6271, 36.8462, 1000.5277, 151.2277
143447.7691, 6394375.9768, 36.5765, 1094.9319, 155.1360
143443.3307, 6394400.4937, 35.0331, 272.3818, 323.9166
143448.2093, 6394408.9421, 35.3861, 356.6261, 331.0179
143442.7614, 6394381.5942, 33.2736, 548.9629, 395.4666
143442.7614, 6394381.5942, 33.2736, 548.9629, 395.4666
143442.4942, 6394374.8655, 33.2211, 792.7192, 404.7049
143441.3501, 6394377.5958, 33.0919, 581.0495, 409.3595
143442.1167, 6394380.1190, 33.0446, 550.5779, 411.4910
143442.1167, 6394380.1190, 33.0446, 550.5779, 411.4910
143443.6745, 6394384.6151, 32.9640, 522.9239, 414.2609
143440.8095, 6394376.1190, 33.0358, 595.7330, 415.3285
143444.5736, 6394400.9675, 34.7542, 313.6568, 337.5356
143444.3815, 6394386.6054, 32.9054, 514.6691, 416.4469
143438.9398, 6394376.4677, 32.9590, 418.6035, 416.8990
143438.9398, 6394376.4677, 32.9590, 418.6035, 416.8990
143441.6062, 6394378.6204, 32.9485, 563.3242, 420.0745
143442.6187, 6394381.6223, 32.8528, 538.4364, 423.7160
143441.9362, 6394379.6039, 32.8309, 553.9438, 427.9027
143442.2301, 6394376.1617, 32.9345, 706.8127, 427.8815
143442.2301, 6394376.1617, 32.9345, 706.8127, 427.8815
143441.2309, 6394377.6219, 32.8165, 570.2483, 432.3532
143442.4831, 6394374.8832, 32.9100, 789.7091, 434.1844
143440.2066, 6394375.9939, 32.3667, 547.5068, 477.7463
143440.1966, 6394375.9852, 32.2763, 546.7095, 486.4000
143440.3763, 6394375.9660, 32.2682, 562.9917, 487.3714
143440.8652, 6394375.5180, 32.2502, 623.7593, 492.0853
143445.7651, 6394397.0014, 34.3356, 403.1736, 352.4725
143445.7651, 6394397.0014, 34.3356, 403.1736, 352.4725
143446.1095, 6394387.1307, 35.3408, 590.7190, 291.3604
143446.1095, 6394387.1307, 35.3408, 590.7190, 291.3604
143445.8724, 6394396.0481, 34.1274, 419.8427, 360.4611
143442.4895, 6394374.8584, 33.6718, 794.4495, 361.7508
143445.2704, 6394395.5099, 33.8414, 403.2614, 370.8896
143437.0120, 6394389.4884, 35.8286, 68.5347, 234.9143
143452.0463, 6394386.1296, 37.7703, 876.6761, 189.4677
143442.7867, 6394404.4522, 37.0888, 220.6548, 255.7175
143447.7225, 6394378.1711, 36.3886, 975.3478, 189.7264
143437.5845, 6394391.4840, 35.5144, 87.6059, 263.7083
143448.1848, 6394379.6116, 36.5566, 934.8924, 192.9255
143437.5845, 6394391.4840, 35.5144, 87.6059, 263.7083
143452.0204, 6394386.0317, 37.6441, 878.3647, 195.0103
143442.5682, 6394396.4853, 35.1302, 282.1446, 311.8676
143435.7814, 6394379.0025, 33.8729, 63.2666, 319.1844
143445.4649, 6394401.9312, 34.9380, 335.8191, 333.6359
143454.9416, 6394410.1215, 37.1449, 529.4707, 293.7610
143453.1222, 6394405.6164, 36.7221, 533.9420, 295.4219
143440.2892, 6394381.5232, 33.1260, 388.6496, 399.8803
143442.2355, 6394374.9787, 33.0054, 765.3863, 424.2927
143445.5036, 6394393.5331, 33.5006, 440.8557, 385.5909
143449.2157, 6394410.9224, 33.2869, 366.2242, 394.8351
143449.2157, 6394410.9224, 33.2869, 366.2242, 394.8351
143440.6122, 6394381.4715, 33.1384, 412.1502, 399.8075
143440.6122, 6394381.4715, 33.1384, 412.1502, 399.8075
143439.1312, 6394378.5436, 33.0745, 374.4496, 403.6954
143439.1312, 6394378.5436, 33.0745, 374.4496, 403.6954
143440.4784, 6394381.5344, 37.8728, 410.5558, 55.6608
143445.4747, 6394389.6164, 32.9321, 505.6372, 413.5863
143445.4747, 6394389.6164, 32.9321, 505.6372, 413.5863
143445.2492, 6394378.5549, 33.1013, 806.4193, 416.2206
143442.1697, 6394384.4746, 32.8313, 441.4332, 419.8901
143441.2494, 6394377.6277, 32.8912, 571.6536, 426.0554
143441.2494, 6394377.6277, 32.8912, 571.6536, 426.0554
143440.5308, 6394377.0484, 32.7221, 535.6616, 440.8912
143451.8865, 6394386.1037, 37.5799, 870.7795, 197.9249
143446.8231, 6394392.5640, 37.6672, 516.0701, 203.8015
143439.2373, 6394376.9006, 35.2087, 437.2685, 204.9756
143447.0775, 6394396.5341, 38.0303, 463.1320, 207.5435
143448.1824, 6394395.5689, 37.9885, 518.7831, 209.3993
143447.2972, 6394390.1215, 35.1796, 578.2823, 310.5917
143438.4414, 6394386.0158, 35.0274, 190.3207, 273.6894
143440.4380, 6394390.9914, 35.0756, 244.8505, 295.7608
143447.6898, 6394391.1127, 35.1701, 574.7354, 314.1173
143446.0977, 6394387.1274, 34.8563, 589.4110, 316.6787
143442.7650, 6394378.0930, 34.2810, 668.2032, 317.3992
143444.9589, 6394400.4302, 33.5117, 332.1122, 383.8992
143442.6383, 6394404.0017, 38.0427, 219.4309, 220.1194
143448.1307, 6394377.5485, 37.3101, 1031.4531, 120.6024
143448.1307, 6394377.5485, 37.3101, 1031.4531, 120.6024
143445.2584, 6394384.6193, 34.6524, 609.5734, 319.6809
143436.8286, 6394388.9658, 36.0951, 61.0956, 215.6199
143436.7111, 6394381.0267, 34.9521, 125.7070, 242.2301
143445.2584, 6394384.6193, 34.6524, 609.5734, 319.6809
143444.6160, 6394383.0983, 34.5601, 616.7663, 319.3981
143448.0075, 6394392.0315, 35.0740, 569.6973, 320.8952
143451.4261, 6394385.6730, 37.0440, 864.3707, 220.1986
143442.4295, 6394403.4656, 37.7431, 215.7250, 228.3268
143446.5208, 6394413.4857, 38.0877, 273.5754, 255.7605
143452.1674, 6394405.5864, 37.8252, 508.4229, 259.1770
143449.5595, 6394396.6113, 36.9543, 550.2161, 258.7160
143436.7417, 6394381.4956, 33.9603, 121.0740, 324.4770
143442.1891, 6394397.9806, 33.9523, 250.2311, 361.6424
143445.2276, 6394377.4779, 33.4224, 853.6457, 393.2311
143449.6300, 6394396.5913, 36.8269, 552.8394, 263.7887
143449.6300, 6394396.5913, 36.8269, 552.8394, 263.7887
143453.1563, 6394405.5858, 37.7236, 536.2284, 264.7251
143453.1563, 6394405.5858, 37.7236, 536.2284, 264.7251
143448.0990, 6394379.0749, 36.5931, 954.1389, 185.6575
143437.0906, 6394380.0144, 37.6407, 177.1346, 7.0565
143448.9022, 6394375.4866, 38.5120, 1195.6206, 7.8314
143436.4226, 6394380.5274, 37.5991, 110.5107, 11.3528
143436.4226, 6394380.5274, 37.5991, 110.5107, 11.3528
143454.9729, 6394383.4028, 41.1988, 1089.7578, 12.2632
143436.1467, 6394380.5621, 37.5148, 85.1985, 15.4737
143436.1467, 6394380.5621, 37.5148, 85.1985, 15.4737
143448.6944, 6394375.5740, 38.3945, 1178.3145, 16.0333
143449.0434, 6394376.5653, 38.6215, 1138.4738, 19.6332
143435.8938, 6394382.5462, 37.8346, 44.2158, 21.8042
143435.8938, 6394382.5462, 37.8346, 44.2158, 21.8042
143439.9851, 6394381.0586, 37.8332, 386.9690, 46.0402
143448.7488, 6394376.5498, 38.1026, 1121.7139, 54.9808
143454.6737, 6394385.1477, 40.5092, 1014.0264, 63.0603
143455.8090, 6394386.6511, 40.9049, 1005.8282, 65.7499
143448.1406, 6394376.1840, 37.6809, 1108.0297, 75.1847
143455.9734, 6394388.4857, 41.0127, 955.9679, 77.4966
143455.9734, 6394388.4857, 41.0127, 955.9679, 77.4966
143448.4908, 6394376.6471, 37.7897, 1101.1251, 77.1658
143455.4234, 6394388.0471, 40.6410, 949.3079, 87.0743
143449.6948, 6394379.5911, 38.3067, 1016.3567, 89.7956
143455.0879, 6394388.0286, 40.1988, 937.3824, 104.7377
143447.6113, 6394375.5659, 36.8974, 1111.7346, 123.2412
143441.4010, 6394387.0372, 37.9260, 356.3199, 123.5422
143447.6896, 6394375.4930, 36.8705, 1120.6071, 125.2731
143447.9798, 6394377.6561, 37.1833, 1017.3558, 129.6865
143447.5499, 6394375.6093, 36.7891, 1105.1072, 131.9119
143447.6293, 6394376.0729, 36.7484, 1082.0396, 141.4213
143447.7168, 6394375.0142, 36.6075, 1151.1908, 141.1096
143453.2104, 6394385.1671, 38.7321, 954.3883, 141.7936
143447.7110, 6394374.5853, 36.5261, 1178.6990, 142.6224
143449.3201, 6394380.6313, 37.4887, 951.1385, 149.3434
143447.6674, 6394376.5764, 36.6274, 1055.2313, 156.6988
143444.0546, 6394388.0143, 37.6325, 476.8726, 164.9272
143447.6876, 6394376.5895, 36.4905, 1055.1299, 167.4882
143444.4479, 6394388.0631, 37.5959, 495.0814, 169.4973
143444.9228, 6394390.5258, 37.9323, 471.1896, 171.1576
143445.6072, 6394391.0543, 37.9507, 492.0879, 177.0174
143447.8671, 6394392.0988, 36.0692, 564.2726, 276.7869
143449.5801, 6394396.6023, 36.3286, 550.3196, 282.8662
143449.5801, 6394396.6023, 36.3286, 550.3196, 282.8662
143451.5176, 6394401.0331, 36.5803, 547.4872, 288.2318
143448.2196, 6394379.6012, 36.4620, 936.8478, 199.3483
143440.8274, 6394399.9782, 35.7018, 178.8517, 290.8190
143447.5196, 6394395.0192, 38.0033, 502.7874, 203.7658
143447.9998, 6394396.5143, 38.0340, 497.4185, 210.8463
143447.9998, 6394396.5143, 38.0340, 497.4185, 210.8463
143448.3266, 6394396.9546, 37.9165, 502.4360, 218.4361
143444.7059, 6394383.6101, 34.1223, 606.5169, 347.4039
143444.3675, 6394382.6133, 33.9533, 615.6013, 355.6435
143445.3905, 6394397.5326, 34.0209, 381.8129, 364.5644
143445.2979, 6394394.4972, 33.6590, 418.3346, 378.4188
143442.4396, 6394374.9132, 33.3939, 786.5107, 388.0544
143445.1513, 6394394.0783, 33.3376, 418.0286, 391.9988
143445.1513, 6394394.0783, 33.3376, 418.0286, 391.9988
143450.4298, 6394413.9176, 33.1857, 373.2591, 398.1044
143451.0718, 6394401.0508, 37.7315, 534.6058, 247.6786
143446.8143, 6394393.1105, 33.0591, 500.2849, 406.9009
143443.7494, 6394384.5900, 33.0845, 527.8085, 407.2902
143443.7494, 6394384.5900, 33.0845, 527.8085, 407.2902
143448.1249, 6394396.6101, 32.9541, 494.6145, 410.5340
143448.1249, 6394396.6101, 32.9541, 494.6145, 410.5340
143451.0718, 6394401.0508, 37.7315, 534.6058, 247.6786
143442.6507, 6394381.6083, 32.9171, 540.9536, 419.4331
143438.4440, 6394384.9537, 35.2941, 204.5398, 251.5442
143442.6507, 6394381.6083, 32.9171, 540.9536, 419.4331
143441.7714, 6394379.1083, 32.8795, 558.6172, 424.8927
143441.7714, 6394379.1083, 32.8795, 558.6172, 424.8927
143441.5989, 6394378.6084, 32.8222, 562.8813, 430.1577
143441.5989, 6394378.6084, 32.8222, 562.8813, 430.1577
143440.9026, 6394378.9801, 32.7471, 499.7567, 433.9642
143442.0718, 6394375.0450, 32.8342, 748.2142, 440.0340
143440.2599, 6394376.0239, 32.7071, 551.9550, 445.3007
143440.2599, 6394376.0239, 32.7071, 551.9550, 445.3007
143440.1392, 6394375.9883, 32.3551, 541.8218, 478.8412
143448.5520, 6394375.5573, 38.1755, 1170.6310, 31.3226
143440.0008, 6394379.5276, 37.6031, 426.9875, 39.5604
143447.9408, 6394373.6199, 37.5082, 1265.4348, 45.6851
143440.2060, 6394382.0418, 37.8610, 379.8862, 60.8979
143449.1582, 6394378.6755, 38.1502, 1031.9441, 84.4700
143448.3952, 6394377.5363, 37.5445, 1047.0986, 105.8924
143453.8089, 6394386.9462, 38.8974, 921.1764, 149.5668
143445.2328, 6394390.5494, 37.9801, 484.7301, 170.6240
143436.6271, 6394388.5018, 36.6734, 52.0188, 177.0359
143447.8583, 6394376.9587, 36.4552, 1044.4510, 175.1459
143447.8583, 6394376.9587, 36.4552, 1044.4510, 175.1459
143453.2899, 6394405.5317, 37.5222, 540.4407, 271.1052
143445.7285, 6394392.0322, 37.9862, 480.2289, 181.5927
143447.9211, 6394378.5933, 36.4956, 966.4435, 187.1418
143436.8291, 6394380.4774, 35.1577, 143.5204, 221.9364
143438.1053, 6394383.9674, 35.1190, 194.4679, 256.2666
143445.9854, 6394412.4450, 37.0950, 264.9271, 281.0230
143446.4385, 6394413.4390, 37.0913, 270.9530, 283.8119
143449.6110, 6394396.5901, 36.5731, 551.8877, 273.5096
143448.5629, 6394394.1191, 35.9439, 554.5052, 289.5153
143436.5124, 6394381.4848, 34.4706, 102.6765, 282.5959
143436.5124, 6394381.4848, 34.4706, 102.6765, 282.5959
143440.3501, 6394398.4899, 35.7561, 170.2457, 283.7409
143443.0228, 6394397.4424, 35.4272, 291.0376, 302.5432
143443.0228, 6394397.4424, 35.4272, 291.0376, 302.5432
143442.9083, 6394401.0198, 35.2557, 251.7802, 315.3040
143436.5142, 6394381.5320, 33.8206, 101.4663, 334.6362
143436.5142, 6394381.5320, 33.8206, 101.4663, 334.6362
143443.2574, 6394399.9728, 34.7484, 274.2736, 333.9693
143436.9523, 6394380.0106, 37.6585, 164.9988, 3.4978
143448.8653, 6394375.5462, 38.4692, 1189.6747, 11.7984
143448.6389, 6394376.6648, 38.0938, 1109.2609, 56.1449
143454.3509, 6394383.9551, 40.3209, 1043.6133, 58.5201
143456.2903, 6394388.5309, 41.4117, 966.0474, 62.3710
143456.2903, 6394388.5309, 41.4117, 966.0474, 62.3710
143454.2383, 6394383.9871, 40.1489, 1037.7708, 66.8150
143454.0977, 6394383.9880, 40.0711, 1032.2148, 69.7868
143448.1780, 6394376.0371, 37.6234, 1118.5063, 77.9407
143448.0234, 6394375.4780, 37.3204, 1142.4767, 92.2824
143455.1326, 6394387.6887, 40.3730, 949.2811, 94.5166
143448.7012, 6394409.4260, 34.8739, 366.1524, 347.5309
143448.4598, 6394377.5768, 37.6792, 1048.9141, 97.2647
143449.4238, 6394379.5875, 38.0156, 1002.4674, 106.3157
143448.7012, 6394409.4260, 34.8739, 366.1524, 347.5309
143462.6972, 6394404.1688, 43.7453, 808.7527, 109.4537
143462.6972, 6394404.1688, 43.7453, 808.7527, 109.4537
143442.5655, 6394383.4928, 37.6643, 495.8840, 113.8252
143448.6425, 6394378.6816, 37.6192, 1003.6777, 116.1424
143447.8989, 6394375.9965, 37.0838, 1103.1245, 116.7284
143442.7371, 6394383.0834, 37.5368, 516.0884, 119.2173
143442.7910, 6394383.5062, 37.6094, 508.7200, 119.3209
143442.7910, 6394383.5062, 37.6094, 508.7200, 119.3209
143441.5469, 6394386.5485, 37.8789, 373.0108, 122.8612
143442.9490, 6394383.5260, 37.5717, 517.3732, 123.1969
143444.3498, 6394399.9658, 34.1379, 315.0957, 359.3601
143441.5197, 6394387.0260, 37.9433, 363.1473, 123.2946
143441.5812, 6394387.0333, 37.9429, 366.4297, 123.8214
143450.6902, 6394414.9252, 35.4552, 373.2005, 337.8938
143442.2776, 6394386.5288, 37.9464, 414.0313, 124.0351
143441.9851, 6394386.5390, 37.8969, 397.6620, 124.8976
143441.9851, 6394386.5390, 37.8969, 397.6620, 124.8976
143450.6902, 6394414.9252, 35.4552, 373.2005, 337.8938
143436.1613, 6394377.9893, 33.6232, 114.0584, 341.8782
143445.1783, 6394401.4845, 34.5531, 329.9619, 346.5204
143447.4499, 6394406.4200, 33.9648, 356.0120, 372.4009
143447.4499, 6394406.4200, 33.9648, 356.0120, 372.4009
143450.2266, 6394413.4221, 34.5329, 373.0119, 361.2981
143442.6985, 6394397.9737, 33.5398, 270.7090, 379.2916
143442.5137, 6394374.8610, 33.4059, 795.2048, 387.1883
143445.8614, 6394394.4707, 33.9192, 441.7333, 368.3647
143444.2380, 6394399.4775, 33.3683, 315.3045, 388.3413
143445.3040, 6394396.5245, 33.9031, 391.1589, 368.7371
143444.2380, 6394399.4775, 33.3683, 315.3045, 388.3413
143445.6980, 6394393.4544, 33.2834, 449.7947, 395.3837
143447.6105, 6394406.9230, 33.1268, 355.5438, 399.0383
143445.3722, 6394378.4689, 33.2367, 817.8466, 406.7147
143438.7758, 6394376.4978, 33.0196, 402.5956, 410.5017
143439.1530, 6394376.9631, 32.9858, 422.0344, 413.9748
143442.3851, 6394374.9513, 33.0380, 778.8336, 421.6393
143441.6854, 6394381.9675, 32.7867, 470.2979, 425.9898
143440.7203, 6394377.4559, 32.7166, 536.2023, 440.4296
143440.5085, 6394376.4879, 32.7104, 554.8524, 443.7765
143450.2807, 6394413.4256, 33.9807, 374.0275, 376.4345
143450.2807, 6394413.4256, 33.9807, 374.0275, 376.4345
143442.4674, 6394374.8945, 33.5256, 790.2025, 375.6232
143441.0762, 6394375.5259, 33.3531, 644.8913, 386.8460
143442.4852, 6394374.8823, 33.3539, 791.6123, 392.0298
143442.4790, 6394374.8875, 33.2937, 790.6175, 397.7271
143445.5606, 6394393.5007, 33.1717, 443.3017, 400.0260
143445.5606, 6394393.5007, 33.1717, 443.3017, 400.0260
143441.2342, 6394375.4825, 33.2213, 659.6633, 400.0203
143441.2342, 6394375.4825, 33.2213, 659.6633, 400.0203
143446.0946, 6394391.1052, 33.1692, 505.5524, 402.1685
143441.3564, 6394375.4493, 33.2062, 671.3046, 401.8821
143442.4451, 6394374.8999, 33.1937, 786.8976, 407.1108
143443.2748, 6394387.0168, 32.8428, 449.7442, 417.6919
143443.2748, 6394387.0168, 32.8428, 449.7442, 417.6919
143443.3154, 6394383.6157, 32.8943, 527.2075, 419.1372
143442.7019, 6394383.0372, 32.7870, 505.9343, 425.7723
143442.4640, 6394374.9071, 32.9580, 787.1083, 429.5229
143442.4640, 6394374.9071, 32.9580, 787.1083, 429.5229
143442.2885, 6394376.1286, 32.8892, 712.6319, 432.1218
143442.2885, 6394376.1286, 32.8892, 712.6319, 432.1218
143441.9545, 6394375.1268, 32.8774, 734.7563, 435.4243
143440.7661, 6394377.9778, 32.7234, 521.7419, 438.3678
143440.0705, 6394375.9977, 32.3483, 535.4329, 479.3850
143455.0236, 6394385.0367, 40.8869, 1031.4924, 45.9502
143448.9013, 6394377.5560, 38.2588, 1075.2672, 59.6826
143454.2970, 6394384.0283, 40.2545, 1038.7568, 62.2459
143440.9613, 6394382.0268, 37.8950, 431.5094, 66.0188
143440.9613, 6394382.0268, 37.8950, 431.5094, 66.0188
143447.8725, 6394375.1501, 37.3372, 1154.6013, 84.5172
143449.1505, 6394379.1347, 38.0009, 1009.4920, 99.8795
