143440.5420, 6394376.4612, 32.2473, 541.4174, 484.1740
143448.0538, 6394375.9913, 37.4843, 1119.3726, 78.5136
143443.4696, 6394377.8503, 37.0781, 729.1928, 83.6860
143454.6751, 6394385.1353, 40.5418, 1015.2053, 56.7239
143440.9127, 6394382.5328, 37.8885, 402.6458, 58.1009
143437.9379, 6394391.9680, 37.7890, 86.6575, 135.6322
143457.2388, 6394391.9762, 41.6219, 902.5822, 82.1788
143437.9379, 6394391.9680, 37.7890, 86.6575, 135.6322
143447.5604, 6394375.1920, 36.5756, 1136.7139, 137.2544
143447.5527, 6394376.6598, 36.7726, 1047.7300, 138.3526
143457.4190, 6394393.5297, 41.9229, 870.8779, 82.2194
143437.3356, 6394390.4733, 37.4375, 61.8593, 138.8283
143439.5443, 6394379.5675, 37.5540, 374.2215, 20.1375
143447.7305, 6394375.4769, 36.5925, 1128.4487, 141.0864
143439.5443, 6394379.5675, 37.5540, 374.2215, 20.1375
143440.4294, 6394381.0709, 37.8669, 404.3030, 32.3089
143454.6698, 6394384.5472, 40.7194, 1036.4167, 41.8680
143447.8967, 6394376.0872, 37.3445, 1103.8352, 89.2989
143447.5713, 6394374.0859, 36.8721, 1215.8971, 96.3973
143457.1708, 6394391.5971, 41.4747, 909.7900, 85.0104
143453.6070, 6394384.6164, 39.4245, 989.6780, 100.6997
143457.1708, 6394391.5971, 41.4747, 909.7900, 85.0104
143445.2689, 6394391.0087, 37.9824, 468.0878, 165.4964
143443.2124, 6394377.9098, 37.0423, 708.4363, 84.4129
143443.2339, 6394377.8966, 37.0431, 710.5236, 84.4110
143443.3101, 6394377.9425, 37.0641, 713.9941, 84.2616
143436.5131, 6394388.4827, 36.4859, 21.6144, 173.4217
143464.3297, 6394407.6206, 45.3091, 789.8250, 85.6796
143443.1002, 6394377.4256, 36.9166, 721.1248, 86.4790
143443.1002, 6394377.4256, 36.9166, 721.1248, 86.4790
143443.8796, 6394382.5043, 37.8877, 591.0673, 88.4895
143446.2105, 6394392.0683, 37.8665, 490.2522, 182.3411
143443.6683, 6394382.6257, 37.8693, 574.9351, 89.0800
143443.3818, 6394382.9561, 37.8726, 548.5405, 89.9144
143441.2265, 6394376.0624, 33.5418, 622.0867, 363.9446
143443.4167, 6394382.9467, 37.8765, 550.8905, 89.8812
143443.9243, 6394381.0990, 37.5979, 636.9906, 92.1861
143441.2126, 6394384.0176, 37.6249, 388.4578, 97.8126
143464.3297, 6394407.6206, 45.3091, 789.8250, 85.6796
143436.1504, 6394387.4868, 37.4553, 4.1023, 100.1260
143441.5301, 6394386.0158, 37.9424, 368.4983, 101.6897
143441.4101, 6394375.9658, 33.5249, 641.8636, 366.4490
143441.4101, 6394375.9658, 33.5249, 641.8636, 366.4490
143441.1053, 6394376.0849, 33.4990, 610.6201, 367.4436
143441.5301, 6394386.0158, 37.9424, 368.4983, 101.6897
143463.6724, 6394405.6164, 44.8632, 805.9277, 85.6471
143436.2523, 6394387.5289, 37.4181, 10.9126, 103.9108
143440.9577, 6394386.4541, 37.8619, 326.6267, 106.1325
143440.1788, 6394388.5317, 37.9668, 249.5321, 113.3631
143440.0862, 6394388.5226, 37.9406, 244.2851, 114.0583
143440.4089, 6394386.5152, 37.6559, 292.3167, 114.7335
143463.6724, 6394405.6164, 44.8632, 805.9277, 85.6471
143438.8281, 6394389.5505, 37.7624, 158.7769, 123.7052
143438.8744, 6394389.5558, 37.6853, 161.3067, 128.4839
143441.3052, 6394376.0242, 33.4812, 630.1953, 370.1343
143437.3139, 6394390.4880, 37.5894, 60.6603, 130.1891
143447.6462, 6394376.6226, 36.8395, 1055.5566, 133.6030
143463.2801, 6394404.5653, 44.6299, 813.7844, 85.4128
143451.9745, 6394385.6541, 37.8650, 886.0771, 177.5781
143456.2697, 6394389.6031, 40.9865, 932.9713, 85.2917
143455.3835, 6394393.0056, 39.0591, 813.5063, 180.8559
143456.2697, 6394389.6031, 40.9865, 932.9713, 85.2917
143455.3835, 6394393.0056, 39.0591, 813.5063, 180.8559
143455.6468, 6394388.6449, 40.7229, 938.6467, 85.4989
143439.7116, 6394396.4697, 37.6577, 143.1450, 181.6180
143442.6021, 6394375.3893, 35.5084, 777.0543, 181.5809
143442.6021, 6394375.3893, 35.5084, 777.0543, 181.5809
143455.6468, 6394388.6449, 40.7229, 938.6467, 85.4989
143441.3128, 6394376.0215, 33.4504, 630.8271, 373.1285
143441.3128, 6394376.0215, 33.4504, 630.8271, 373.1285
143448.7225, 6394384.4995, 37.2797, 780.8117, 181.5607
143448.7225, 6394384.4995, 37.2797, 780.8117, 181.5607
143439.8658, 6394396.9810, 37.6927, 146.3884, 183.5195
143442.3356, 6394376.5789, 35.5956, 697.0350, 183.6175
143442.1225, 6394376.1240, 35.5183, 701.3602, 183.6258
143442.1225, 6394376.1240, 35.5183, 701.3602, 183.6258
143440.0295, 6394397.4735, 37.7223, 150.1021, 185.5534
143440.0295, 6394397.4735, 37.7223, 150.1021, 185.5534
143443.0556, 6394379.1080, 35.9481, 645.5786, 185.4797
143448.3389, 6394379.6364, 36.9250, 942.2148, 163.8621
143447.8198, 6394378.6322, 36.7146, 959.9454, 165.2381
143445.6015, 6394390.5416, 37.9363, 491.5174, 166.7824
143441.1738, 6394376.0545, 33.3825, 617.3039, 378.9720
143441.1738, 6394376.0545, 33.3825, 617.3039, 378.9720
143447.7360, 6394378.1149, 36.5764, 979.9772, 169.7955
143445.1382, 6394394.5381, 33.4254, 398.3350, 383.7953
143443.4900, 6394383.5926, 33.3845, 526.1799, 384.9968
143439.4848, 6394379.0525, 37.5443, 383.2286, 10.4221
143454.7539, 6394383.5616, 40.9332, 1077.0631, 20.9287
143442.9637, 6394378.0069, 36.9819, 686.4605, 87.8554
143440.1130, 6394381.0586, 37.8329, 381.2011, 30.7412
143443.7829, 6394380.6215, 37.5403, 644.1678, 88.9569
143448.9787, 6394377.6261, 38.3434, 1080.0314, 47.1384
143447.6696, 6394374.0215, 37.0306, 1227.5668, 82.3974
143447.5652, 6394373.5300, 36.8544, 1257.7311, 89.2526
143443.7829, 6394380.6215, 37.5403, 644.1678, 88.9569
143443.5365, 6394382.9461, 37.8967, 558.0773, 89.6857
143442.5260, 6394383.4697, 37.7602, 483.1384, 95.0678
143444.6957, 6394387.1036, 33.3101, 508.2553, 391.0171
143443.9824, 6394381.6390, 37.7349, 623.3494, 89.6944
143442.2176, 6394380.1007, 33.2250, 545.1150, 394.0685
143443.9290, 6394381.0872, 37.6372, 637.7887, 89.3053
143442.5260, 6394383.4697, 37.7602, 483.1384, 95.0678
143443.9290, 6394381.0872, 37.6372, 637.7887, 89.3053
143440.5756, 6394384.5616, 37.5822, 336.7780, 100.7114
143443.9213, 6394382.4915, 37.8572, 593.8241, 90.7807
143442.2176, 6394380.1007, 33.2250, 545.1150, 394.0685
143445.2598, 6394378.5463, 33.3355, 802.1233, 397.1717
143443.9213, 6394382.4915, 37.8572, 593.8241, 90.7807
143448.0035, 6394375.9872, 37.3158, 1115.9266, 91.4622
143442.5257, 6394381.0869, 33.1316, 535.3192, 400.9289
143453.5675, 6394384.6517, 39.4216, 986.8953, 100.8651
143445.1314, 6394378.6355, 33.1386, 789.6019, 411.4427
143445.1314, 6394378.6355, 33.1386, 789.6019, 411.4427
143442.6014, 6394377.1320, 33.0271, 682.0573, 415.5769
143443.1162, 6394382.9562, 37.7782, 532.3506, 93.6653
143442.6014, 6394377.1320, 33.0271, 682.0573, 415.5769
143453.5675, 6394384.6517, 39.4216, 986.8953, 100.8651
143443.1315, 6394383.1134, 32.8867, 516.2527, 416.4084
143443.1162, 6394382.9562, 37.7782, 532.3506, 93.6653
143442.4433, 6394381.1098, 32.9112, 528.6118, 416.4559
143442.4198, 6394376.6392, 32.9804, 689.9793, 420.2306
143445.7321, 6394392.5036, 37.6973, 461.9781, 189.9833
143442.4198, 6394376.6392, 32.9804, 689.9793, 420.2306
143442.3111, 6394376.1142, 32.9474, 705.7727, 424.2397
143441.1111, 6394377.0981, 32.8046, 566.3217, 430.8017
143442.2071, 6394375.5657, 32.8759, 724.0228, 432.2816
143442.2288, 6394375.5519, 32.8442, 726.3343, 435.4097
143442.2288, 6394375.5519, 32.8442, 726.3343, 435.4097
143442.6630, 6394375.3912, 32.7281, 768.8691, 448.2308
143440.8282, 6394376.4436, 32.2540, 566.7589, 484.0383
143442.5893, 6394383.4845, 37.6641, 486.3771, 102.1837
143447.6789, 6394374.0242, 36.6908, 1225.9749, 113.1455
143447.6889, 6394376.0961, 36.9593, 1089.4308, 118.1479
143442.8235, 6394382.9873, 37.7285, 513.6235, 94.5469
143447.5262, 6394375.2046, 36.6595, 1134.2771, 129.9281
143442.8235, 6394382.9873, 37.7285, 513.6235, 94.5469
143443.7487, 6394382.9646, 37.8508, 569.9472, 94.9289
143444.3264, 6394387.9500, 37.9120, 481.7032, 142.0850
143441.3383, 6394386.0303, 37.9396, 356.9085, 100.3501
143452.1002, 6394385.6148, 37.9334, 892.5645, 174.5938
143445.2531, 6394393.0129, 37.6613, 433.0146, 191.8076
143444.0038, 6394387.9682, 37.8412, 464.9587, 143.8473
143441.2473, 6394386.0613, 37.9220, 350.9069, 100.9630
143444.4096, 6394387.9669, 37.7720, 485.2219, 150.3658
143447.5650, 6394375.1520, 36.9574, 1141.5826, 104.3797
143440.4367, 6394398.4755, 37.6726, 160.4232, 194.5142
143448.2436, 6394379.6566, 36.8604, 936.1006, 167.6464
143448.6672, 6394378.6509, 37.6504, 1008.1105, 106.8378
143448.6672, 6394378.6509, 37.6504, 1008.1105, 106.8378
143440.2368, 6394386.0414, 37.6429, 289.4377, 109.3746
143445.9904, 6394396.0327, 38.0171, 418.6266, 194.4295
143436.4174, 6394387.9779, 37.3887, 19.5191, 111.8858
143445.9904, 6394396.0327, 38.0171, 418.6266, 194.4295
143436.5277, 6394388.4728, 37.4459, 23.9768, 114.1711
143440.1012, 6394389.0157, 37.9665, 238.6837, 117.1283
143440.9605, 6394399.5062, 37.7921, 174.9992, 196.6219
143440.1012, 6394389.0157, 37.9665, 238.6837, 117.1283
143439.6001, 6394389.0545, 37.8920, 209.3993, 117.8606
143447.5604, 6394375.1293, 36.7950, 1141.9709, 117.8354
143440.6339, 6394398.9764, 37.6878, 165.1159, 197.0838
143439.3524, 6394377.4121, 35.2084, 412.9852, 197.4711
143439.3524, 6394377.4121, 35.2084, 412.9852, 197.4711
143438.9563, 6394377.4876, 35.1693, 374.4413, 197.8614
143439.9088, 6394389.4886, 37.9703, 221.8543, 119.5998
143439.9088, 6394389.4886, 37.9703, 221.8543, 119.5998
143440.7771, 6394399.4753, 37.7212, 167.4178, 198.5789
143436.9096, 6394389.4755, 37.4879, 42.4029, 124.1526
143446.3173, 6394396.5263, 38.0051, 424.4222, 198.6313
143439.1348, 6394377.4667, 35.1739, 391.4377, 199.0660
143439.4189, 6394389.5081, 37.8020, 193.5175, 125.5415
143438.9505, 6394389.5341, 37.7382, 166.0584, 125.8644
143444.2208, 6394398.4892, 37.8383, 317.5125, 204.6625
143438.9505, 6394389.5341, 37.7382, 166.0584, 125.8644
143443.6918, 6394398.5060, 37.7437, 296.2220, 206.2797
143437.1414, 6394389.9643, 37.5494, 53.6835, 126.6881
143443.2834, 6394402.0144, 38.0183, 246.6228, 207.8773
143453.0053, 6394385.6626, 38.9826, 929.5994, 127.4599
143438.0617, 6394390.0335, 37.6461, 108.8971, 128.6961
143441.8706, 6394401.9479, 37.8223, 192.8784, 209.4060
143447.5917, 6394376.6686, 36.8588, 1049.8779, 132.0608
143441.8706, 6394401.9479, 37.8223, 192.8784, 209.4060
143437.3409, 6394390.4698, 37.5148, 62.3048, 134.4580
143447.3161, 6394391.9660, 37.8978, 538.5942, 186.1230
143448.0220, 6394379.1649, 36.4691, 945.0480, 188.7085
143437.2548, 6394390.4837, 37.4895, 56.9951, 135.3792
143447.7742, 6394377.5180, 36.8909, 1013.9811, 140.8715
143447.7457, 6394377.5585, 36.8361, 1010.0143, 145.1487
143445.1716, 6394408.5347, 37.7685, 257.9702, 243.4738
143447.7852, 6394377.5217, 36.8397, 1014.1800, 144.8690
143448.2313, 6394379.1490, 37.0075, 958.9532, 152.9116
143447.1692, 6394391.9658, 37.8182, 532.3641, 189.0073
143447.8798, 6394391.5902, 36.6577, 566.6714, 243.7092
143447.1692, 6394391.9658, 37.8182, 532.3641, 189.0073
143447.9028, 6394391.5807, 36.6464, 567.7785, 244.2888
143452.5594, 6394405.4704, 37.9684, 512.9777, 251.2444
143450.8194, 6394406.4892, 37.7992, 450.2633, 253.9759
143439.4982, 6394387.9586, 35.1940, 212.3869, 266.4665
143449.8438, 6394416.5191, 38.1525, 330.9400, 261.9191
143439.9935, 6394397.4909, 35.7161, 145.9792, 273.1260
143447.6592, 6394391.6236, 35.9282, 555.6075, 276.1952
143449.8438, 6394416.5191, 38.1525, 330.9400, 261.9191
143447.6592, 6394391.6236, 35.9282, 555.6075, 276.1952
143449.8102, 6394416.0451, 38.1222, 333.6660, 261.7756
143446.2431, 6394392.4962, 37.7206, 483.8810, 191.4816
143445.0875, 6394393.0744, 37.6473, 424.8824, 191.9231
143440.6020, 6394398.9713, 37.7727, 163.8821, 193.3655
143440.6020, 6394398.9713, 37.7727, 163.8821, 193.3655
143445.7234, 6394393.0210, 37.6748, 452.9848, 193.6042
143446.6051, 6394391.9859, 37.8080, 508.3661, 186.6737
143445.7234, 6394393.0210, 37.6748, 452.9848, 193.6042
143446.0584, 6394395.5481, 37.9514, 428.1882, 195.2693
143446.3685, 6394392.5451, 37.6362, 488.1630, 196.2115
143446.4725, 6394395.5405, 37.9671, 444.7123, 196.4856
143448.7501, 6394380.1752, 37.1396, 940.5424, 157.5462
143447.8293, 6394378.6607, 36.8148, 959.4990, 158.4267
143447.6823, 6394376.1040, 36.4193, 1086.0031, 161.7337
143446.4725, 6394395.5405, 37.9671, 444.7123, 196.4856
143439.0712, 6394394.9669, 37.7134, 123.8971, 167.0480
143439.0806, 6394394.9650, 37.6381, 124.2834, 170.6794
143442.7054, 6394396.4373, 35.3626, 274.6223, 295.3416
143447.8276, 6394378.6642, 36.5416, 958.1714, 177.9395
143439.9247, 6394396.9649, 37.7369, 149.2771, 181.7679
143442.7054, 6394396.4373, 35.3626, 274.6223, 295.3416
143447.1444, 6394391.9656, 37.8873, 531.4642, 185.7146
143444.7486, 6394382.4596, 36.5201, 638.9528, 185.8505
143448.4808, 6394378.9324, 36.4366, 980.0599, 192.6936
143446.8668, 6394392.0456, 37.6803, 518.0406, 194.2005
143440.8704, 6394399.5056, 37.8352, 171.2552, 194.4451
143446.0848, 6394396.0288, 37.9930, 422.3682, 195.8485
143451.4930, 6394382.8072, 37.0529, 962.2025, 200.9603
143444.2506, 6394400.9926, 35.1808, 289.0588, 315.0297
143446.3959, 6394395.5571, 37.9652, 441.4435, 196.2907
143438.0899, 6394383.9602, 35.2494, 171.8152, 235.0959
143446.7559, 6394395.5542, 37.9846, 455.6416, 197.1137
143438.7544, 6394377.5368, 35.1125, 354.1163, 201.7322
143438.7544, 6394377.5368, 35.1125, 354.1163, 201.7322
143438.6229, 6394377.5770, 35.0942, 340.6401, 202.5409
143444.2506, 6394400.9926, 35.1808, 289.0588, 315.0297
143441.3953, 6394400.9681, 37.8274, 181.5952, 203.3530
143451.0841, 6394400.9707, 37.9004, 528.1212, 237.0599
143441.3953, 6394400.9681, 37.8274, 181.5952, 203.3530
143443.7524, 6394400.4720, 34.9680, 275.0747, 321.1118
143451.6657, 6394385.5905, 37.2875, 874.0502, 205.0139
143451.0841, 6394400.9707, 37.9004, 528.1212, 237.0599
143444.0290, 6394398.4906, 37.8004, 309.8730, 205.3730
143443.2685, 6394405.9481, 35.0238, 211.3435, 324.2729
143444.0290, 6394398.4906, 37.8004, 309.8730, 205.3730
143443.6686, 6394380.1055, 34.8017, 646.0744, 283.4680
143451.0841, 6394400.9707, 37.9004, 528.1212, 237.0599
143443.6686, 6394380.1055, 34.8017, 646.0744, 283.4680
143441.6469, 6394401.4507, 37.8090, 187.9128, 207.0650
143443.2685, 6394405.9481, 35.0238, 211.3435, 324.2729
143443.6506, 6394389.4391, 35.0799, 414.4109, 296.0589
143443.4367, 6394399.0249, 37.7278, 280.5918, 207.9720
143443.4367, 6394399.0249, 37.7278, 280.5918, 207.9720
143442.2628, 6394402.9565, 37.9573, 200.3192, 209.7036
143447.2938, 6394390.1210, 35.1957, 568.8373, 305.4267
143442.1778, 6394402.9575, 37.8974, 197.0293, 211.6015
143443.1923, 6394379.0506, 34.3242, 651.4150, 313.0533
143441.2419, 6394399.5407, 37.6839, 186.3882, 202.4469
143438.6272, 6394377.5757, 35.0947, 341.0816, 202.5160
143437.2256, 6394381.4607, 35.2522, 137.9933, 210.6817
143445.4912, 6394396.0527, 35.0380, 394.0695, 317.0423
143442.4492, 6394403.4470, 37.9794, 203.5841, 211.4219
143445.8385, 6394386.1040, 34.6740, 591.3751, 318.9332
143442.6095, 6394403.5335, 38.0324, 208.9374, 210.4114
143441.8258, 6394401.9660, 37.7467, 190.9116, 212.1863
143448.7966, 6394381.0878, 36.3880, 902.4174, 213.0820
143437.7447, 6394382.9546, 35.3056, 159.6184, 221.9661
143451.1938, 6394384.5858, 36.6026, 885.1822, 233.3155
143443.2651, 6394403.5320, 38.0601, 233.0922, 211.8929
143451.5591, 6394386.0104, 36.7343, 855.2025, 234.6786
143446.1702, 6394387.0974, 34.6072, 583.3676, 325.5458
143444.5419, 6394383.1080, 34.2378, 601.6364, 334.3674
143451.5154, 6394386.0586, 36.6293, 851.6884, 239.9854
143444.1596, 6394382.1148, 34.0475, 608.3801, 343.7266
143443.9987, 6394381.6179, 33.9428, 613.8010, 349.5253
143444.5527, 6394383.1136, 33.9575, 601.3256, 352.1517
143451.5154, 6394386.0586, 36.6293, 851.6884, 239.9854
143438.4380, 6394384.9566, 35.2971, 183.3364, 239.8901
143451.6470, 6394386.0026, 36.5674, 858.5695, 243.5146
143448.0323, 6394392.0191, 36.6428, 564.5067, 246.5700
143446.1742, 6394395.5049, 34.2202, 427.6712, 352.4460
143445.2617, 6394385.0990, 33.9705, 585.8274, 355.4103
143448.2061, 6394393.1062, 34.1754, 546.6589, 358.0164
143451.5199, 6394401.0269, 37.4205, 540.4030, 255.3057
143445.9321, 6394396.5080, 34.4296, 404.3954, 343.8835
143439.6547, 6394388.4489, 35.4241, 215.8840, 255.8518
143446.4352, 6394394.4521, 34.0125, 453.5205, 361.3512
143452.2329, 6394405.5250, 37.9875, 502.9324, 249.8364
143443.4021, 6394398.9626, 34.2617, 275.4941, 346.3324
143443.4021, 6394398.9626, 34.2617, 275.4941, 346.3324
143437.3663, 6394378.4477, 33.4460, 195.5156, 354.8609
143446.9554, 6394413.0054, 37.9689, 278.4285, 252.8875
143445.1362, 6394395.5245, 33.7302, 384.9846, 370.6759
143453.0418, 6394405.5733, 34.0922, 520.6513, 373.0416
143441.3411, 6394376.0063, 33.4542, 633.9136, 372.9025
143441.3411, 6394376.0063, 33.4542, 633.9136, 372.9025
143441.2643, 6394376.0220, 33.4460, 626.6902, 373.3071
143449.1485, 6394410.9509, 34.3272, 353.9872, 360.6428
143449.0279, 6394398.0835, 33.6934, 495.2721, 379.9580
143441.3820, 6394376.0045, 33.3185, 636.8650, 386.0861
143442.0909, 6394397.4572, 33.5887, 235.6366, 370.2241
143445.4577, 6394389.0898, 33.3727, 504.0924, 388.6332
143443.2741, 6394398.4976, 33.4687, 274.0943, 377.6673
143444.1266, 6394385.5999, 33.2778, 512.3262, 392.2361
143445.2443, 6394378.5555, 33.3951, 800.9863, 392.6345
143445.2224, 6394394.5084, 33.5512, 402.4513, 378.5161
143443.7399, 6394384.6125, 33.2524, 514.5645, 393.3461
143445.4601, 6394378.4056, 33.2048, 820.1234, 407.7942
143439.8219, 6394378.4078, 32.9315, 415.4775, 412.2267
143442.2966, 6394380.6202, 32.9871, 533.6875, 411.3883
143443.7399, 6394384.6125, 33.2524, 514.5645, 393.3461
143442.2966, 6394380.6202, 32.9871, 533.6875, 411.3883
143442.4940, 6394381.1147, 33.1761, 532.5550, 397.6143
143442.8128, 6394378.0086, 33.1924, 661.4720, 400.8677
143448.4790, 6394396.5022, 37.8224, 505.8722, 215.1994
143448.8650, 6394381.0958, 36.3581, 905.3789, 215.4653
143441.8277, 6394379.1090, 33.0884, 549.5348, 404.5225
143441.8277, 6394379.1090, 33.0884, 549.5348, 404.5225
143442.4057, 6394376.6474, 33.0101, 688.6458, 417.5128
143442.7111, 6394404.0036, 37.8983, 208.9246, 217.3414
143442.2645, 6394376.1418, 32.8971, 700.5629, 428.6478
143442.3762, 6394375.4885, 32.8299, 741.3867, 437.4207
143442.2271, 6394375.5631, 32.8098, 725.4751, 438.6442
143442.5374, 6394375.4649, 32.7744, 755.2504, 443.2180
143440.5999, 6394376.4803, 32.6456, 547.2112, 446.3552
143440.5999, 6394376.4803, 32.6456, 547.2112, 446.3552
143440.6741, 6394376.4722, 32.3625, 552.8281, 473.3883
143440.5797, 6394376.4865, 32.3512, 544.0746, 474.2179
143438.0342, 6394383.9568, 35.3751, 168.0398, 225.7481
143440.8348, 6394376.4377, 32.2198, 567.4235, 487.3025
143440.1016, 6394381.0306, 34.8868, 373.1132, 258.7587
143440.1016, 6394381.0306, 34.8868, 373.1132, 258.7587
143453.1598, 6394405.5890, 37.7529, 528.3256, 259.9257
143451.3661, 6394385.6416, 36.7881, 858.8666, 229.3341
143451.3661, 6394385.6416, 36.7881, 858.8666, 229.3341
143448.7202, 6394417.5423, 37.9931, 294.2129, 265.3799
143451.0368, 6394400.9600, 38.0425, 526.9690, 231.9057
143441.3534, 6394392.9449, 35.3545, 252.1187, 282.4643
143450.9016, 6394400.9670, 37.9978, 522.5051, 233.0293
143451.1240, 6394400.6204, 37.9178, 534.4212, 235.5471
143447.2729, 6394390.6159, 35.9657, 559.3769, 270.0349
143451.1256, 6394400.9825, 37.7608, 529.0771, 242.1009
143449.5475, 6394396.1054, 36.4992, 548.8156, 270.5218
143451.3061, 6394405.9708, 37.9599, 470.6370, 249.0997
143451.3061, 6394405.9708, 37.9599, 470.6370, 249.0997
143444.7655, 6394401.9362, 35.5094, 299.1108, 305.5918
143447.1039, 6394390.1219, 35.8334, 561.9075, 274.1760
143451.8471, 6394405.9768, 37.9614, 486.2916, 250.6239
143444.7655, 6394401.9362, 35.5094, 299.1108, 305.5918
143446.2957, 6394387.5507, 34.9391, 579.4960, 309.2936
143446.2957, 6394387.5507, 34.9391, 579.4960, 309.2936
143451.8471, 6394405.9768, 37.9614, 486.2916, 250.6239
143446.7699, 6394413.0077, 38.0134, 273.1197, 251.1197
143449.0021, 6394376.6224, 38.5846, 1139.1224, 13.6666
143439.7897, 6394381.0629, 37.8359, 356.8867, 26.4191
143440.8623, 6394382.0267, 37.8983, 411.3287, 49.7025
143440.8623, 6394382.0267, 37.8983, 411.3287, 49.7025
143448.2872, 6394376.1169, 37.7723, 1126.3260, 60.1003
143447.8575, 6394375.0144, 37.1321, 1169.0208, 91.0794
143448.3490, 6394378.0268, 37.4765, 1021.6713, 108.8913
143441.9239, 6394387.0127, 37.9775, 372.7179, 112.5693
143441.9239, 6394387.0127, 37.9775, 372.7179, 112.5693
143448.7528, 6394379.1472, 37.5247, 988.3167, 121.8330
143447.6490, 6394376.0664, 36.7017, 1087.6666, 138.1882
143451.4742, 6394405.9646, 37.8997, 475.5403, 251.4615
143446.6697, 6394392.5506, 37.6718, 500.7220, 196.1214
143447.3661, 6394390.5800, 35.7884, 563.7114, 278.6661
143437.0771, 6394381.5071, 35.0468, 124.3238, 226.5620
143438.3666, 6394384.9868, 35.1060, 177.6330, 252.5158
143451.4742, 6394405.9646, 37.8997, 475.5403, 251.4615
143439.0972, 6394394.9673, 35.6931, 122.6829, 263.2026
143441.3808, 6394400.9729, 35.7825, 178.7267, 283.5855
143447.6979, 6394391.1053, 35.5177, 566.5812, 293.8646
143437.2890, 6394378.9596, 33.8831, 179.7381, 314.8069
143437.2890, 6394378.9596, 33.8831, 179.7381, 314.8069
143446.6800, 6394413.0364, 37.9461, 270.2630, 252.8928
143442.4177, 6394403.9565, 34.6973, 195.1733, 331.7319
143442.4177, 6394403.9565, 34.6973, 195.1733, 331.7319
143436.6237, 6394378.5007, 33.5632, 121.4586, 339.5405
143436.8868, 6394378.5059, 33.5051, 147.6045, 346.6644
143437.9556, 6394380.4492, 33.4410, 211.6590, 360.1616
143445.8395, 6394386.1060, 34.4804, 590.9231, 329.6766
143444.5629, 6394400.9725, 34.7228, 300.3199, 333.0015
143447.6065, 6394395.1040, 33.2491, 487.9977, 395.7959
143447.6065, 6394395.1040, 33.2491, 487.9977, 395.7959
143445.7080, 6394396.5591, 34.3121, 394.7634, 348.1807
143444.9435, 6394377.6865, 33.1885, 820.0615, 408.5944
143441.5789, 6394380.4776, 32.7669, 488.1113, 426.1293
143445.7080, 6394396.5591, 34.3121, 394.7634, 348.1807
143447.7537, 6394391.5941, 35.7259, 559.6805, 285.6904
143447.9159, 6394407.9480, 34.5778, 345.1483, 349.8749
143444.3543, 6394382.0759, 33.8082, 620.2861, 360.2920
143440.2233, 6394380.5108, 34.8821, 395.0683, 257.0734
143440.2233, 6394380.5108, 34.8821, 395.0683, 257.0734
143454.9677, 6394410.1153, 37.2426, 522.2773, 287.7219
143449.1973, 6394412.4858, 37.8673, 345.6205, 260.4888
143445.2072, 6394395.0317, 33.7860, 394.7646, 368.3795
143445.0451, 6394396.0635, 33.7563, 374.1402, 369.4525
143439.7787, 6394379.5285, 37.5943, 394.3383, 19.3245
143439.7787, 6394379.5285, 37.5943, 394.3383, 19.3245
143449.1973, 6394412.4858, 37.8673, 345.6205, 260.4888
143448.6812, 6394376.6722, 38.2755, 1117.3644, 34.1692
143448.8824, 6394377.5806, 38.2380, 1076.9325, 53.1127
143454.0521, 6394384.1750, 40.0982, 1024.6869, 65.1511
143448.7321, 6394376.9929, 37.8643, 1099.7816, 70.9635
143448.7321, 6394376.9929, 37.8643, 1099.7816, 70.9635
143448.1337, 6394376.5794, 37.4155, 1088.4459, 93.0825
143444.1878, 6394387.9857, 37.7078, 473.6086, 152.4903
143448.6376, 6394417.5121, 38.1479, 292.4036, 261.0563
143444.1878, 6394387.9857, 37.7078, 473.6086, 152.4903
143448.1317, 6394379.6809, 36.4251, 927.5692, 196.4901
143448.6570, 6394381.1840, 36.4586, 891.9038, 208.3075
143448.9313, 6394412.5077, 37.8341, 338.0218, 260.8119
143436.7783, 6394388.9944, 35.7614, 34.7570, 222.5621
143439.9433, 6394381.0651, 34.3314, 359.0685, 300.6640
143445.6213, 6394393.4900, 33.4609, 434.1780, 383.4762
143446.1413, 6394387.6269, 34.9458, 570.5039, 308.5145
143445.0869, 6394394.5559, 33.3798, 395.8776, 385.6661
143448.9313, 6394412.5077, 37.8341, 338.0218, 260.8119
143446.1413, 6394387.6269, 34.9458, 570.5039, 308.5145
143445.0869, 6394394.5559, 33.3798, 395.8776, 385.6661
143444.7448, 6394399.9354, 33.1819, 315.9292, 391.3116
143445.4707, 6394378.3941, 33.4065, 822.0480, 392.6597
143443.2558, 6394383.1079, 33.2104, 524.6306, 395.7491
143445.1457, 6394378.6242, 33.3344, 791.6951, 396.8055
143438.9233, 6394377.4950, 33.0353, 364.1487, 401.1144
143438.9233, 6394377.4950, 33.0353, 364.1487, 401.1144
143444.7822, 6394387.6060, 32.9207, 501.0505, 411.7943
143444.7822, 6394387.6060, 32.9207, 501.0505, 411.7943
143445.3350, 6394378.4954, 33.0962, 808.0742, 415.4460
143442.8047, 6394382.1075, 32.8802, 523.2661, 417.7527
143441.7522, 6394382.9731, 32.8020, 434.5664, 418.9451
143440.9060, 6394376.6284, 32.8723, 568.2522, 425.3573
143440.9060, 6394376.6284, 32.8723, 568.2522, 425.3573
143440.8808, 6394379.4831, 32.7650, 466.7130, 426.8925
143438.3633, 6394384.9883, 35.0967, 177.3645, 253.1312
143439.7456, 6394379.0429, 37.5932, 405.2547, 9.8336
143439.3531, 6394379.0877, 37.5098, 371.1357, 12.1671
143456.7684, 6394388.1318, 42.2142, 995.5146, 22.3856
143456.1924, 6394388.1482, 41.4230, 973.6633, 53.7767
143456.1924, 6394388.1482, 41.4230, 973.6633, 53.7767
143448.2959, 6394376.1030, 37.7860, 1127.7296, 58.9062
143448.2959, 6394376.1030, 37.7860, 1127.7296, 58.9062
143448.6213, 6394377.1794, 37.9586, 1083.7153, 65.1936
143448.2122, 6394375.9957, 37.6348, 1128.8571, 68.3705
143448.1199, 6394376.0115, 37.5427, 1122.1849, 74.8923
143443.7110, 6394380.6195, 37.5871, 639.8610, 84.7805
143447.7599, 6394375.1907, 37.2229, 1151.9816, 84.7846
143442.3971, 6394383.1147, 37.7655, 484.1758, 89.4149
143447.7454, 6394375.1337, 37.1400, 1154.4690, 90.7848
143441.2944, 6394383.9837, 37.6561, 394.4421, 96.1229
143441.1584, 6394386.0321, 37.9190, 346.1455, 100.0803
143440.9992, 6394384.0485, 37.5667, 374.0795, 100.0277
143449.1144, 6394379.1985, 37.8937, 1005.8663, 100.5523
143441.2776, 6394386.5236, 37.9250, 344.3729, 105.6876
143441.2776, 6394386.5236, 37.9250, 344.3729, 105.6876
143447.6570, 6394375.6777, 37.0408, 1113.6566, 105.6795
143441.8439, 6394386.0296, 37.9046, 386.4719, 106.8104
143441.5205, 6394386.5504, 37.8916, 357.9513, 109.9937
143439.2569, 6394389.4922, 37.8173, 184.4035, 123.3260
143449.6459, 6394417.4857, 38.1733, 318.6726, 262.6679
143454.0008, 6394387.1611, 39.4007, 921.1266, 124.5367
143449.2768, 6394380.1401, 37.6624, 970.3128, 127.3708
143447.5925, 6394374.1704, 36.5401, 1209.1084, 127.6274
143447.5964, 6394374.7046, 36.5674, 1171.5918, 132.2677
143447.5964, 6394374.7046, 36.5674, 1171.5918, 132.2677
143437.4966, 6394391.0035, 37.6415, 68.0137, 132.8755
143447.8008, 6394374.4784, 36.5518, 1199.5671, 133.0484
143447.7339, 6394375.4731, 36.5930, 1128.8893, 141.0439
143447.7339, 6394375.4731, 36.5930, 1128.8893, 141.0439
143453.7889, 6394387.0695, 38.9743, 915.0125, 142.8594
143447.7348, 6394376.0226, 36.5359, 1094.5132, 151.9715
143447.7542, 6394376.0237, 36.4520, 1095.1699, 158.9572
143448.7127, 6394375.5575, 38.3822, 1188.4651, 7.2427
143449.0823, 6394376.5206, 38.6256, 1149.6879, 9.8452
143457.2915, 6394388.5394, 42.5935, 1001.3543, 13.3801
143448.9727, 6394377.1181, 38.4590, 1108.2882, 30.8453
143456.4147, 6394388.1437, 41.6972, 982.0006, 43.0215
143448.7715, 6394376.5234, 38.1086, 1130.2891, 45.8476
143448.6237, 6394376.6932, 38.0597, 1111.9973, 50.4162
143448.6237, 6394376.6932, 38.0597, 1111.9973, 50.4162
143448.6179, 6394377.2076, 38.0496, 1082.3634, 58.7075
143456.0526, 6394388.1730, 41.2160, 967.6520, 62.3131
143443.4873, 6394397.9604, 34.4104, 289.5096, 339.7467
143456.1099, 6394388.5674, 41.2138, 957.8570, 66.1118
143448.6165, 6394377.1569, 37.8615, 1084.2766, 72.1438
143454.9155, 6394387.1619, 40.5336, 957.1671, 77.1826
143449.3491, 6394379.1652, 38.1674, 1020.3771, 83.8435
143447.7736, 6394375.5323, 37.1191, 1130.0840, 98.5558
143441.1335, 6394384.0573, 37.5565, 382.4332, 102.0681
143447.5426, 6394374.1399, 36.8100, 1209.8289, 102.4260
143443.4873, 6394397.9604, 34.4104, 289.5096, 339.7467
143437.1641, 6394378.4836, 33.4767, 175.2600, 350.8994
143445.8861, 6394397.5137, 34.5652, 389.4941, 339.1246
143452.4017, 6394386.0305, 38.1682, 892.0158, 167.1211
143441.3908, 6394386.0487, 37.8853, 359.5542, 104.3328
143451.9454, 6394385.5401, 37.7777, 888.3022, 181.1774
143441.3908, 6394386.0487, 37.8853, 359.5542, 104.3328
143447.7105, 6394375.6256, 37.0329, 1120.0295, 106.2489
143445.5476, 6394393.9894, 33.7516, 423.9229, 370.4780
143442.5253, 6394383.9868, 32.7996, 458.4046, 419.1389
143441.4963, 6394387.0091, 37.9531, 348.5213, 110.5147
143447.6632, 6394375.5026, 36.9241, 1124.5099, 113.0905
143446.4132, 6394395.0062, 34.4807, 444.9195, 341.7386
143444.1533, 6394382.1259, 33.9805, 607.4813, 348.1649
143449.7724, 6394380.6671, 37.9181, 972.5987, 120.3454
143444.1533, 6394382.1259, 33.9805, 607.4813, 348.1649
143447.3200, 6394391.9629, 37.9056, 538.8282, 185.7688
143444.4027, 6394382.5426, 33.8798, 609.2152, 356.1001
143454.1456, 6394387.1027, 39.4690, 928.4056, 121.7914
143454.1456, 6394387.1027, 39.4690, 928.4056, 121.7914
143447.7639, 6394374.4944, 36.6446, 1196.7418, 124.7290
143447.7657, 6394374.9551, 36.6286, 1164.9458, 132.0766
143447.8215, 6394374.9288, 36.5475, 1169.6029, 139.2750
143453.9624, 6394387.4848, 39.0980, 909.1951, 140.8345
143448.1926, 6394378.6720, 37.1006, 979.7324, 141.4194
143447.6698, 6394375.5665, 36.4950, 1118.6974, 149.5747
143452.0288, 6394385.1567, 38.1580, 905.1324, 159.6290
143452.0288, 6394385.1567, 38.1580, 905.1324, 159.6290
143446.0365, 6394394.5708, 33.9390, 435.5142, 363.6069
143446.0365, 6394394.5708, 33.9390, 435.5142, 363.6069
143441.1981, 6394376.0375, 33.5042, 620.6350, 367.3913
143441.1981, 6394376.0375, 33.5042, 620.6350, 367.3913
143441.2501, 6394376.0103, 33.5069, 626.2693, 367.3877
143446.3498, 6394393.9357, 33.8077, 457.8247, 369.8432
143446.2627, 6394395.5569, 37.9861, 436.2213, 194.7927
143448.4687, 6394379.4010, 36.4154, 957.6682, 197.5849
143448.4687, 6394379.4010, 36.4154, 957.6682, 197.5849
143448.7148, 6394376.1702, 38.1978, 1148.9258, 32.5631
143447.6525, 6394375.0226, 36.8200, 1154.6893, 115.3428
143453.3505, 6394385.3540, 39.0647, 953.4084, 123.2728
143447.5292, 6394375.6326, 36.7814, 1107.6549, 125.1300
143445.2461, 6394378.5528, 33.4384, 801.3725, 389.3826
143446.1855, 6394402.4726, 33.0362, 340.9877, 397.8872
143442.6574, 6394381.6110, 33.1015, 528.5176, 402.8439
143442.6574, 6394381.6110, 33.1015, 528.5176, 402.8439
143445.1648, 6394378.6127, 33.2480, 793.0538, 403.3634
143442.1242, 6394380.1140, 33.0679, 537.7945, 405.6258
143442.1242, 6394380.1140, 33.0679, 537.7945, 405.6258
143440.9973, 6394376.6007, 33.0598, 577.7922, 408.2216
143440.9973, 6394376.6007, 33.0598, 577.7922, 408.2216
143440.9973, 6394376.6007, 33.0598, 577.7922, 408.2216
143441.7918, 6394379.1181, 33.0196, 546.4008, 409.8910
143441.7918, 6394379.1181, 33.0196, 546.4008, 409.8910
143443.1654, 6394383.0993, 32.9461, 518.7902, 412.6591
143443.1654, 6394383.0993, 32.9461, 518.7902, 412.6591
143441.9617, 6394379.6108, 32.9797, 542.2079, 412.6887
143448.3565, 6394396.5377, 37.9346, 501.0064, 210.3509
143442.8123, 6394377.6175, 33.0539, 676.9722, 412.9886
143440.9127, 6394376.0676, 33.0093, 592.8401, 413.8113
143439.4165, 6394377.4251, 32.9104, 410.5038, 414.8274
143439.4165, 6394377.4251, 32.9104, 410.5038, 414.8274
143448.3565, 6394396.5377, 37.9346, 501.0064, 210.3509
143443.6823, 6394384.6104, 32.8934, 510.5391, 414.9451
143441.9642, 6394379.6029, 32.9300, 542.4786, 416.5749
143441.9145, 6394379.6245, 32.8891, 538.1410, 419.5684
143442.0910, 6394380.1140, 32.8445, 534.8201, 422.4116
143441.4228, 6394378.1169, 32.8186, 552.8978, 427.5173
143442.3040, 6394376.1179, 32.9128, 704.8876, 427.3939
143442.3040, 6394376.1179, 32.9128, 704.8876, 427.3939
143442.2072, 6394375.5657, 32.8795, 724.0463, 431.9373
143442.2072, 6394375.5657, 32.8795, 724.0463, 431.9373
143442.1581, 6394375.5954, 32.8699, 718.5334, 432.6136
143442.1581, 6394375.5954, 32.8699, 718.5334, 432.6136
143442.1754, 6394375.5842, 32.8285, 720.3105, 436.6453
143442.4346, 6394375.4815, 32.7901, 746.2484, 441.3977
143442.6059, 6394375.4302, 32.7371, 762.3363, 447.0682
143440.4601, 6394376.4986, 32.2457, 532.8159, 483.9803
143440.3712, 6394376.4958, 32.2419, 525.1551, 484.2464
143452.1639, 6394385.5411, 38.0434, 897.7751, 168.8951
143446.2092, 6394387.0788, 35.3745, 587.3867, 284.6803
143452.1639, 6394385.5411, 38.0434, 897.7751, 168.8951
143449.1648, 6394395.6160, 36.0279, 542.3818, 286.9212
143451.3655, 6394401.1011, 36.4800, 533.1827, 287.5639
143451.3655, 6394401.1011, 36.4800, 533.1827, 287.5639
143448.3764, 6394396.5475, 37.8064, 501.3860, 215.5936
143451.5291, 6394385.5942, 37.0571, 867.7484, 216.1260
143451.5291, 6394385.5942, 37.0571, 867.7484, 216.1260
143437.7462, 6394382.9544, 35.3054, 159.7360, 221.9907
143451.3655, 6394401.1011, 36.4800, 533.1827, 287.5639
143451.4053, 6394385.6108, 36.8595, 861.6315, 225.7197
143451.4053, 6394385.6108, 36.8595, 861.6315, 225.7197
143451.5076, 6394385.0493, 36.6073, 883.0674, 236.7541
143438.0415, 6394383.9781, 35.1626, 167.8685, 241.0395
143448.2289, 6394379.5793, 36.5407, 937.5879, 188.6068
143448.2741, 6394379.5598, 36.4509, 940.4966, 194.8977
143453.2284, 6394405.5714, 36.8099, 529.3146, 289.3358
143446.9889, 6394396.0430, 38.0033, 457.3407, 199.5729
143449.6210, 6394396.5857, 37.0618, 544.4351, 249.9542
143442.2461, 6394402.9540, 37.0297, 198.7185, 244.0770
143452.7885, 6394404.6019, 37.7895, 530.3845, 255.5122
143436.7343, 6394388.9794, 35.0147, 30.9919, 266.9736
143452.7885, 6394404.6019, 37.7895, 530.3845, 255.5122
143446.1290, 6394387.1114, 34.9936, 581.9402, 304.7912
143442.3905, 6394403.9689, 35.4443, 194.8524, 304.7720
143435.7733, 6394379.0038, 33.8421, 28.5476, 308.6292
143445.0100, 6394401.4532, 34.9855, 312.1712, 324.8309
143446.1855, 6394387.6009, 35.0165, 573.3276, 304.9146
143446.1918, 6394387.0796, 34.8779, 585.4230, 311.1471
143442.0852, 6394376.0979, 34.1452, 693.7222, 311.9577
143444.5828, 6394383.1143, 34.5537, 604.6060, 314.5493
143451.3759, 6394401.0941, 37.2552, 534.6891, 260.7540
143445.0100, 6394401.4532, 34.9855, 312.1712, 324.8309
143447.9219, 6394396.0450, 37.9920, 492.6765, 204.1508
143437.0230, 6394380.9605, 35.2502, 127.3937, 204.8539
143448.8196, 6394381.0536, 36.4798, 905.2346, 207.2172
143445.4980, 6394397.0472, 34.2156, 379.9962, 351.9232
143445.4980, 6394397.0472, 34.2156, 379.9962, 351.9232
143449.5931, 6394396.1170, 35.3214, 548.3536, 317.2143
143446.0682, 6394412.9448, 37.3668, 252.6442, 267.9594
143439.0738, 6394377.4960, 33.0875, 378.0390, 396.7847
143445.1078, 6394377.5690, 33.3011, 836.5569, 400.4026
143442.6254, 6394375.4270, 32.9816, 765.1729, 423.9635
143449.5931, 6394396.1170, 35.3214, 548.3536, 317.2143
143439.7780, 6394379.0506, 37.5223, 407.4698, 16.6390
143448.5670, 6394375.5383, 38.1787, 1180.5403, 21.4838
143440.8804, 6394381.5486, 37.8720, 424.4469, 44.8420
143449.5461, 6394396.1049, 36.5109, 548.7932, 270.0537
143440.8475, 6394382.5461, 37.9245, 398.0074, 54.9843
143454.3082, 6394384.0075, 40.2817, 1041.2335, 55.9936
143454.3082, 6394384.0075, 40.2817, 1041.2335, 55.9936
143447.9070, 6394375.1110, 37.3442, 1166.5654, 75.1596
143449.6629, 6394396.5678, 36.4214, 545.1906, 275.1012
143449.1867, 6394378.6536, 38.1382, 1036.8711, 77.9433
143448.7003, 6394377.5041, 37.8460, 1069.6560, 78.9310
143447.6698, 6394375.4990, 36.7421, 1124.2192, 128.2647
143449.6629, 6394396.5678, 36.4214, 545.1906, 275.1012
143443.9146, 6394387.9956, 37.6785, 459.5630, 152.3197
143447.4991, 6394416.4514, 37.4316, 268.8545, 275.7407
143436.0858, 6394378.9875, 35.2394, 64.1301, 176.5757
143436.6803, 6394388.4865, 35.8483, 31.7344, 213.7473
143437.2434, 6394390.4937, 35.4643, 53.5332, 249.7792
143437.2434, 6394390.4937, 35.4643, 53.5332, 249.7792
143440.3923, 6394391.0019, 35.0885, 225.5891, 286.5439
143447.5118, 6394391.1145, 35.7763, 559.1485, 281.2439
143442.3426, 6394395.9846, 35.1323, 263.4968, 303.2312
143444.7748, 6394399.9264, 33.4828, 317.5311, 379.8875
143444.7287, 6394383.5925, 34.2258, 598.3077, 336.5999
143443.8061, 6394381.1229, 34.1074, 618.2926, 336.7173
143445.6304, 6394391.0427, 37.9702, 483.6143, 168.3733
143444.3347, 6394382.6242, 34.0638, 603.4092, 343.9981
143444.3347, 6394382.6242, 34.0638, 603.4092, 343.9981
143445.6304, 6394391.0427, 37.9702, 483.6143, 168.3733
143445.6304, 6394391.0427, 37.9702, 483.6143, 168.3733
143447.8137, 6394378.6466, 36.6741, 958.7691, 168.2108
143444.5105, 6394383.1314, 34.0309, 598.6422, 347.3738
143447.6325, 6394376.6676, 36.3868, 1050.1416, 169.5467
143448.5476, 6394378.8690, 36.4529, 986.6344, 191.5832
143436.1886, 6394379.0095, 35.0429, 73.8885, 196.8297
143436.5236, 6394379.4859, 35.0928, 101.0672, 200.3687
143447.6710, 6394378.1463, 36.6820, 975.2418, 161.7823
143448.4173, 6394396.0750, 37.9960, 510.6287, 206.2554
143436.8109, 6394380.4834, 35.1498, 114.7138, 207.3197
143436.5924, 6394379.9990, 35.0378, 100.6927, 210.8446
143449.2502, 6394380.9072, 36.4732, 932.3190, 209.5610
143437.4838, 6394382.4747, 35.2248, 145.4293, 222.7107
143437.6630, 6394391.5001, 35.6950, 71.6378, 243.5529
143446.2148, 6394387.5905, 34.8496, 574.5810, 313.7681
143442.5841, 6394377.0513, 33.7642, 687.2119, 351.5514
143457.1284, 6394388.1951, 42.5067, 1006.2542, 12.6702
143439.8858, 6394379.0500, 37.5580, 416.4175, 15.1044
143441.0561, 6394382.5326, 37.8852, 412.3120, 59.9183
143448.1113, 6394375.4641, 37.4714, 1155.8636, 72.4603
143446.1691, 6394387.0962, 34.7538, 583.6722, 317.7162
143436.7257, 6394381.5401, 34.9970, 93.6239, 228.0289
143436.4568, 6394381.4918, 34.4537, 69.5652, 270.5230
143442.8139, 6394401.0397, 35.2596, 234.1172, 308.2138
143445.6279, 6394411.4401, 37.0474, 249.8888, 273.4660
143436.1571, 6394378.9755, 33.6753, 67.9258, 327.0810
143436.1571, 6394378.9755, 33.6753, 67.9258, 327.0810
143444.5655, 6394400.9712, 34.7366, 300.4450, 332.4901
143446.5392, 6394397.9975, 35.0573, 408.5940, 321.8567
143446.4519, 6394413.4382, 37.0705, 260.0577, 278.3584
143446.0030, 6394386.6231, 34.6399, 586.6852, 322.3762
143446.0030, 6394386.6231, 34.6399, 586.6852, 322.3762
143436.6965, 6394381.5028, 33.9317, 89.3379, 315.1089
143448.6959, 6394409.4274, 34.9032, 355.1685, 342.1572
143448.2053, 6394393.1147, 35.9405, 549.5919, 281.5446
143441.9757, 6394397.9795, 33.9681, 226.2875, 354.2683
143448.6959, 6394409.4274, 34.9032, 355.1685, 342.1572
143449.2578, 6394376.4337, 38.7316, 1164.8160, 2.5081
143439.7479, 6394379.0426, 37.5915, 405.4437, 10.0116
143450.6523, 6394414.9340, 35.5350, 362.0829, 331.4028
143457.2327, 6394388.6245, 42.6422, 996.9877, 11.6290
143439.3522, 6394379.0885, 37.5077, 371.0397, 12.3558
143457.1612, 6394388.6240, 42.5124, 994.3459, 16.7751
143448.8837, 6394376.5244, 38.4205, 1137.7842, 23.1510
143444.1779, 6394399.4467, 34.1279, 300.7024, 353.6939
143436.4751, 6394380.4791, 33.6631, 80.8132, 333.8192
143456.9733, 6394388.5213, 42.1587, 990.3822, 29.9766
143444.1779, 6394399.4467, 34.1279, 300.7024, 353.6939
143440.5144, 6394381.5605, 37.8644, 398.2081, 41.2048
143450.6796, 6394414.9281, 35.4779, 362.7884, 332.9822
143448.6349, 6394377.1614, 38.1342, 1086.2321, 51.8678
143456.3630, 6394388.5492, 41.5000, 967.6197, 54.9963
143454.3417, 6394384.6699, 40.3759, 1018.6606, 57.9762
143456.2647, 6394388.5649, 41.3716, 963.5388, 60.1460
143448.5880, 6394376.6403, 37.8701, 1112.2479, 63.8315
143445.1859, 6394401.4830, 34.5444, 317.7044, 341.5146
143436.4353, 6394378.5273, 33.5593, 101.9027, 338.8358
143448.5880, 6394376.6403, 37.8701, 1112.2479, 63.8315
143448.5880, 6394376.6403, 37.8701, 1112.2479, 63.8315
143448.1737, 6394375.4259, 37.5459, 1162.3098, 66.4947
143448.1737, 6394375.4259, 37.5459, 1162.3098, 66.4947
143444.2484, 6394399.9904, 34.2398, 297.9030, 349.8242
143453.8310, 6394384.0919, 39.8250, 1018.3806, 76.8667
143445.9155, 6394396.0308, 34.1897, 409.9451, 353.3972
143455.4553, 6394388.0898, 40.7006, 948.3358, 80.8313
143445.9155, 6394396.0308, 34.1897, 409.9451, 353.3972
143443.9924, 6394381.6230, 33.8917, 613.1180, 352.9802
143437.0820, 6394378.4934, 33.4087, 166.8601, 356.9143
143446.1835, 6394394.5290, 33.9986, 442.1829, 361.3824
143445.1986, 6394395.0449, 33.8070, 394.2571, 367.4655
143464.5064, 6394407.5894, 45.4896, 794.4847, 81.3113
143448.2864, 6394376.7057, 37.5966, 1090.5140, 82.4234
143448.2864, 6394376.7057, 37.5966, 1090.5140, 82.4234
143450.2449, 6394413.4172, 34.5268, 363.0587, 357.4151
143447.6293, 6394406.9368, 33.9403, 345.1019, 369.1439
143463.2209, 6394404.1310, 44.5430, 819.5815, 85.4742
143456.5601, 6394390.1198, 41.1177, 928.5559, 85.3643
143444.2111, 6394399.4850, 33.3413, 300.5880, 384.3628
143450.2449, 6394413.4172, 34.5268, 363.0587, 357.4151
143456.5601, 6394390.1198, 41.1177, 928.5559, 85.3643
143436.8327, 6394378.5156, 33.4684, 141.9700, 349.8828
143449.2686, 6394379.0101, 38.0556, 1023.3042, 88.8168
143445.4508, 6394397.5134, 33.9938, 371.9226, 360.9837
143445.2037, 6394396.0309, 33.8771, 381.1355, 364.7451
143442.5307, 6394383.0609, 37.7316, 493.7320, 92.3675
143444.2111, 6394399.4850, 33.3413, 300.5880, 384.3628
143454.3021, 6394387.1228, 39.6756, 934.0339, 113.1611
143436.7585, 6394389.0126, 37.5195, 35.7982, 116.7855
143440.2517, 6394386.5649, 37.6035, 281.8846, 117.1273
143438.6173, 6394390.0067, 37.7182, 141.8789, 128.5256
143445.8134, 6394393.4463, 33.2454, 442.5396, 393.4278
143445.8134, 6394393.4463, 33.2454, 442.5396, 393.4278
143438.6173, 6394390.0067, 37.7182, 141.8789, 128.5256
143447.7615, 6394407.4255, 33.1165, 343.7252, 395.3381
143438.0979, 6394390.0414, 37.5914, 110.8986, 132.1371
143454.4478, 6394412.9709, 33.0308, 474.1842, 403.6129
143438.0979, 6394390.0414, 37.5914, 110.8986, 132.1371
143448.8925, 6394379.5999, 37.4622, 974.3722, 131.9595
143453.9479, 6394387.0759, 39.1970, 921.2649, 133.2753
143453.9479, 6394387.0759, 39.1970, 921.2649, 133.2753
143454.4478, 6394412.9709, 33.0308, 474.1842, 403.6129
143445.3390, 6394378.4925, 33.0875, 808.4178, 416.1130
143453.9662, 6394386.9495, 39.1638, 925.7331, 134.0863
143441.6494, 6394381.9818, 32.7910, 452.1728, 421.3163
143442.7409, 6394375.3476, 33.0161, 778.6781, 421.2828
143441.0710, 6394380.0067, 32.7670, 465.4514, 425.9380
143445.2548, 6394397.5794, 33.6731, 363.0504, 373.4531
143445.2641, 6394394.0530, 33.6398, 410.9664, 374.7538
143445.4152, 6394394.0014, 33.5563, 417.9146, 378.7518
143440.6522, 6394377.5274, 32.7241, 512.3711, 435.3917
143440.4428, 6394376.5175, 32.7137, 532.3760, 439.3162
143440.6546, 6394376.4918, 32.6798, 551.6039, 443.2039
143441.8305, 6394383.5433, 37.5601, 437.8746, 102.6749
143441.8305, 6394383.5433, 37.5601, 437.8746, 102.6749
143441.4338, 6394375.9761, 33.3301, 642.5530, 385.2270
143445.6580, 6394393.4769, 33.4112, 435.8364, 385.7577
143446.0205, 6394390.6097, 33.4149, 500.3981, 387.2629
143445.2481, 6394394.0328, 33.2953, 410.0481, 389.8527
143445.2481, 6394394.0328, 33.2953, 410.0481, 389.8527
143445.6520, 6394393.4668, 33.1431, 435.3040, 397.6342
143445.2226, 6394378.5708, 33.3798, 798.9222, 393.6943
143445.2226, 6394378.5708, 33.3798, 798.9222, 393.6943
143445.6520, 6394393.4668, 33.1431, 435.3040, 397.6342
143445.6520, 6394393.4668, 33.1431, 435.3040, 397.6342
143442.7768, 6394378.0285, 33.2123, 658.1695, 399.0873
143442.7768, 6394378.0285, 33.2123, 658.1695, 399.0873
143444.9835, 6394388.1129, 33.1419, 500.8409, 400.0142
143441.9756, 6394379.6116, 33.0924, 543.5193, 403.9784
143456.6897, 6394418.9679, 33.0842, 470.4069, 402.0520
143445.0991, 6394378.6570, 33.2000, 786.9047, 406.7119
143442.6367, 6394384.9802, 32.8163, 442.6484, 416.7383
143442.4360, 6394382.0439, 32.7759, 501.4977, 424.1314
143441.7483, 6394379.1164, 32.8308, 542.6745, 424.8524
143440.6279, 6394377.9838, 32.7385, 494.5567, 432.6039
143456.6897, 6394418.9679, 33.0842, 470.4069, 402.0520
143445.9136, 6394390.5888, 33.0400, 495.3587, 404.9776
143443.0268, 6394382.6058, 33.0572, 523.8340, 405.6814
143443.0268, 6394382.6058, 33.0572, 523.8340, 405.6814
143447.7300, 6394395.6045, 32.9742, 484.4134, 406.9442
143446.4353, 6394392.1048, 32.9354, 490.3651, 409.4367
143441.4470, 6394378.1057, 32.8695, 555.3461, 423.3038
143441.0181, 6394378.0247, 32.7295, 524.3197, 434.3044
143442.2859, 6394375.5270, 32.8235, 732.1186, 437.6381
143442.2859, 6394375.5270, 32.8235, 732.1186, 437.6381
143440.4065, 6394376.4835, 32.2892, 528.9044, 479.8567
143440.5007, 6394376.4836, 32.2928, 537.1199, 479.6573
143442.5766, 6394375.4429, 32.5555, 758.5143, 464.1469
