143441.0552, 6394376.9701, 32.6056, 547.8460, 442.2098
143441.1039, 6394383.5912, 37.7041, 376.4848, 70.9289
143445.1289, 6394388.6083, 32.8996, 484.8098, 407.8619
143441.0176, 6394383.9808, 37.7478, 362.5542, 71.7909
143440.5199, 6394385.4998, 37.7573, 301.0631, 83.7786
143445.1289, 6394388.6083, 32.8996, 484.8098, 407.8619
143456.9357, 6394388.5494, 42.1685, 989.0665, 25.8690
143448.6083, 6394375.9946, 38.0950, 1158.3885, 26.0852
143442.4577, 6394381.1007, 32.9029, 514.2943, 410.8052
143440.5199, 6394385.4998, 37.7573, 301.0631, 83.7786
143441.9551, 6394379.6038, 32.8666, 525.3059, 414.7722
143441.1449, 6394377.0862, 32.8101, 551.8679, 422.9693
143441.7385, 6394379.1172, 32.7466, 524.8511, 424.9100
143448.9297, 6394378.6121, 37.8740, 1025.4301, 85.0315
143441.7385, 6394379.1172, 32.7466, 524.8511, 424.9100
143440.7318, 6394376.9844, 32.6831, 519.7296, 433.5993
143440.9555, 6394376.9886, 32.6842, 538.9521, 434.3563
143440.9555, 6394376.9886, 32.6842, 538.9521, 434.3563
143440.5332, 6394377.0029, 32.6611, 501.4832, 434.8434
143442.6888, 6394375.9597, 32.7593, 729.7787, 437.9056
143441.1563, 6394376.9663, 32.6121, 556.6475, 441.9790
143441.1563, 6394376.9663, 32.6121, 556.6475, 441.9790
143447.9384, 6394375.9854, 37.2269, 1115.1555, 88.3448
143447.9384, 6394375.9854, 37.2269, 1115.1555, 88.3448
143442.2429, 6394403.4567, 35.1255, 179.9921, 307.5250
143448.7206, 6394378.6833, 37.7193, 1009.9628, 94.6679
143456.6665, 6394388.1404, 42.0258, 992.1579, 26.3403
143444.4692, 6394382.6351, 34.5049, 600.9329, 309.0948
143439.1389, 6394389.0318, 37.9628, 166.0522, 94.7971
143439.0050, 6394389.0392, 37.9281, 157.7926, 95.6989
143439.4485, 6394388.5483, 37.9087, 190.1956, 96.0694
143447.5445, 6394375.1902, 36.9017, 1141.6382, 99.5841
143447.6419, 6394375.6033, 36.9670, 1120.4624, 101.0352
143447.6041, 6394375.6508, 36.9399, 1114.9329, 103.5060
143438.7707, 6394389.9887, 37.9175, 134.0622, 103.2581
143437.1197, 6394389.9749, 37.5108, 32.1116, 112.4343
143437.0303, 6394389.9883, 37.4824, 26.2997, 113.4537
143448.1086, 6394378.1823, 37.2835, 999.8845, 113.9125
143448.1869, 6394378.1130, 37.2844, 1007.8350, 113.9042
143448.1869, 6394378.1130, 37.2844, 1007.8350, 113.9042
143456.2401, 6394388.5840, 41.3723, 962.1919, 56.4737
143443.1666, 6394377.9294, 37.1774, 696.6733, 57.0554
143454.2468, 6394387.0034, 39.5265, 934.2587, 115.1772
143451.4029, 6394401.0849, 35.6353, 525.7068, 313.3525
143454.2468, 6394387.0034, 39.5265, 934.2587, 115.1772
143447.5691, 6394375.6118, 36.7122, 1113.9786, 121.9567
143447.7196, 6394375.4704, 36.6585, 1132.0104, 126.6084
143447.7196, 6394375.4704, 36.6585, 1132.0104, 126.6084
143447.7196, 6394375.4704, 36.6585, 1132.0104, 126.6084
143451.4029, 6394401.0849, 35.6353, 525.7068, 313.3525
143442.7944, 6394378.1344, 37.0712, 660.0688, 64.1953
143443.5876, 6394380.1004, 37.5605, 641.3033, 64.4387
143443.6231, 6394382.0490, 37.8900, 579.8636, 66.9237
143443.2356, 6394382.5687, 37.8957, 540.3325, 68.7343
143443.3498, 6394382.5555, 37.9143, 547.8864, 68.5652
143443.3881, 6394382.5372, 37.9184, 550.8005, 68.4784
143440.7822, 6394384.0362, 37.6297, 345.4565, 78.0047
143440.7773, 6394384.0513, 37.5651, 344.6237, 82.5779
143439.7563, 6394388.0269, 37.9694, 215.5534, 90.0604
143440.0249, 6394387.5520, 37.8830, 238.1549, 92.9812
143445.2650, 6394384.6175, 34.5144, 589.3266, 316.8889
143439.0971, 6394389.4921, 37.8954, 158.4294, 102.7623
143446.0129, 6394386.6175, 34.6285, 577.1219, 317.4390
143446.0129, 6394386.6175, 34.6285, 577.1219, 317.4390
143436.9229, 6394389.4775, 37.4802, 22.4987, 107.8509
143436.8671, 6394389.4842, 37.3952, 18.6607, 112.5536
143447.5585, 6394376.6578, 36.7550, 1049.1379, 131.0548
143447.5565, 6394375.6657, 36.5702, 1108.8743, 134.5689
143447.6243, 6394375.5964, 36.5698, 1117.4663, 134.5783
143447.6243, 6394375.5964, 36.5698, 1117.4663, 134.5783
143447.6243, 6394375.5964, 36.5698, 1117.4663, 134.5783
143444.2642, 6394387.5251, 37.9668, 477.3899, 124.8218
143448.1417, 6394378.6089, 37.0670, 979.1153, 134.8662
143447.6921, 6394375.5335, 36.5410, 1125.4928, 137.0894
143453.7365, 6394387.0466, 38.9168, 911.9308, 141.4220
143447.8010, 6394375.9782, 36.4517, 1102.9608, 150.9714
143455.4172, 6394393.1497, 39.4066, 808.9558, 164.9557
143438.8490, 6394394.4970, 37.6477, 100.1802, 153.0930
143455.4172, 6394393.1497, 39.4066, 808.9558, 164.9557
143455.4978, 6394394.5026, 39.5687, 781.5409, 165.5795
143455.4978, 6394394.5026, 39.5687, 781.5409, 165.5795
143455.4225, 6394394.1429, 39.5162, 786.9014, 165.5108
143455.4225, 6394394.1429, 39.5162, 786.9014, 165.5108
143442.3014, 6394376.0924, 35.5563, 707.1111, 167.0900
143442.1973, 6394376.1231, 35.5409, 696.9247, 167.6406
143442.1973, 6394376.1231, 35.5409, 696.9247, 167.6406
143442.7136, 6394378.1104, 35.8353, 649.2159, 168.9808
143442.6759, 6394378.1316, 35.8270, 645.5042, 169.5002
143442.6759, 6394378.1316, 35.8270, 645.5042, 169.5002
143439.4581, 6394396.0052, 37.5447, 119.5022, 171.0020
143440.2264, 6394397.9779, 37.7321, 141.1656, 177.5203
143440.1614, 6394397.9923, 37.7043, 138.0576, 178.4499
143440.1614, 6394397.9923, 37.7043, 138.0576, 178.4499
143446.8028, 6394391.9637, 37.8489, 508.7109, 178.2726
143439.9814, 6394397.4979, 37.6107, 133.3384, 179.0564
143445.5271, 6394395.5233, 37.9941, 397.6588, 182.8661
143445.5271, 6394395.5233, 37.9941, 397.6588, 182.8661
143439.0080, 6394394.9830, 37.6703, 104.8382, 156.1305
143440.6101, 6394398.9870, 37.6510, 150.5168, 187.9967
143443.1391, 6394398.5285, 37.7736, 262.3402, 193.7324
143443.1391, 6394398.5285, 37.7736, 262.3402, 193.7324
143449.2113, 6394382.1666, 36.7598, 878.7279, 194.1416
143441.6252, 6394401.4512, 37.8468, 174.8302, 195.8818
143443.2342, 6394402.0256, 38.0256, 233.6321, 198.7564
143441.3952, 6394400.9866, 37.6887, 168.7421, 199.1307
143440.4158, 6394381.5632, 37.8557, 375.4840, 22.1463
143449.2455, 6394377.6599, 38.5651, 1096.3201, 25.1274
143449.2455, 6394377.6599, 38.5651, 1096.3201, 25.1274
143447.9500, 6394375.0630, 37.3414, 1177.7092, 64.8791
143447.6354, 6394374.0008, 36.8941, 1233.4938, 83.5287
143447.5109, 6394375.2211, 36.6629, 1136.0027, 120.4228
143442.1779, 6394402.9602, 37.8831, 185.2831, 203.0157
143444.1520, 6394387.9624, 37.9176, 462.3990, 130.2473
143447.7107, 6394377.4406, 36.7767, 1014.0140, 139.8212
143443.9952, 6394407.4490, 38.0139, 217.7266, 221.0091
143444.0694, 6394388.0065, 37.6614, 456.5601, 144.1537
143443.7762, 6394381.1303, 34.0131, 603.8744, 336.2155
143450.4550, 6394400.0215, 38.0632, 514.5963, 221.2560
143444.5489, 6394408.9852, 38.0014, 224.9305, 227.8826
143447.1644, 6394391.5245, 38.0094, 532.8434, 170.4642
143447.6951, 6394377.5551, 36.3782, 1004.8513, 171.6321
143451.3283, 6394386.6697, 36.7963, 822.0780, 229.5773
143442.7664, 6394375.9142, 34.9321, 750.4754, 230.9478
143447.7147, 6394377.6268, 36.3415, 1001.9561, 175.2961
143445.8110, 6394392.4587, 37.7978, 456.9679, 177.4841
143443.8006, 6394381.1209, 33.9643, 605.5403, 339.8139
143443.8006, 6394381.1209, 33.9643, 605.5403, 339.8139
143444.8009, 6394408.5052, 37.8736, 236.5094, 231.5929
143445.8110, 6394392.4587, 37.7978, 456.9679, 177.4841
143446.0249, 6394412.4392, 38.0805, 246.4202, 239.1950
143446.4160, 6394413.4932, 38.1310, 250.6374, 241.3605
143444.1431, 6394382.1284, 34.0005, 595.0435, 340.2791
143446.4160, 6394413.4932, 38.1310, 250.6374, 241.3605
143446.5708, 6394413.4894, 38.1371, 255.1767, 241.6497
143446.5355, 6394413.0649, 37.9984, 256.9797, 244.6390
143440.8310, 6394399.4684, 37.7132, 156.5702, 188.7487
143444.0195, 6394381.6097, 33.8585, 603.1097, 348.9003
143440.8310, 6394399.4684, 37.7132, 156.5702, 188.7487
143441.2425, 6394400.4696, 37.7319, 166.4209, 194.4825
143446.1445, 6394395.5179, 34.1524, 415.1038, 350.0502
143449.3096, 6394380.8655, 36.4377, 934.3948, 206.7400
143437.2909, 6394390.4926, 35.6184, 35.7244, 227.6458
143441.2425, 6394400.4696, 37.7319, 166.4209, 194.4825
143446.1445, 6394395.5179, 34.1524, 415.1038, 350.0502
143451.3856, 6394385.1127, 36.6701, 872.6712, 229.5940
143446.2325, 6394395.0267, 34.1225, 425.8083, 351.3507
143446.2325, 6394395.0267, 34.1225, 425.8083, 351.3507
143444.4272, 6394383.0750, 33.8558, 583.2771, 352.1044
143444.4272, 6394383.0750, 33.8558, 583.2771, 352.1044
143445.0862, 6394384.6028, 33.9091, 578.1340, 352.5854
143449.6014, 6394396.5908, 36.5882, 535.0970, 263.7613
143449.6202, 6394396.5862, 36.4446, 535.5546, 269.5132
143446.3415, 6394393.9370, 33.8973, 446.5592, 361.0893
143442.0424, 6394376.8771, 33.4991, 638.2746, 363.9008
143442.0424, 6394376.8771, 33.4991, 638.2746, 363.9008
143447.1090, 6394390.1206, 35.8114, 553.0494, 269.4676
143445.8525, 6394386.1007, 35.3612, 584.0347, 274.3003
143441.6754, 6394397.5188, 33.5161, 202.3761, 365.0363
143441.5881, 6394376.4902, 33.4583, 617.6508, 364.8664
143441.5881, 6394376.4902, 33.4583, 617.6508, 364.8664
143441.1936, 6394376.5930, 33.4122, 579.2772, 366.8839
143441.1936, 6394376.5930, 33.4122, 579.2772, 366.8839
143441.6849, 6394376.4395, 33.4358, 627.9604, 367.5997
143441.6849, 6394376.4395, 33.4358, 627.9604, 367.5997
143441.6233, 6394376.4730, 33.4247, 621.2108, 368.2914
143441.6541, 6394401.4717, 37.6385, 175.5146, 204.2875
143450.8461, 6394400.0295, 38.0559, 527.3814, 223.1340
143446.2050, 6394390.5744, 33.6396, 498.4757, 372.3546
143439.3025, 6394387.4767, 35.1562, 187.5801, 253.7189
143446.2050, 6394390.5744, 33.6396, 498.4757, 372.3546
143441.5615, 6394376.5088, 33.3239, 613.8832, 377.5526
143441.5615, 6394376.5088, 33.3239, 613.8832, 377.5526
143440.3033, 6394380.9523, 34.3221, 369.2643, 291.3670
143440.3033, 6394380.9523, 34.3221, 369.2643, 291.3670
143443.1949, 6394397.9545, 33.2680, 262.5763, 379.4405
143451.4295, 6394385.6065, 36.7128, 858.6994, 229.8041
143446.2110, 6394387.5888, 35.0035, 564.8661, 299.8769
143451.0859, 6394400.9656, 37.9386, 521.3975, 231.1612
143445.8098, 6394386.1185, 34.8724, 579.9630, 301.8222
143445.8098, 6394386.1185, 34.8724, 579.9630, 301.8222
143445.8111, 6394386.1154, 34.8235, 579.9544, 304.5944
143447.9077, 6394391.5623, 36.7727, 560.4343, 232.5762
143448.1293, 6394396.1057, 33.5525, 482.4431, 380.3102
143447.8480, 6394391.6204, 35.0541, 552.6581, 311.8973
143445.4609, 6394385.1200, 34.5890, 586.6246, 314.3636
143446.7170, 6394398.5301, 35.0269, 397.8939, 318.7828
143442.7684, 6394381.5865, 33.2943, 522.1788, 383.0365
143441.7406, 6394376.4143, 33.2362, 632.7260, 387.0062
143441.4789, 6394378.1241, 33.1375, 541.2786, 392.7036
143445.1159, 6394377.5610, 33.3361, 829.9454, 393.5538
143445.0449, 6394377.6124, 33.3147, 822.6741, 394.9096
143445.3701, 6394378.4691, 33.3141, 804.0911, 395.2876
143441.8012, 6394379.1176, 33.0589, 530.8752, 399.4702
143445.1551, 6394378.6185, 33.2260, 783.4022, 400.9903
143445.2654, 6394378.5438, 33.2290, 793.7250, 401.3171
143442.7788, 6394377.6425, 33.1017, 660.5747, 402.5927
143442.9071, 6394377.9557, 33.0992, 656.9834, 402.8336
143441.1401, 6394376.5460, 32.9982, 574.5324, 406.5292
143441.1401, 6394376.5460, 32.9982, 574.5324, 406.5292
143441.2677, 6394377.6214, 32.9688, 542.1349, 407.5570
143441.2677, 6394377.6214, 32.9688, 542.1349, 407.5570
143445.2843, 6394378.5317, 33.1093, 794.9056, 410.6454
143442.4872, 6394376.5992, 32.9503, 683.6542, 417.1116
143442.4221, 6394376.0474, 32.8918, 704.5539, 423.9335
143441.1236, 6394377.0890, 32.7668, 549.7444, 426.9174
143441.0243, 6394376.5636, 32.7411, 562.4125, 430.7700
143442.5394, 6394375.9854, 32.8120, 716.7269, 432.2227
143442.5394, 6394375.9854, 32.8120, 716.7269, 432.2227
143441.1959, 6394376.5264, 32.7040, 578.6823, 435.1781
143441.0068, 6394376.9701, 32.5660, 543.5049, 445.7629
143441.0068, 6394376.9701, 32.5660, 543.5049, 445.7629
143443.9401, 6394381.6330, 34.1232, 598.4567, 330.0891
143436.3955, 6394381.5008, 34.3900, 33.3468, 258.1031
143446.4195, 6394395.0044, 34.4512, 434.4036, 337.8093
143447.2644, 6394390.6148, 35.8940, 549.9344, 267.6638
143442.5088, 6394395.9362, 35.3326, 258.1602, 286.7689
143450.6106, 6394401.5186, 37.7810, 498.0805, 236.5044
143444.3552, 6394382.5659, 33.8517, 593.9629, 351.6914
143445.6845, 6394386.0828, 33.9522, 571.7330, 353.3247
143457.3199, 6394388.5501, 42.7117, 1003.4155, 4.7727
143445.6845, 6394386.0828, 33.9522, 571.7330, 353.3247
143447.8836, 6394391.5847, 36.6860, 558.7796, 236.5567
143445.6845, 6394386.0828, 33.9522, 571.7330, 353.3247
143444.3850, 6394382.0603, 33.8091, 610.9892, 354.3522
143457.2447, 6394388.5853, 42.5793, 999.4617, 10.3872
143445.0681, 6394396.0641, 33.7889, 363.0348, 362.5844
143442.5683, 6394377.1365, 33.5388, 668.6159, 363.4778
143457.0670, 6394388.0869, 42.3909, 1008.4145, 12.5605
143440.7073, 6394381.0817, 37.8019, 409.1066, 22.5123
143445.0363, 6394395.0453, 33.6895, 375.2165, 366.6467
143445.8858, 6394411.9357, 37.8966, 245.5767, 243.0842
143443.8790, 6394399.9956, 35.1421, 272.7678, 307.1331
143454.5582, 6394384.5556, 40.6024, 1032.8309, 42.4171
143442.6489, 6394404.4735, 34.9881, 187.6076, 315.0678
143450.6780, 6394406.4782, 37.9604, 439.0332, 243.7367
143464.7882, 6394407.6227, 46.4506, 800.4789, 54.8861
143442.6489, 6394404.4735, 34.9881, 187.6076, 315.0678
143436.2502, 6394379.9752, 33.6656, 31.6783, 314.5663
143436.2502, 6394379.9752, 33.6656, 31.6783, 314.5663
143450.6780, 6394406.4782, 37.9604, 439.0332, 243.7367
143438.1668, 6394392.9743, 35.5435, 70.4852, 247.6734
143464.6643, 6394407.1188, 46.3124, 805.4188, 55.4909
143443.5032, 6394379.5871, 37.5348, 654.5680, 57.9424
143443.6566, 6394400.4801, 34.9362, 259.0237, 315.1363
143441.7282, 6394376.4169, 33.4083, 632.4737, 370.4948
143441.7282, 6394376.4169, 33.4083, 632.4737, 370.4948
143441.6919, 6394376.4371, 33.4016, 628.4739, 370.9175
143441.6772, 6394376.4460, 33.3732, 626.6920, 373.5426
143464.8779, 6394407.5949, 46.3423, 802.7364, 58.1239
143446.4552, 6394391.5941, 33.5337, 490.3197, 377.9617
143441.7684, 6394376.3971, 33.3313, 636.3368, 378.0931
143443.6566, 6394400.4801, 34.9362, 259.0237, 315.1363
143446.4028, 6394391.6039, 33.4398, 487.6428, 382.2184
143441.6464, 6394376.4658, 33.2259, 622.4373, 387.4186
143441.6464, 6394376.4658, 33.2259, 622.4373, 387.4186
143441.6837, 6394376.4456, 33.2298, 626.5065, 387.2747
143441.6837, 6394376.4456, 33.2298, 626.5065, 387.2747
143443.7839, 6394384.5919, 33.2327, 503.9331, 388.9538
143445.3540, 6394378.4786, 33.3726, 802.9189, 390.6898
143443.4323, 6394383.5962, 33.1957, 508.3132, 390.8434
143441.9856, 6394379.6040, 33.1037, 528.5082, 395.9527
143442.9355, 6394377.9482, 33.1711, 659.7311, 396.8840
143441.9666, 6394379.6125, 33.0722, 526.7172, 398.3723
143442.5611, 6394377.1518, 33.0321, 664.8467, 408.6870
143442.4479, 6394376.6214, 32.9751, 679.6335, 414.5951
143442.2822, 6394376.1289, 32.9610, 689.5180, 416.4849
143441.7383, 6394379.1173, 32.8125, 525.1122, 419.4850
143442.2842, 6394376.1280, 32.8988, 689.3901, 422.4194
143441.0708, 6394377.1128, 32.7830, 544.4061, 425.1096
143442.4155, 6394376.0515, 32.8269, 703.4633, 430.0692
143466.1172, 6394410.6269, 47.1034, 785.1451, 58.4961
143442.7796, 6394375.9218, 32.7778, 739.0878, 436.6554
143442.8035, 6394375.9367, 32.7437, 740.0447, 439.9072
143442.8035, 6394375.9367, 32.7437, 740.0447, 439.9072
143442.7537, 6394375.9378, 32.7255, 735.9062, 441.4452
143443.9590, 6394381.6163, 34.2332, 600.5682, 322.4922
143463.9306, 6394404.5395, 45.6058, 829.9058, 58.2674
143452.8640, 6394405.1224, 37.9129, 519.4889, 249.2389
143463.9306, 6394404.5395, 45.6058, 829.9058, 58.2674
143458.1047, 6394393.9987, 42.6552, 881.1318, 58.4170
143458.1047, 6394393.9987, 42.6552, 881.1318, 58.4170
143443.3202, 6394398.9690, 34.2442, 259.1838, 340.0357
143457.6260, 6394393.0352, 42.3940, 889.1494, 58.4531
143457.6260, 6394393.0352, 42.3940, 889.1494, 58.4531
143457.4828, 6394392.6547, 42.2992, 893.8944, 58.4337
143456.6596, 6394389.6413, 41.5801, 945.9510, 59.1561
143456.6596, 6394389.6413, 41.5801, 945.9510, 59.1561
143456.2365, 6394388.5081, 41.3027, 964.1463, 58.9345
143443.1860, 6394377.9173, 37.1448, 698.4611, 59.9376
143443.1860, 6394377.9173, 37.1448, 698.4611, 59.9376
143446.0847, 6394393.9966, 33.9441, 435.0456, 358.2891
143443.2730, 6394377.9465, 37.1652, 703.6049, 59.8867
143443.4827, 6394381.5561, 37.8681, 586.3226, 60.3742
143443.5079, 6394381.9973, 37.9479, 574.4669, 60.8456
143442.8599, 6394378.0884, 37.1121, 667.0343, 60.8715
143442.8599, 6394378.0884, 37.1121, 667.0343, 60.8715
143443.5965, 6394380.0862, 37.5972, 642.5601, 61.5428
143441.9348, 6394397.4931, 33.5628, 214.0250, 363.7513
143443.5965, 6394380.0862, 37.5972, 642.5601, 61.5428
143443.6581, 6394380.0528, 37.6005, 647.8792, 61.5862
143447.6244, 6394416.4553, 38.0510, 264.2628, 253.3321
143443.8156, 6394381.1047, 37.8144, 622.0333, 62.1453
143443.8156, 6394381.1047, 37.8144, 622.0333, 62.1453
143442.5532, 6394398.0095, 33.4711, 235.4889, 369.3379
143442.9742, 6394382.0847, 37.8525, 537.6621, 62.5363
143447.8967, 6394375.1342, 37.3737, 1169.7781, 62.4448
143443.0647, 6394382.4960, 37.9332, 531.8325, 63.2613
143443.2888, 6394377.9472, 37.1304, 704.5477, 63.1074
143446.8849, 6394389.6205, 35.9220, 553.8234, 261.3836
143443.5488, 6394380.1236, 37.5487, 637.8427, 65.1866
143443.1968, 6394398.4789, 33.4170, 257.6019, 373.2111
143443.3433, 6394382.5078, 37.9474, 548.9760, 65.5947
143443.3433, 6394382.5078, 37.9474, 548.9760, 65.5947
143443.8887, 6394382.0196, 37.9268, 597.3532, 66.9995
143445.1742, 6394394.0851, 33.4669, 394.2486, 376.9091
143442.6683, 6394382.9693, 37.8796, 493.6025, 68.5180
143442.6683, 6394382.9693, 37.8796, 493.6025, 68.5180
143443.2789, 6394382.5494, 37.8961, 543.5833, 68.9500
143440.5165, 6394384.0265, 37.6159, 327.8393, 75.9096
143447.9781, 6394375.9978, 37.3547, 1117.4530, 78.4306
143440.3018, 6394384.0481, 37.5373, 312.6540, 79.2578
143440.4134, 6394384.5675, 37.5917, 310.4933, 82.9560
143440.4134, 6394384.5675, 37.5917, 310.4933, 82.9560
143447.9627, 6394376.0324, 37.3012, 1114.0485, 83.1674
143439.8301, 6394385.5329, 37.6326, 255.3681, 85.2252
143439.7010, 6394386.0599, 37.6767, 238.8837, 86.9293
143439.7560, 6394387.5688, 37.9041, 221.4643, 89.3178
143447.6261, 6394374.0341, 36.8334, 1229.9185, 89.5714
143444.0147, 6394398.9388, 33.3053, 285.7682, 379.6602
143439.0018, 6394378.0360, 33.0119, 330.7690, 391.7645
143439.6930, 6394388.0256, 37.9593, 211.6946, 90.0628
143445.9188, 6394393.4077, 33.1880, 435.7028, 391.6075
143455.0551, 6394387.6552, 40.2564, 945.6840, 91.2954
143439.7507, 6394388.0372, 37.9217, 214.9586, 92.9876
143439.6731, 6394388.0404, 37.9033, 210.1514, 93.4069
143454.9353, 6394413.9756, 33.0293, 468.3786, 401.6128
143439.6731, 6394388.0404, 37.9033, 210.1514, 93.4069
143439.8445, 6394388.5269, 37.9601, 214.3805, 96.4125
143439.2710, 6394389.0304, 37.9286, 173.9372, 97.9845
143439.2710, 6394389.0304, 37.9286, 173.9372, 97.9845
143454.9353, 6394413.9756, 33.0293, 468.3786, 401.6128
143445.0556, 6394377.6069, 33.1875, 823.0158, 405.2855
143441.7833, 6394379.1117, 32.9307, 529.1931, 409.9482
143441.7833, 6394379.1117, 32.9307, 529.1931, 409.9482
143436.5724, 6394388.4756, 37.4194, 4.9329, 98.3588
143447.6594, 6394375.6863, 37.0030, 1116.3419, 99.3419
143436.6885, 6394388.9853, 37.4690, 9.9643, 101.5555
143440.6117, 6394377.0096, 32.6754, 508.2185, 433.7583
143454.5155, 6394387.0939, 39.8637, 942.3818, 101.5836
143454.5155, 6394387.0939, 39.8637, 942.3818, 101.5836
143454.5576, 6394387.0783, 39.7985, 944.2169, 104.8949
143438.6462, 6394389.9963, 37.8367, 126.4061, 106.8845
143447.8192, 6394376.6967, 37.0902, 1064.0519, 107.5604
143448.1713, 6394377.5198, 37.2681, 1038.5129, 107.9575
143438.1082, 6394390.0140, 37.7308, 93.6184, 108.5160
143438.1082, 6394390.0140, 37.7308, 93.6184, 108.5160
143437.0479, 6394389.9845, 37.5417, 27.5643, 110.0634
143437.8584, 6394390.0305, 37.6588, 78.0688, 110.6845
143454.0560, 6394387.0419, 39.3427, 925.3792, 122.9793
143447.6444, 6394376.6202, 36.8499, 1056.9498, 123.9209
143454.0377, 6394386.9914, 39.2369, 925.9449, 127.6038
143438.4577, 6394393.5100, 37.5400, 86.3979, 149.2891
143447.7687, 6394376.0096, 36.4593, 1099.1240, 150.3167
143447.7687, 6394376.0096, 36.4593, 1099.1240, 150.3167
143438.6197, 6394393.9662, 37.5654, 91.8471, 152.1812
143447.6766, 6394377.5164, 36.6106, 1007.0739, 153.1187
143447.6766, 6394377.5164, 36.6106, 1007.0739, 153.1187
143448.0032, 6394376.3295, 36.4516, 1093.1614, 156.9710
143447.7549, 6394378.0899, 36.6130, 981.4153, 159.3853
143452.2894, 6394385.6022, 38.1378, 898.8550, 161.0561
143455.4939, 6394394.0945, 39.5205, 790.2789, 165.4746
143446.9459, 6394389.5964, 35.8425, 556.8607, 265.5596
143455.4939, 6394394.0945, 39.5205, 790.2789, 165.4746
143449.5496, 6394396.6226, 36.5025, 532.5394, 267.0377
143439.3605, 6394395.9688, 37.5687, 115.0403, 169.0821
143443.1045, 6394379.0706, 35.9951, 640.0154, 169.5851
143449.6407, 6394396.5761, 36.4008, 536.3663, 271.2997
143439.5927, 6394396.4926, 37.6434, 122.5673, 169.9551
143447.4845, 6394391.5370, 37.9844, 546.1298, 173.6415
143449.0132, 6394377.0184, 38.4319, 1119.8424, 21.9606
143448.0904, 6394377.6669, 37.3552, 1026.4077, 102.1612
143445.9821, 6394391.5699, 37.9716, 480.5227, 165.2278
143447.9413, 6394377.9873, 36.3691, 996.0427, 178.5772
143446.4189, 6394392.0003, 37.7630, 491.3384, 180.2301
143446.4189, 6394392.0003, 37.7630, 491.3384, 180.2301
143450.5921, 6394382.4114, 36.7156, 934.2260, 208.2030
143447.3548, 6394390.5946, 35.6838, 553.7293, 278.1010
143450.5921, 6394382.4114, 36.7156, 934.2260, 208.2030
143456.5988, 6394388.0341, 41.9381, 992.8995, 28.7840
143453.2244, 6394405.5479, 36.9563, 522.8959, 281.4017
143456.5988, 6394388.0341, 41.9381, 992.8995, 28.7840
143448.7005, 6394376.6066, 38.0807, 1125.2599, 38.5540
143456.0633, 6394388.1064, 41.1739, 970.0264, 60.0650
143442.4192, 6394383.0991, 37.7498, 473.9642, 76.3138
143441.1858, 6394384.0308, 37.6131, 372.1105, 83.4590
143447.6083, 6394373.5070, 36.7684, 1270.2240, 86.9888
143449.3287, 6394379.6842, 37.9651, 994.3977, 95.6212
143448.0529, 6394377.5983, 37.1476, 1026.9336, 116.7718
143448.0529, 6394377.5983, 37.1476, 1026.9336, 116.7718
143444.3541, 6394387.9607, 37.9665, 472.9276, 129.1177
143446.2085, 6394392.4847, 37.8852, 473.9468, 175.8982
143443.8464, 6394387.9596, 37.8597, 446.4890, 131.0283
143447.9899, 6394378.5436, 36.4650, 971.0553, 176.7237
143444.3269, 6394387.9712, 37.7976, 470.8612, 138.3196
143440.2344, 6394397.9761, 37.7349, 141.5468, 177.4302
143440.2676, 6394397.9816, 37.6529, 142.8737, 181.2339
143436.7930, 6394380.4812, 35.2076, 83.8842, 182.3901
143440.6238, 6394398.9685, 37.7741, 151.4636, 182.7636
143440.0453, 6394381.0371, 34.2683, 347.3323, 294.1243
143440.4448, 6394398.4757, 37.6756, 147.1237, 183.6383
143440.4448, 6394398.4757, 37.6756, 147.1237, 183.6383
143443.8834, 6394398.4896, 37.9282, 293.4342, 190.9203
143443.8834, 6394398.4896, 37.9282, 293.4342, 190.9203
143443.5794, 6394398.4867, 37.8662, 281.0005, 191.9319
143443.5794, 6394398.4867, 37.8662, 281.0005, 191.9319
143442.9442, 6394399.0310, 37.7078, 249.1973, 197.6567
143451.7236, 6394385.5330, 37.3527, 875.3622, 197.7599
143448.6726, 6394380.5519, 36.4572, 915.5240, 198.4842
143448.6726, 6394380.5519, 36.4572, 915.5240, 198.4842
143441.6274, 6394401.4605, 37.7713, 174.7304, 198.8993
143449.2136, 6394382.1866, 36.6492, 877.6498, 201.0781
143451.3950, 6394385.6213, 36.7773, 856.9987, 226.2998
143452.6000, 6394386.3870, 36.7543, 881.7983, 237.4383
143439.7046, 6394396.9664, 35.6816, 121.0377, 261.9377
143447.6878, 6394377.5313, 36.5099, 1006.3923, 161.1684
143440.9537, 6394399.9580, 35.7006, 154.8974, 274.2142
143446.2386, 6394387.5754, 34.9530, 566.3592, 302.6758
143451.0716, 6394405.0436, 38.0675, 467.6904, 238.0432
143448.2445, 6394393.1042, 35.7693, 542.3695, 284.1292
143442.6323, 6394404.4791, 35.7791, 188.0983, 286.5418
143437.4391, 6394379.4650, 33.8435, 155.3609, 305.5082
143437.4391, 6394379.4650, 33.8435, 155.3609, 305.5082
143451.8114, 6394404.5565, 38.0511, 495.9093, 239.8761
143451.6155, 6394405.5035, 38.0781, 478.4167, 240.7323
143451.6155, 6394405.5035, 38.0781, 478.4167, 240.7323
143445.7717, 6394386.1318, 34.7707, 577.3957, 307.4291
143445.7717, 6394386.1318, 34.7707, 577.3957, 307.4291
143445.7717, 6394386.1318, 34.7707, 577.3957, 307.4291
143449.5799, 6394396.0965, 37.1451, 543.6559, 240.0384
143437.0117, 6394379.0035, 33.4394, 119.4584, 339.0628
143452.4559, 6394404.1151, 38.0472, 520.8060, 241.1008
143445.8338, 6394396.0508, 34.3628, 395.4781, 340.5606
143448.1269, 6394407.9279, 34.2472, 341.5958, 355.9707
143457.1457, 6394388.0367, 42.4567, 1012.8245, 9.7488
143446.1009, 6394391.1062, 33.1791, 482.8056, 394.0207
143451.4052, 6394405.9734, 38.0702, 466.5746, 241.4451
143445.0528, 6394377.6092, 33.1594, 822.5773, 407.5489
143440.7109, 6394377.9681, 32.7349, 482.3398, 425.3658
143457.2620, 6394388.4389, 42.5449, 1004.4306, 10.6438
143457.2620, 6394388.4389, 42.5449, 1004.4306, 10.6438
143446.6423, 6394413.0352, 38.0435, 260.3705, 243.5784
143456.5710, 6394387.6293, 42.0218, 1004.9570, 20.8872
143448.8190, 6394377.0965, 38.2675, 1103.7577, 33.2629
143456.3883, 6394388.0627, 41.6410, 983.9382, 40.8947
143448.2256, 6394376.1785, 37.7722, 1122.9280, 50.1179
143456.3129, 6394388.5037, 41.4274, 967.2502, 53.8569
143454.2253, 6394384.5197, 40.1767, 1019.8883, 61.2871
143456.1385, 6394388.5582, 41.1638, 958.8833, 64.8790
143442.4690, 6394383.4661, 37.9391, 468.4123, 68.4120
143442.4240, 6394383.0796, 37.8658, 475.1649, 68.1113
143442.4240, 6394383.0796, 37.8658, 475.1649, 68.1113
143448.1118, 6394375.9256, 37.4874, 1130.6549, 68.1284
143448.2338, 6394379.5175, 36.7935, 939.5559, 163.8986
143442.3377, 6394383.4544, 37.8971, 460.2978, 69.6755
143447.9616, 6394374.9565, 37.2551, 1185.3159, 70.8878
143441.0308, 6394383.9901, 37.6877, 363.0424, 76.1811
143441.0308, 6394383.9901, 37.6877, 363.0424, 76.1811
143449.3337, 6394379.0748, 38.1294, 1024.6445, 77.1907
143440.7033, 6394384.0435, 37.6102, 339.9952, 78.5715
143440.4632, 6394384.0551, 37.5511, 323.4855, 80.1633
143440.4632, 6394384.0551, 37.5511, 323.4855, 80.1633
143455.0459, 6394387.5546, 40.1812, 948.2374, 93.9630
143455.0459, 6394387.5546, 40.1812, 948.2374, 93.9630
143447.6572, 6394375.6689, 37.0629, 1117.7013, 93.9859
143447.6572, 6394375.6689, 37.0629, 1117.7013, 93.9859
143448.3126, 6394378.0599, 37.4681, 1018.4833, 100.9948
143440.3530, 6394381.5199, 34.9026, 361.4091, 249.2258
143448.3126, 6394378.0599, 37.4681, 1018.4833, 100.9948
143447.6825, 6394375.4934, 36.8810, 1129.6055, 107.3983
143447.6825, 6394375.4934, 36.8810, 1129.6055, 107.3983
143447.4923, 6394375.2028, 36.7853, 1136.8557, 109.2524
143447.6186, 6394374.1271, 36.5973, 1220.7124, 112.7092
143447.6186, 6394374.1271, 36.5973, 1220.7124, 112.7092
143447.6780, 6394374.0645, 36.5733, 1229.0288, 114.8408
143448.0335, 6394378.1809, 37.1891, 995.3049, 120.1096
143443.9330, 6394387.0642, 37.8972, 469.5907, 122.1599
143454.1067, 6394384.1125, 40.1313, 1030.2281, 58.6426
143454.0298, 6394387.0926, 39.3753, 922.9189, 121.5903
143455.7815, 6394388.6466, 40.8905, 943.1732, 75.3054
143447.5651, 6394375.5933, 36.7858, 1115.3796, 115.3904
143448.7570, 6394380.5931, 37.0205, 920.4858, 162.2852
143443.8154, 6394387.5627, 37.9272, 453.0571, 123.7253
143448.5199, 6394380.6612, 36.5167, 903.2840, 194.0986
143448.8616, 6394379.6212, 37.4735, 971.0529, 123.7748
143448.1793, 6394379.6499, 36.3942, 928.8153, 192.2732
143453.8738, 6394386.9991, 38.9791, 918.7676, 139.0087
143453.8738, 6394386.9991, 38.9791, 918.7676, 139.0087
143452.1492, 6394385.0278, 38.2981, 912.7670, 147.7755
143452.1492, 6394385.0278, 38.2981, 912.7670, 147.7755
143445.1700, 6394390.5176, 37.9831, 462.9291, 152.8010
143446.8970, 6394412.9948, 37.8233, 267.8165, 250.6990
143446.2316, 6394392.0484, 37.9273, 482.7418, 171.6424
143449.0847, 6394412.0702, 37.9855, 338.0697, 250.5607
143449.0847, 6394412.0702, 37.9855, 338.0697, 250.5607
143448.2301, 6394412.4908, 37.8408, 310.1269, 253.1046
143448.2301, 6394412.4908, 37.8408, 310.1269, 253.1046
143445.1079, 6394392.5601, 37.6786, 424.0406, 179.4677
143445.1079, 6394392.5601, 37.6786, 424.0406, 179.4677
143445.2973, 6394392.5182, 37.6898, 433.1539, 179.8349
143447.4180, 6394400.5194, 35.0511, 398.4409, 322.2274
143445.2973, 6394392.5182, 37.6898, 433.1539, 179.8349
143447.9921, 6394379.1976, 36.4336, 939.6136, 184.4059
143436.8967, 6394380.4717, 35.1692, 93.6654, 186.8848
143448.3344, 6394379.5156, 36.4276, 943.3834, 190.2617
143444.4117, 6394400.9865, 34.6743, 282.6605, 328.0682
143446.1564, 6394392.1089, 37.7413, 477.9601, 180.2841
143446.9190, 6394392.5182, 37.7150, 503.2041, 188.0586
143446.9688, 6394389.5950, 35.7559, 557.6862, 269.9713
143444.1349, 6394382.1218, 34.1148, 595.1644, 332.4617
143444.1582, 6394382.1136, 34.0580, 596.6171, 336.4333
143444.3151, 6394382.0950, 33.8296, 605.7996, 352.6633
143446.9688, 6394389.5950, 35.7559, 557.6862, 269.9713
143446.0951, 6394394.5599, 34.0065, 426.9579, 355.7653
143450.8712, 6394422.0199, 37.9246, 309.4474, 273.9940
143445.8487, 6394386.1083, 35.3040, 583.4827, 277.5485
143441.6055, 6394376.4790, 33.5001, 619.8365, 360.9698
143441.6409, 6394376.4622, 33.4587, 623.3552, 365.1451
143441.7334, 6394376.4154, 33.3682, 632.7679, 374.3589
143445.8487, 6394386.1083, 35.3040, 583.4827, 277.5485
143441.5559, 6394401.4923, 37.6203, 171.3705, 204.6303
143448.1914, 6394393.1184, 35.8697, 540.2197, 279.5218
143441.8935, 6394401.9527, 37.7594, 181.6052, 202.5639
143451.4058, 6394401.0818, 36.5784, 527.5331, 280.3956
143457.9060, 6394419.0300, 38.0563, 495.5312, 282.6755
143457.9060, 6394419.0300, 38.0563, 495.5312, 282.6755
143448.7023, 6394418.9360, 37.1949, 275.2931, 282.9630
143443.3949, 6394397.9852, 34.4195, 272.5945, 332.2728
143445.2780, 6394378.5341, 33.2818, 795.1999, 397.3087
143441.2107, 6394377.0777, 33.0615, 558.9936, 399.8231
143441.2107, 6394377.0777, 33.0615, 558.9936, 399.8231
143441.2107, 6394377.0777, 33.0615, 558.9936, 399.8231
143442.7692, 6394377.6384, 33.0931, 659.9870, 403.3013
143441.6225, 6394378.6216, 32.9918, 534.0687, 405.1323
143442.0942, 6394380.1104, 32.9191, 519.3292, 410.1139
143442.0942, 6394380.1104, 32.9191, 519.3292, 410.1139
143441.4426, 6394378.1050, 32.9338, 538.1616, 410.3917
143445.2334, 6394378.5666, 33.1091, 790.1281, 410.3962
143442.9550, 6394382.6070, 32.8608, 504.0450, 412.7308
143441.3036, 6394376.5201, 32.9327, 589.4004, 413.6743
143441.3036, 6394376.5201, 32.9327, 589.4004, 413.6743
143441.3036, 6394376.5201, 32.9327, 589.4004, 413.6743
143445.1899, 6394378.5959, 33.0660, 785.8736, 413.4984
143442.4097, 6394381.1143, 32.8479, 510.4425, 414.6541
143443.3949, 6394397.9852, 34.4195, 272.5945, 332.2728
143450.8754, 6394400.5450, 38.0477, 520.8116, 225.1793
143441.4497, 6394378.1018, 32.8718, 538.5638, 415.8591
143441.1852, 6394377.0678, 32.8711, 556.3016, 417.4978
143441.4317, 6394376.4548, 32.8801, 602.9278, 419.4847
143441.4317, 6394376.4548, 32.8801, 602.9278, 419.4847
143441.4317, 6394376.4548, 32.8801, 602.9278, 419.4847
143442.2732, 6394376.1340, 32.9272, 688.3517, 419.6460
143442.2732, 6394376.1340, 32.9272, 688.3517, 419.6460
143441.5867, 6394378.6029, 32.7972, 531.1063, 421.5240
143441.1466, 6394377.0854, 32.8072, 552.0237, 423.2553
143441.7331, 6394379.1189, 32.7563, 524.4293, 424.0851
143441.7331, 6394379.1189, 32.7563, 524.4293, 424.0851
143441.1232, 6394376.5390, 32.8096, 572.3987, 424.6583
143441.0157, 6394376.5746, 32.7849, 561.4273, 426.4636
143450.8754, 6394400.5450, 38.0477, 520.8116, 225.1793
143438.2793, 6394384.4574, 35.2181, 156.5408, 226.9096
143439.3263, 6394387.4558, 35.3280, 189.7587, 243.2172
143442.8424, 6394375.9110, 32.7309, 744.3953, 441.3692
143442.8424, 6394375.9110, 32.7309, 744.3953, 441.3692
143437.3189, 6394378.9918, 33.4132, 150.1109, 343.6667
143445.7717, 6394386.1327, 34.9182, 577.8157, 299.0794
143445.6338, 6394394.0054, 33.7206, 415.5071, 366.8892
143445.6338, 6394394.0054, 33.7206, 415.5071, 366.8892
143439.6718, 6394388.4524, 35.3647, 198.7702, 247.6838
143441.7093, 6394381.4939, 32.7721, 451.5881, 416.9816
143448.7970, 6394376.1194, 38.4011, 1162.8268, 6.0718
143449.1540, 6394377.1373, 38.6776, 1121.8396, 6.9698
143448.7183, 6394376.6483, 38.2363, 1124.5964, 27.1534
143456.1914, 6394388.0810, 41.3811, 975.8439, 51.3722
143454.2538, 6394384.1381, 40.3043, 1035.6050, 51.0533
143448.1137, 6394375.4466, 37.5032, 1162.2365, 59.3917
143456.1038, 6394387.9152, 41.1141, 977.1446, 61.4730
143448.0819, 6394376.1442, 37.5898, 1115.6827, 62.5880
143442.3704, 6394383.0455, 37.9275, 472.8375, 62.8053
143442.5135, 6394383.0323, 37.9171, 482.2644, 64.9786
143445.8278, 6394386.1078, 34.8186, 580.9741, 304.9294
143453.8891, 6394384.0644, 39.8650, 1022.5609, 70.4067
143447.8055, 6394375.1392, 37.2277, 1163.0333, 73.9470
143447.8055, 6394375.1392, 37.2277, 1163.0333, 73.9470
143445.8278, 6394386.1078, 34.8186, 580.9741, 304.9294
143440.1962, 6394385.5262, 37.6698, 279.5091, 86.4801
143440.1962, 6394385.5262, 37.6698, 279.5091, 86.4801
143447.6061, 6394374.0632, 36.8184, 1226.3354, 91.1290
143454.9336, 6394387.6584, 40.1432, 940.8799, 95.7424
143442.2429, 6394403.4567, 35.1255, 179.9921, 307.5250
143439.0260, 6394389.4866, 37.9278, 154.3201, 100.2029
143436.7142, 6394388.9813, 37.4795, 11.7230, 101.1103
143448.2562, 6394378.1202, 37.4377, 1012.0651, 103.3428
143447.6286, 6394375.5496, 36.8823, 1122.6603, 107.3593
143447.6286, 6394375.5496, 36.8823, 1122.6603, 107.3593
143447.5774, 6394375.6043, 36.8763, 1115.9579, 107.9590
143447.5774, 6394375.6043, 36.8763, 1115.9579, 107.9590
143454.2857, 6394387.1462, 39.6337, 931.5596, 111.3597
143437.7576, 6394390.0415, 37.6374, 71.7386, 111.1607
143439.1192, 6394386.9662, 35.1990, 182.3482, 247.6011
143439.1192, 6394386.9662, 35.1990, 182.3482, 247.6011
143437.1246, 6394389.9733, 37.5169, 32.4421, 112.1011
143437.4933, 6394390.5341, 37.6185, 51.9332, 114.4244
143453.0250, 6394385.6329, 39.0287, 930.2056, 120.6679
143451.3784, 6394401.0913, 37.3981, 527.9970, 251.6112
143453.0250, 6394385.6329, 39.0287, 930.2056, 120.6679
143447.6122, 6394374.6885, 36.5766, 1178.7205, 122.2792
143447.6615, 6394374.6362, 36.5685, 1185.4597, 122.9402
143447.6615, 6394374.6362, 36.5685, 1185.4597, 122.9402
143447.8260, 6394377.5258, 36.9785, 1017.0665, 126.4039
143447.8260, 6394377.5258, 36.9785, 1017.0665, 126.4039
143447.6637, 6394374.6531, 36.5016, 1183.9424, 129.1823
143453.9512, 6394386.9708, 39.1234, 923.0000, 132.3545
143447.6037, 6394376.6161, 36.7522, 1054.2422, 131.3164
143447.5087, 6394374.6856, 36.8660, 1174.4120, 94.9043
143438.9108, 6394386.4500, 35.3794, 175.6265, 232.1206
143447.6394, 6394377.5366, 36.6623, 1004.1016, 148.9379
143447.6901, 6394378.1262, 36.6918, 976.2722, 153.1628
143447.6901, 6394378.1262, 36.6918, 976.2722, 153.1628
143447.6901, 6394378.1262, 36.6918, 976.2722, 153.1628
143446.1889, 6394387.0827, 34.9080, 575.3883, 303.8078
143452.0876, 6394385.1219, 38.1083, 906.4279, 158.0111
143452.2300, 6394385.4902, 38.0323, 899.7692, 165.4006
143447.6670, 6394378.2037, 36.4750, 969.9463, 169.9291
143447.6670, 6394378.2037, 36.4750, 969.9463, 169.9291
143445.1407, 6394401.9393, 35.3233, 301.3167, 307.0603
143441.7117, 6394401.9582, 35.3393, 170.6427, 295.3957
143445.5191, 6394397.0401, 34.1853, 369.3490, 347.6412
143449.6938, 6394396.5568, 36.5224, 538.8378, 266.6398
143445.5191, 6394397.0401, 34.1853, 369.3490, 347.6412
143449.6938, 6394396.5568, 36.5224, 538.8378, 266.6398
143449.6460, 6394396.5789, 36.3501, 536.4060, 273.3360
143445.5191, 6394397.0401, 34.1853, 369.3490, 347.6412
143447.8250, 6394392.1185, 35.9114, 544.1385, 273.5831
143450.1741, 6394422.4558, 37.1514, 289.0477, 291.7914
143445.2354, 6394377.4744, 33.3016, 841.8580, 396.9935
143443.1426, 6394386.9837, 32.8445, 414.5905, 407.5072
143448.7373, 6394384.4252, 32.8996, 764.1774, 423.6356
143447.1615, 6394391.9660, 37.9999, 524.2738, 173.3701
143444.8233, 6394392.9648, 37.7287, 405.0549, 177.6219
143445.4972, 6394392.4987, 37.7472, 442.4291, 178.2130
143445.4972, 6394392.4987, 37.7472, 442.4291, 178.2130
143445.0829, 6394401.5079, 34.5565, 302.2894, 334.8695
143445.7493, 6394396.5456, 34.2736, 385.1854, 344.3737
143445.7493, 6394396.5456, 34.2736, 385.1854, 344.3737
143439.7858, 6394379.5717, 37.5300, 376.1645, 4.4029
143448.3129, 6394376.1894, 37.8460, 1127.7035, 45.4661
143448.3129, 6394376.1894, 37.8460, 1127.7035, 45.4661
143456.4815, 6394388.4919, 41.6093, 973.8731, 46.8570
143447.9983, 6394375.2013, 37.5223, 1172.1732, 52.1189
143443.4039, 6394377.8528, 37.2145, 717.4529, 56.0147
143443.4045, 6394379.6088, 37.5254, 647.0106, 57.7144
143444.0692, 6394399.4567, 34.1512, 284.0029, 346.2181
143463.9720, 6394405.5811, 45.8038, 813.6860, 58.3972
143457.5722, 6394391.5143, 42.0932, 925.4476, 58.7061
143457.5722, 6394391.5143, 42.0932, 925.4476, 58.7061
143443.0710, 6394377.9522, 37.1312, 688.4676, 60.0397
143443.0710, 6394377.9522, 37.1312, 688.4676, 60.0397
143443.0768, 6394382.0351, 37.8692, 545.7546, 61.8920
143447.8664, 6394375.1673, 37.3724, 1165.6729, 62.6606
143447.8306, 6394375.2059, 37.3050, 1160.4465, 68.6218
143441.5613, 6394376.5003, 33.5337, 615.3359, 357.4900
143445.2727, 6394396.0083, 33.8455, 372.2720, 360.7393
143445.8841, 6394394.0039, 33.8290, 426.2965, 362.7938
143445.0602, 6394396.0525, 33.7193, 362.7268, 365.5150
143445.0602, 6394396.0525, 33.7193, 362.7268, 365.5150
143449.9228, 6394412.9231, 35.4298, 350.8446, 327.1453
143445.0365, 6394395.0472, 33.6157, 375.0465, 369.8652
143445.7374, 6394393.4771, 33.4158, 427.3922, 380.8678
143440.2788, 6394391.0157, 35.0645, 202.7132, 277.1376
143444.6986, 6394387.1002, 33.3130, 495.9124, 385.6828
143442.2891, 6394396.0004, 35.1052, 247.2595, 296.1378
143451.2813, 6394406.9168, 33.4621, 445.0634, 386.6377
143444.6917, 6394399.9476, 33.1286, 301.3063, 387.8089
143444.6677, 6394399.9620, 33.4518, 300.7843, 375.2413
143445.4929, 6394401.4633, 34.4012, 317.5097, 341.7274
143445.7347, 6394393.4366, 33.0711, 427.1615, 396.3919
143441.4567, 6394378.1054, 33.0291, 539.7066, 402.1174
143439.8353, 6394378.4066, 32.9190, 394.5092, 403.8844
143443.8608, 6394385.0983, 32.8835, 495.0252, 410.0071
143443.8608, 6394385.0983, 32.8835, 495.0252, 410.0071
143440.8084, 6394379.9869, 32.7683, 427.4095, 417.4203
143442.1012, 6394380.1074, 32.8182, 519.5212, 417.9809
143440.2604, 6394377.4687, 32.7340, 460.9427, 425.1869
143441.0484, 6394376.5596, 32.8020, 564.9850, 425.0017
143441.0484, 6394376.5596, 32.8020, 564.9850, 425.0017
143440.3815, 6394377.0078, 32.6962, 488.0169, 430.8519
143441.2193, 6394376.5236, 32.5582, 580.0749, 449.2899
143446.3424, 6394395.0091, 34.2522, 430.8008, 346.1071
143437.2281, 6394379.0004, 33.3496, 140.7635, 349.1072
143443.8651, 6394381.0944, 33.8362, 609.9875, 349.2647
143443.8651, 6394381.0944, 33.8362, 609.9875, 349.2647
143445.3413, 6394397.0672, 33.9406, 361.4517, 357.2337
143449.6941, 6394411.9255, 33.9189, 351.1150, 369.3799
143448.8978, 6394381.6423, 36.6872, 883.3160, 192.8104
143448.8978, 6394381.6423, 36.6872, 883.3160, 192.8104
143445.0473, 6394394.5659, 33.5558, 382.1076, 372.5463
143441.4967, 6394400.9499, 37.8304, 173.4023, 193.8139
143445.0473, 6394394.5659, 33.5558, 382.1076, 372.5463
143441.8688, 6394401.9672, 37.8993, 180.7314, 197.0899
143445.3412, 6394394.0266, 33.5698, 402.4547, 372.7840
143437.3640, 6394381.9642, 35.2321, 116.5091, 199.9542
143451.2811, 6394385.1505, 36.9067, 867.8094, 216.5702
143445.7063, 6394393.4869, 33.2528, 425.5580, 388.1134
143451.2811, 6394385.1505, 36.9067, 867.8094, 216.5702
143445.7063, 6394393.4869, 33.2528, 425.5580, 388.1134
143445.0700, 6394377.5929, 33.3663, 825.5263, 390.8565
143437.6804, 6394390.9631, 35.9811, 57.0323, 211.9635
143446.9981, 6394393.6022, 33.0943, 477.2978, 398.2475
143440.2878, 6394397.9571, 36.0417, 141.2645, 251.5807
143446.9981, 6394393.6022, 33.0943, 477.2978, 398.2475
143442.9021, 6394377.9674, 33.1561, 656.4042, 397.9722
143442.9021, 6394377.9674, 33.1561, 656.4042, 397.9722
143444.0749, 6394385.6000, 33.0748, 495.7370, 398.5662
143441.7743, 6394398.0048, 33.9276, 203.0258, 347.9506
143444.7929, 6394387.6058, 33.0010, 489.0504, 402.7095
143442.3106, 6394380.6111, 33.0010, 519.3234, 403.7968
143441.4671, 6394381.4677, 32.7811, 435.4612, 415.5287
143441.4671, 6394381.4677, 32.7811, 435.4612, 415.5287
143441.2323, 6394377.6093, 32.7914, 538.8455, 423.4650
143441.1899, 6394377.0585, 32.7464, 556.4623, 429.1932
143441.1899, 6394377.0585, 32.7464, 556.4623, 429.1932
143440.6589, 6394376.9888, 32.6458, 513.0027, 436.8425
143442.5934, 6394397.9930, 33.7431, 237.8242, 358.0695
143447.7922, 6394376.1388, 37.2124, 1096.8280, 89.8129
143447.5435, 6394377.6204, 36.6681, 994.0873, 148.3478
143436.6222, 6394381.5125, 33.8805, 52.3873, 303.2746
143442.9775, 6394378.0963, 32.5957, 654.0107, 445.0475
143449.6591, 6394396.5733, 37.2159, 538.7403, 239.0479
143452.5373, 6394404.0942, 37.9297, 523.3019, 245.1530
143452.5373, 6394404.0942, 37.9297, 523.3019, 245.1530
143441.7864, 6394383.4960, 37.7434, 423.5491, 74.6327
143454.7211, 6394384.4907, 40.7372, 1041.9021, 36.2080
143454.3902, 6394383.9968, 40.3428, 1046.3643, 48.7953
143454.3902, 6394383.9968, 40.3428, 1046.3643, 48.7953
143448.0410, 6394376.0010, 37.4851, 1121.7063, 68.5042
143448.8124, 6394378.1640, 37.9759, 1042.8167, 70.5428
143447.4602, 6394373.7301, 36.9578, 1244.2089, 70.4109
143440.8771, 6394384.0039, 37.6470, 352.4763, 77.4633
143440.8771, 6394384.0039, 37.6470, 352.4763, 77.4633
143447.7336, 6394375.4929, 37.0107, 1133.5045, 96.9524
143447.8190, 6394374.9389, 36.5302, 1173.3431, 132.2571
143439.3208, 6394387.4678, 35.2140, 188.9851, 250.2401
143444.3873, 6394388.0346, 37.6221, 472.1632, 148.9326
143444.3873, 6394388.0346, 37.6221, 472.1632, 148.9326
143447.7082, 6394376.6440, 36.3717, 1056.6683, 163.4963
143447.7082, 6394376.6440, 36.3717, 1056.6683, 163.4963
143447.6638, 6394378.1935, 36.5041, 970.4238, 167.6273
143445.0761, 6394410.4545, 37.2595, 230.3318, 256.7436
143448.5311, 6394417.9902, 38.1200, 278.2050, 256.8042
143445.6961, 6394411.9500, 37.2847, 238.9725, 260.9362
143449.5847, 6394396.0969, 36.6282, 542.7495, 260.8154
143436.2282, 6394379.5127, 35.0552, 38.7810, 179.6880
143436.2282, 6394379.5127, 35.0552, 38.7810, 179.6880
143446.9185, 6394392.5387, 37.6718, 502.7130, 190.1422
143447.4632, 6394395.0489, 37.9685, 482.6905, 191.9693
143437.0085, 6394380.9837, 35.1051, 97.2789, 198.5542
143437.2054, 6394381.4839, 35.1101, 108.5586, 204.4646
143451.3094, 6394400.5974, 36.9110, 532.0305, 267.3739
143451.2662, 6394400.9752, 37.8316, 526.8561, 235.6505
143446.8814, 6394414.9553, 37.3623, 253.0074, 267.6434
143449.5264, 6394396.1226, 36.7614, 540.4771, 255.3074
143440.3825, 6394390.4644, 35.2387, 215.0977, 266.5610
143444.0726, 6394407.9517, 35.6757, 213.5100, 300.0136
143444.4639, 6394400.9705, 34.7234, 284.8725, 326.3406
143448.6109, 6394409.4528, 34.9440, 343.1935, 336.1462
143448.6109, 6394409.4528, 34.9440, 343.1935, 336.1462
143447.3313, 6394406.4390, 34.5696, 331.1159, 343.2938
143445.2376, 6394395.0208, 33.7695, 384.1587, 363.7244
143446.1034, 6394387.1232, 34.8367, 570.0526, 307.3797
143439.2418, 6394377.9733, 32.9688, 354.4882, 397.1747
143439.5525, 6394377.9304, 32.8917, 383.6579, 406.0223
143441.7333, 6394383.4802, 32.8087, 404.4948, 410.6748
143445.4548, 6394378.4110, 33.0835, 810.9780, 413.5231
143441.1079, 6394377.1028, 32.8592, 548.3179, 418.1823
143441.1079, 6394377.1028, 32.8592, 548.3179, 418.1823
143440.6623, 6394379.0066, 32.7641, 444.7398, 419.6527
143440.2680, 6394377.5150, 32.7393, 460.0326, 424.5797
143445.8151, 6394386.1130, 34.6833, 579.7963, 312.5392
143440.8323, 6394376.9805, 32.6360, 528.3906, 438.4731
143449.8944, 6394412.9290, 35.4863, 350.0870, 325.4923
143445.7713, 6394397.0415, 34.5108, 379.9474, 335.0076
143436.8267, 6394379.0297, 33.4188, 100.3173, 339.7942
143443.9758, 6394381.6257, 33.9823, 600.3651, 340.0807
143443.9758, 6394381.6257, 33.9823, 600.3651, 340.0807
143445.9520, 6394396.0188, 34.1619, 400.2718, 349.3388
143445.9520, 6394396.0188, 34.1619, 400.2718, 349.3388
143450.1468, 6394413.4504, 34.4902, 351.2909, 354.2430
143450.1468, 6394413.4504, 34.4902, 351.2909, 354.2430
143446.1089, 6394390.5819, 33.5598, 493.8235, 375.9411
143445.3248, 6394378.4996, 33.3554, 800.0499, 391.8693
143456.9601, 6394419.4720, 33.0894, 464.5687, 400.1096
143456.9601, 6394419.4720, 33.0894, 464.5687, 400.1096
