143441.3188, 6394377.5798, 32.8285, 540.7733, 419.7621
143441.3188, 6394377.5798, 32.8285, 540.7733, 419.7621
143441.5412, 6394377.4719, 32.7805, 563.7684, 425.7587
143441.5412, 6394377.4719, 32.7805, 563.7684, 425.7587
143442.6657, 6394376.5233, 32.8730, 701.0944, 426.2632
143442.6657, 6394376.5233, 32.8730, 701.0944, 426.2632
143441.4846, 6394377.0081, 32.7434, 578.5568, 431.0651
143438.4994, 6394389.5404, 37.9259, 99.3377, 77.3349
143447.9855, 6394375.9255, 37.2502, 1136.9430, 78.8615
143456.6561, 6394387.5523, 42.0279, 1009.6462, 12.4090
143457.8358, 6394391.1333, 42.5877, 941.8633, 28.8666
143437.8091, 6394390.0019, 37.8318, 51.1322, 80.6319
143456.6162, 6394387.9683, 41.8263, 993.9780, 25.3375
143443.0613, 6394377.9439, 37.3491, 691.0569, 25.9121
143443.1004, 6394377.9321, 37.3540, 694.5833, 25.9086
143442.8184, 6394378.0891, 37.3279, 665.8879, 26.3309
143456.6659, 6394388.5803, 41.8664, 976.3979, 29.3895
143455.0204, 6394387.1551, 40.2281, 958.3338, 80.8628
143455.0204, 6394387.1551, 40.2281, 958.3338, 80.8628
143447.6936, 6394375.6261, 37.0959, 1138.7139, 83.8291
143447.7344, 6394375.4907, 37.0148, 1150.0168, 89.6763
143456.6659, 6394388.5803, 41.8664, 976.3979, 29.3895
143449.2290, 6394379.6507, 37.8786, 996.2669, 92.2624
143442.7768, 6394381.0508, 37.8436, 550.8843, 30.6070
143447.5919, 6394375.6556, 36.9835, 1129.6655, 92.6764
143447.5846, 6394374.1824, 36.5717, 1235.5375, 109.9567
143447.5846, 6394374.1824, 36.5717, 1235.5375, 109.9567
143447.7002, 6394375.4900, 36.6608, 1145.3976, 120.5370
143447.9737, 6394378.1057, 37.0512, 1003.0898, 121.7876
143438.0672, 6394392.5143, 37.5316, 47.3090, 122.0611
143447.5652, 6394375.1953, 36.5837, 1157.4120, 121.9252
143440.9891, 6394377.5098, 32.6806, 514.3332, 432.5219
143440.9891, 6394377.5098, 32.6806, 514.3332, 432.5219
143441.2094, 6394377.4725, 32.6866, 534.9420, 433.1141
143441.2094, 6394377.4725, 32.6866, 534.9420, 433.1141
143437.9179, 6394391.9657, 37.4156, 42.1062, 123.0299
143442.7012, 6394382.0106, 37.9001, 515.3539, 39.1554
143438.6802, 6394388.5466, 37.8917, 121.0129, 71.1071
143447.7218, 6394375.1795, 37.0989, 1172.0465, 77.4810
143441.4408, 6394377.5071, 32.6044, 552.8095, 441.6940
143443.0715, 6394376.3484, 32.7283, 741.8162, 442.6998
143438.4689, 6394389.5544, 37.8720, 97.1309, 80.4277
143447.5986, 6394376.6708, 36.8464, 1063.0043, 117.4909
143442.4731, 6394381.5695, 37.8169, 513.0715, 36.0448
143442.4731, 6394381.5695, 37.8169, 513.0715, 36.0448
143443.3731, 6394381.0248, 37.8785, 592.4705, 35.9221
143438.4306, 6394393.5119, 37.5523, 60.9470, 131.1971
143454.3852, 6394384.0517, 40.4484, 1046.4874, 36.0284
143448.6747, 6394376.6034, 37.9868, 1137.4148, 37.1520
143442.2384, 6394382.5244, 37.9143, 469.2087, 39.0672
143438.3786, 6394393.4807, 37.5188, 58.1810, 132.3391
143441.0064, 6394383.5556, 37.8534, 358.4123, 41.4131
143440.1484, 6394384.0226, 37.6605, 287.5055, 50.5547
143440.1863, 6394384.0209, 37.6219, 290.0854, 53.8176
143440.1863, 6394384.0209, 37.6219, 290.0854, 53.8176
143439.7458, 6394384.5349, 37.6125, 249.0520, 55.5470
143444.5127, 6394388.0380, 37.6066, 467.0868, 138.3539
143442.7928, 6394376.4789, 35.7814, 732.6109, 146.4828
143439.9763, 6394384.0650, 37.5723, 274.0792, 55.3225
143439.9763, 6394384.0650, 37.5723, 274.0792, 55.3225
143448.1495, 6394375.9751, 37.5474, 1145.3905, 56.4813
143448.0255, 6394376.1138, 37.5342, 1128.7207, 57.8617
143439.6999, 6394387.0263, 37.9801, 206.8795, 59.9514
143448.1004, 6394375.9338, 37.4920, 1144.8903, 59.8751
143455.3120, 6394391.1561, 39.3834, 848.3900, 147.5642
143439.5076, 6394387.0329, 37.9252, 194.0002, 61.4316
143453.9145, 6394384.0041, 39.8547, 1027.3650, 63.2296
143448.0027, 6394375.4891, 37.3391, 1168.6923, 64.9784
143455.3120, 6394391.1561, 39.3834, 848.3900, 147.5642
143455.0518, 6394387.0475, 40.5326, 964.1340, 65.4656
143448.0534, 6394376.0155, 37.4119, 1136.0607, 67.2616
143454.0671, 6394389.1197, 38.9533, 859.0049, 147.5463
143439.6027, 6394387.5192, 37.9255, 193.4057, 67.8786
143439.4979, 6394387.5466, 37.8945, 186.1612, 69.0085
143439.1918, 6394388.0469, 37.8708, 159.8263, 72.5790
143454.0671, 6394389.1197, 38.9533, 859.0049, 147.5463
143439.0487, 6394389.0250, 37.9663, 139.4426, 75.2950
143454.1193, 6394389.0793, 38.9573, 862.0784, 147.4795
143455.0526, 6394387.0944, 40.3366, 961.8945, 75.3801
143448.9115, 6394378.6301, 37.8830, 1031.6245, 76.3479
143454.1193, 6394389.0793, 38.9573, 862.0784, 147.4795
143438.8187, 6394389.0450, 37.9036, 124.5404, 76.9663
143437.9828, 6394389.9987, 37.8207, 62.2084, 83.0040
143455.7215, 6394392.4871, 39.6009, 828.7744, 147.7940
143442.8055, 6394376.4765, 35.7556, 733.5944, 149.1435
143442.6324, 6394376.5525, 35.7343, 715.4246, 149.6986
143442.6324, 6394376.5525, 35.7343, 715.4246, 149.6986
143442.7145, 6394376.5357, 35.7466, 723.0554, 149.4455
143442.7145, 6394376.5357, 35.7466, 723.0554, 149.4455
143446.2642, 6394387.0432, 37.4997, 579.1053, 151.6931
143437.9828, 6394389.9987, 37.8207, 62.2084, 83.0040
143444.5314, 6394382.5626, 36.6928, 609.0339, 152.9553
143444.5314, 6394382.5626, 36.6928, 609.0339, 152.9553
143438.1517, 6394389.9960, 37.8229, 72.9319, 84.5266
143447.6517, 6394375.6728, 37.0898, 1132.9011, 84.4151
143447.6517, 6394375.6728, 37.0898, 1132.9011, 84.4151
143447.5797, 6394375.6412, 36.5929, 1127.0863, 126.7502
143448.2905, 6394378.0974, 37.4228, 1023.6560, 96.9128
143447.9187, 6394378.0171, 36.9265, 1004.0356, 129.8619
143447.7388, 6394375.9923, 36.6341, 1113.3834, 129.3808
143447.5686, 6394377.6020, 36.6676, 1005.1711, 141.9038
143447.1123, 6394390.5777, 37.9596, 538.8408, 156.0747
143454.3088, 6394386.9437, 39.5533, 936.5183, 106.5759
143447.5347, 6394375.1930, 36.7011, 1156.5756, 110.8639
143447.7335, 6394375.4731, 36.5940, 1148.1185, 126.6892
143439.9484, 6394397.4987, 37.6446, 109.5856, 161.6537
143438.1980, 6394392.9718, 37.4896, 51.5227, 128.8246
143444.5650, 6394392.9821, 37.7187, 378.5844, 164.0670
143439.0846, 6394378.5210, 35.2471, 320.5331, 171.0845
143439.2205, 6394378.4811, 35.2468, 334.5273, 172.4930
143452.1463, 6394385.0473, 38.2323, 910.3525, 144.4178
143447.7279, 6394376.5543, 36.4963, 1075.6284, 147.0712
143455.7836, 6394392.0808, 39.5631, 840.9005, 147.6543
143443.9193, 6394397.5417, 37.9187, 288.0986, 173.8760
143448.6822, 6394375.9951, 38.1575, 1179.1665, 13.1660
143447.6475, 6394374.0686, 36.9781, 1252.0706, 70.2734
143455.7836, 6394392.0808, 39.5631, 840.9005, 147.6543
143443.9193, 6394397.5417, 37.9187, 288.0986, 173.8760
143453.6490, 6394388.1371, 38.7692, 871.6763, 147.6773
143444.3405, 6394387.9716, 37.7655, 460.0515, 127.4150
143453.6490, 6394388.1371, 38.7692, 871.6763, 147.6773
143440.9510, 6394399.5210, 37.6965, 139.9256, 175.3214
143444.3405, 6394387.9716, 37.7655, 460.0515, 127.4150
143453.7054, 6394388.0930, 38.7726, 875.1261, 147.6442
143441.3067, 6394400.9869, 37.6964, 143.8483, 183.6905
143453.7054, 6394388.0930, 38.7726, 875.1261, 147.6442
143447.6925, 6394376.1009, 36.4166, 1101.9268, 148.6592
143446.0488, 6394392.4711, 37.7461, 454.1652, 169.8088
143436.5114, 6394380.0181, 34.9863, 33.1574, 178.2936
143439.0985, 6394394.9649, 37.4911, 86.1307, 148.8898
143449.0888, 6394396.5272, 37.6806, 507.1185, 207.7790
143442.6852, 6394377.0770, 35.0425, 688.9672, 221.6465
143442.7282, 6394377.0511, 35.0459, 693.6671, 221.6205
143442.7282, 6394377.0511, 35.0459, 693.6671, 221.6205
143442.3513, 6394402.4653, 33.4372, 167.2217, 359.6184
143442.6994, 6394378.0707, 33.5431, 635.8005, 361.4660
143442.6994, 6394378.0707, 33.5431, 635.8005, 361.4660
143442.7974, 6394378.0161, 33.5489, 645.6857, 361.6016
143442.7974, 6394378.0161, 33.5489, 645.6857, 361.6016
143441.8417, 6394376.9875, 33.4826, 614.4175, 361.9375
143441.8417, 6394376.9875, 33.4826, 614.4175, 361.9375
143446.4354, 6394413.4861, 38.1559, 231.9464, 227.8496
143455.7394, 6394393.0384, 39.6736, 816.0802, 147.7061
143451.4672, 6394405.9749, 38.0569, 453.5020, 231.7934
143441.1685, 6394392.9852, 33.2834, 202.4135, 365.0535
143455.7394, 6394393.0384, 39.6736, 816.0802, 147.7061
143445.1677, 6394394.0864, 33.5551, 377.7823, 365.1117
143441.9456, 6394376.9313, 33.4604, 625.6051, 364.8081
143452.5702, 6394386.1013, 38.3648, 892.3474, 147.5821
143452.5702, 6394386.1013, 38.3648, 892.3474, 147.5821
143447.7883, 6394375.9973, 36.4255, 1114.5619, 147.9835
143447.5892, 6394377.6040, 36.5880, 1005.7731, 148.5091
143450.7389, 6394406.4798, 37.9554, 425.4200, 233.5367
143452.0722, 6394385.1376, 38.1048, 903.6140, 151.3248
143444.8558, 6394387.0935, 33.5730, 492.5084, 365.8288
143450.7389, 6394406.4798, 37.9554, 425.4200, 233.5367
143446.7288, 6394413.0234, 37.9549, 243.7433, 233.8195
143443.2166, 6394382.5823, 33.4623, 512.9812, 368.0476
143441.9515, 6394376.9294, 33.4248, 625.9686, 368.2742
143439.3525, 6394395.9682, 37.5830, 91.8012, 152.1453
143447.9661, 6394376.3652, 36.4406, 1101.3312, 152.6608
143446.6331, 6394413.0514, 37.9024, 240.6079, 235.1129
143446.2189, 6394387.5945, 37.5003, 563.1722, 154.9941
143439.5846, 6394396.5006, 37.5948, 99.4102, 156.1873
143447.1614, 6394391.0140, 38.0119, 532.0660, 156.3800
143444.4321, 6394382.6241, 36.6336, 600.8120, 156.5810
143446.7616, 6394413.0256, 37.8492, 244.5462, 237.0795
143445.8285, 6394392.4746, 37.9855, 444.9792, 156.9005
143445.4611, 6394389.0881, 33.3493, 479.0723, 379.0116
143442.1726, 6394380.1195, 33.2535, 517.1115, 380.8726
143442.1726, 6394380.1195, 33.2535, 517.1115, 380.8726
143442.0055, 6394376.9028, 33.2553, 630.6735, 384.9132
143442.0055, 6394376.9028, 33.2553, 630.6735, 384.9132
143443.2242, 6394383.0857, 33.1829, 498.0633, 386.9125
143445.1093, 6394392.5195, 37.8439, 411.3970, 159.1095
143442.8618, 6394382.1094, 33.1571, 502.3909, 388.5940
143446.7616, 6394413.0256, 37.8492, 244.5462, 237.0795
143440.3277, 6394381.5283, 34.8960, 344.9551, 239.0185
143440.3277, 6394381.5283, 34.8960, 344.9551, 239.0185
143443.1884, 6394383.1014, 33.1493, 495.2398, 389.0423
143441.4517, 6394377.5463, 33.0679, 554.7986, 398.0490
143441.6101, 6394377.4682, 33.0040, 571.0203, 405.1299
143441.6101, 6394377.4682, 33.0040, 571.0203, 405.1299
143442.4297, 6394381.1148, 32.8976, 501.8453, 407.9359
143442.6292, 6394377.1178, 33.0435, 670.2237, 407.8460
143443.4744, 6394384.1120, 32.8043, 484.5252, 411.2623
143443.4744, 6394384.1120, 32.8043, 484.5252, 411.2623
143442.4437, 6394376.6274, 32.9864, 678.4914, 413.9077
143442.5174, 6394376.5844, 32.9390, 686.3665, 418.9836
143442.5174, 6394376.5844, 32.9390, 686.3665, 418.9836
143446.8361, 6394391.9505, 38.0072, 499.1403, 159.7061
143439.8602, 6394396.9879, 37.6631, 109.3128, 157.4967
143447.6170, 6394377.6087, 36.4654, 1006.3849, 158.6319
143448.0010, 6394417.0291, 38.1366, 251.6100, 240.7273
143441.4341, 6394378.1051, 32.7928, 529.4998, 421.6090
143441.4341, 6394378.1051, 32.7928, 529.4998, 421.6090
143441.5401, 6394378.6257, 32.7728, 518.4413, 421.9253
143441.5401, 6394378.6257, 32.7728, 518.4413, 421.9253
143442.6747, 6394376.5181, 32.9073, 702.3070, 423.0437
143442.6218, 6394376.5211, 32.8511, 697.4937, 428.1677
143441.4873, 6394377.4913, 32.7392, 558.1739, 429.3073
143442.8180, 6394376.4869, 32.8233, 714.9488, 431.8761
143442.8180, 6394376.4869, 32.8233, 714.9488, 431.8761
143441.4742, 6394377.0122, 32.6997, 577.2159, 435.2169
143442.9034, 6394376.4626, 32.7949, 722.8757, 435.0787
143442.9034, 6394376.4626, 32.7949, 722.8757, 435.0787
143443.0368, 6394376.3730, 32.7589, 737.9597, 439.5184
143447.8433, 6394392.1082, 36.3318, 534.4489, 245.5654
143446.9166, 6394389.6144, 35.8128, 544.1546, 258.5540
143446.2044, 6394387.5985, 35.6409, 556.0643, 257.5325
143446.9166, 6394389.6144, 35.8128, 544.1546, 258.5540
143444.9769, 6394392.9691, 37.8505, 397.9321, 160.4141
143444.9382, 6394392.9958, 37.7697, 395.5293, 164.1733
143446.7699, 6394389.1163, 35.7321, 548.1705, 260.4589
143445.6825, 6394392.4749, 37.7946, 437.9261, 165.0899
143444.9382, 6394392.9958, 37.7697, 395.5293, 164.1733
143442.6744, 6394396.4510, 35.2938, 240.5266, 278.9508
143445.0147, 6394392.5803, 37.6730, 405.5987, 167.0901
143446.7821, 6394391.9639, 37.8974, 496.2146, 164.6793
143442.6744, 6394396.4510, 35.2938, 240.5266, 278.9508
143445.0215, 6394393.0122, 37.7122, 398.8778, 167.5667
143445.5587, 6394395.5077, 38.0265, 384.4269, 169.2237
143439.2445, 6394378.4879, 35.2781, 336.7413, 169.8367
143440.5273, 6394398.9954, 37.6958, 125.1018, 170.4265
143443.7508, 6394398.4780, 38.0410, 270.5700, 172.0071
143447.9691, 6394378.5659, 36.4521, 974.8979, 171.7828
143443.7350, 6394398.4750, 37.9544, 269.7581, 175.5523
143440.9374, 6394399.9897, 37.7236, 135.7172, 176.2098
143441.1359, 6394400.0161, 37.7184, 144.1394, 177.6700
143441.0452, 6394399.9763, 37.6786, 140.4353, 178.6558
143441.3625, 6394400.9851, 37.7497, 146.3164, 181.8025
143441.3625, 6394400.9851, 37.7497, 146.3164, 181.8025
143437.2049, 6394381.4757, 35.1852, 83.5489, 182.3988
143443.0057, 6394402.5390, 38.0480, 200.8494, 184.8574
143453.1265, 6394405.6150, 36.8152, 504.6428, 276.6696
143448.5970, 6394379.4285, 36.4046, 965.8265, 187.9738
143439.9683, 6394381.0580, 34.2977, 325.7149, 282.2821
143439.9683, 6394381.0580, 34.2977, 325.7149, 282.2821
143442.2166, 6394402.9517, 37.8912, 166.1937, 188.5099
143449.2420, 6394382.1874, 36.5533, 878.5183, 201.1259
143444.1621, 6394400.9686, 35.1484, 254.9710, 298.2888
143449.0188, 6394380.9690, 36.3805, 917.0051, 203.3457
143443.6974, 6394400.4915, 34.8635, 240.8116, 307.2652
143444.1620, 6394407.9582, 38.0063, 199.6884, 209.8953
143442.6885, 6394402.5377, 38.0517, 188.4298, 183.0943
143448.0789, 6394408.4236, 35.2282, 318.8375, 315.1359
143441.4634, 6394400.9731, 37.6972, 150.5616, 184.4427
143441.4634, 6394400.9731, 37.6972, 150.5616, 184.4427
143440.1647, 6394380.9999, 34.2778, 342.7370, 285.3026
143440.1647, 6394380.9999, 34.2778, 342.7370, 285.3026
143443.3671, 6394398.9763, 34.1407, 241.1012, 334.2039
143443.3671, 6394398.9763, 34.1407, 241.1012, 334.2039
143447.9497, 6394407.9407, 34.5123, 318.1378, 337.3930
143450.6068, 6394401.0217, 37.7480, 491.0608, 226.3162
143443.1281, 6394379.0892, 34.2711, 629.5131, 303.3623
143437.3868, 6394381.9651, 35.1995, 93.5931, 187.5009
143448.6152, 6394381.1961, 36.5901, 887.6405, 187.4540
143448.8815, 6394381.6663, 36.6506, 881.9985, 188.8136
143437.5018, 6394382.4721, 35.2431, 97.1374, 189.3096
143446.2533, 6394393.9716, 33.8738, 427.1729, 354.2321
143448.8977, 6394381.6756, 36.5400, 881.9103, 196.1649
143449.2137, 6394382.1969, 36.6189, 877.0552, 196.8319
143443.7248, 6394398.9949, 33.5254, 254.4010, 360.6616
143443.7248, 6394398.9949, 33.5254, 254.4010, 360.6616
143443.1516, 6394397.9654, 33.2870, 240.7229, 369.2358
143447.7515, 6394400.9893, 35.0722, 388.1003, 313.5874
143439.1724, 6394378.5283, 33.0159, 317.2241, 387.5695
143451.2714, 6394385.1750, 36.8298, 863.4821, 214.8334
143456.5240, 6394420.4725, 33.1159, 428.8856, 389.9700
143446.5964, 6394392.6146, 32.9243, 462.4028, 399.5821
143445.8891, 6394397.5385, 34.5787, 361.5204, 323.8597
143446.5964, 6394392.6146, 32.9243, 462.4028, 399.5821
143441.8232, 6394379.0967, 32.9318, 524.5512, 407.9052
143441.8232, 6394379.0967, 32.9318, 524.5512, 407.9052
143440.8635, 6394377.5308, 32.6750, 502.4904, 432.3943
143441.0919, 6394377.4982, 32.6532, 523.5696, 435.6397
143445.9276, 6394396.9890, 34.5344, 370.3531, 325.4486
143445.8011, 6394397.5434, 34.5099, 357.7881, 326.4029
143443.6045, 6394380.6389, 33.9332, 602.6258, 335.8068
143446.5660, 6394394.9580, 34.2546, 425.4428, 338.5622
143443.6846, 6394380.6014, 33.8507, 608.8967, 342.5148
143443.9697, 6394381.0419, 33.8125, 611.9029, 347.1631
143445.0701, 6394395.5354, 33.6866, 352.9152, 358.5492
143442.5553, 6394376.5614, 33.5595, 694.5831, 359.6675
143445.0410, 6394394.5678, 33.5972, 365.2163, 362.6469
143441.7290, 6394376.9990, 33.4690, 604.2841, 362.4655
143441.9833, 6394376.9113, 33.4294, 629.4951, 368.0584
143441.9833, 6394376.9113, 33.4294, 629.4951, 368.0584
143441.9069, 6394376.9545, 33.4189, 621.0300, 368.5202
143443.9032, 6394384.6028, 33.4740, 499.8349, 369.1388
143441.9790, 6394376.9147, 33.4021, 628.8095, 370.6497
143442.6206, 6394376.5329, 33.4359, 700.5565, 372.0179
143448.5284, 6394397.0897, 33.5714, 467.3965, 373.0468
143444.7320, 6394387.0865, 33.3906, 485.5578, 375.7444
143442.6889, 6394378.0773, 33.3787, 633.7839, 375.8678
143441.9493, 6394376.9347, 33.2471, 624.4446, 385.3031
143442.8014, 6394378.0152, 33.2684, 644.4290, 386.3026
143441.8116, 6394379.1155, 33.0883, 523.7842, 394.4416
143441.8116, 6394379.1155, 33.0883, 523.7842, 394.4416
143441.8010, 6394379.1204, 33.0554, 522.6187, 397.1819
143442.7895, 6394377.6404, 33.1156, 659.1745, 400.6193
143442.5788, 6394377.1463, 33.1015, 665.2127, 402.1270
143441.3461, 6394377.5888, 32.9858, 543.6415, 405.0770
143442.8269, 6394376.4806, 32.8553, 716.1938, 428.8884
143442.8687, 6394376.4542, 32.8215, 720.6931, 432.4274
143442.9280, 6394376.4469, 32.8251, 725.8519, 432.3783
143451.4434, 6394405.5744, 38.0603, 457.6782, 230.6416
143451.4434, 6394405.5744, 38.0603, 457.6782, 230.6416
143446.5004, 6394413.4917, 38.0442, 233.6753, 231.3927
143446.5004, 6394413.4917, 38.0442, 233.6753, 231.3927
143451.9576, 6394405.9633, 38.0682, 468.2893, 233.2263
143447.9838, 6394391.5327, 36.7303, 553.1345, 225.6734
143446.8841, 6394412.9925, 37.8803, 248.4818, 236.5009
143440.5854, 6394381.4854, 34.9395, 365.9678, 237.6436
143440.3907, 6394381.5073, 34.9068, 350.3755, 238.6129
143447.1061, 6394413.0174, 37.8142, 254.7700, 239.2641
143445.5063, 6394407.9999, 26.1854, 225.3454, 602.3422
143448.3641, 6394378.0276, 37.4247, 1031.6281, 96.8478
143448.3319, 6394378.6337, 37.3249, 996.6514, 110.8926
143447.6305, 6394375.1037, 36.6474, 1168.5406, 115.9102
143443.9981, 6394387.9807, 37.7909, 441.8846, 123.0794
143447.7413, 6394378.0721, 36.7412, 989.7468, 142.7658
143447.6377, 6394377.1406, 36.6038, 1035.4055, 143.1617
143447.7342, 6394377.4907, 36.5001, 1020.1374, 156.0796
143452.5575, 6394387.0884, 36.6284, 853.9058, 240.6709
143452.5575, 6394387.0884, 36.6284, 853.9058, 240.6709
143448.4151, 6394417.9809, 38.1560, 256.2690, 243.1902
143446.9889, 6394391.9664, 37.8485, 505.0328, 168.3938
143439.2842, 6394387.4847, 35.1038, 164.6962, 244.2547
143440.8485, 6394399.9741, 35.6672, 127.9903, 262.2366
143451.9693, 6394404.4855, 38.0912, 487.4482, 228.9881
143440.8485, 6394399.9741, 35.6672, 127.9903, 262.2366
143449.5831, 6394396.0937, 36.5854, 530.0969, 253.6329
143449.5996, 6394396.0880, 37.1876, 532.2988, 229.0278
143451.3315, 6394401.0328, 37.7403, 514.6242, 229.6678
143442.4612, 6394403.9539, 35.6727, 164.1255, 276.4923
143437.4010, 6394379.4721, 33.8487, 127.3621, 294.7213
143448.9477, 6394395.1225, 36.0029, 521.6599, 272.9016
143443.5992, 6394406.4471, 37.0569, 189.8225, 236.1534
143451.3281, 6394401.1193, 37.5122, 512.7541, 238.0288
143456.6534, 6394387.6345, 42.1251, 1007.1969, 8.6187
143456.6534, 6394387.6345, 42.1251, 1007.1969, 8.6187
143456.7380, 6394387.4564, 42.0804, 1015.8304, 9.7563
143448.1439, 6394375.4308, 37.6039, 1183.1853, 42.9161
143441.0544, 6394383.9902, 37.7642, 351.5783, 54.1400
143448.0406, 6394376.1108, 37.4993, 1129.5688, 61.0187
143453.7737, 6394384.0919, 39.7634, 1017.9893, 67.7019
143454.9763, 6394387.1309, 40.4296, 958.2632, 70.5326
143443.5105, 6394386.0628, 37.9071, 457.7473, 94.9557
143447.5452, 6394374.7116, 36.6925, 1192.7031, 105.3274
143443.5986, 6394387.9738, 37.9227, 421.0856, 111.9227
143447.5284, 6394375.2090, 36.6718, 1154.8180, 113.6337
143453.1761, 6394405.5730, 36.9165, 506.8183, 273.5428
143444.2926, 6394387.9569, 37.9619, 458.4982, 115.7154
143447.6027, 6394374.7111, 36.5649, 1195.3308, 117.9839
143453.1761, 6394405.5730, 36.9165, 506.8183, 273.5428
143442.5735, 6394404.4897, 34.8759, 163.0404, 307.1294
143451.4885, 6394401.0471, 36.5272, 516.9033, 273.6005
143442.5735, 6394404.4897, 34.8759, 163.0404, 307.1294
143458.4869, 6394418.9701, 38.0319, 493.3996, 275.0946
143445.9722, 6394396.0074, 34.2839, 385.3347, 335.6700
143449.0604, 6394410.4223, 34.1840, 328.3795, 350.6881
143458.2320, 6394418.9849, 37.9983, 487.5397, 275.3039
143449.0604, 6394410.4223, 34.1840, 328.3795, 350.6881
143447.7511, 6394375.4575, 36.5803, 1150.1786, 127.9517
143441.9226, 6394397.4935, 33.4798, 192.1709, 357.3065
143444.1661, 6394388.0037, 37.6649, 449.8754, 131.8854
143447.8508, 6394378.0869, 36.8983, 996.1785, 131.9828
143444.2432, 6394399.4770, 33.2235, 269.6999, 374.2062
143444.8049, 6394387.6088, 33.1057, 476.8009, 391.5430
143445.0716, 6394377.5984, 33.2061, 826.7540, 404.2665
143440.9713, 6394378.4837, 32.7248, 476.6317, 424.1869
143447.5473, 6394377.6080, 36.7174, 1003.8867, 137.7388
143452.1269, 6394385.0424, 38.3150, 910.0474, 139.7662
143446.1995, 6394390.9813, 37.9686, 489.5320, 151.5851
143445.8498, 6394391.0709, 37.9048, 471.6045, 152.8227
143448.1222, 6394417.4417, 38.0191, 251.8972, 245.0535
143448.5662, 6394376.1462, 38.1063, 1161.9843, 18.2082
143448.5662, 6394376.1462, 38.1063, 1161.9843, 18.2082
143448.1911, 6394374.9314, 37.6529, 1222.9547, 30.8687
143454.1315, 6394384.0168, 40.1045, 1036.4865, 51.8327
143448.7596, 6394376.9997, 37.9015, 1116.7252, 51.2203
143440.7921, 6394384.0309, 37.6427, 332.2789, 60.0513
143440.7921, 6394384.0309, 37.6427, 332.2789, 60.0513
143448.1757, 6394378.1255, 37.2905, 1014.8813, 105.9871
143448.1757, 6394378.1255, 37.2905, 1014.8813, 105.9871
143447.5487, 6394375.6583, 36.8186, 1125.6436, 106.6551
143446.4260, 6394391.9732, 37.9059, 480.4221, 161.9487
143438.2963, 6394385.0078, 35.0366, 127.2812, 229.5425
143440.0742, 6394381.0269, 34.2930, 334.9289, 283.4215
143448.2362, 6394379.5253, 36.7583, 943.5528, 159.9025
143445.6351, 6394392.5064, 37.7107, 435.0264, 168.9809
143447.8133, 6394377.5353, 36.3544, 1021.3035, 168.9557
143446.2839, 6394392.0656, 37.7004, 471.8302, 171.4029
143446.2122, 6394387.5893, 35.2342, 555.2930, 279.8940
143437.1097, 6394379.9860, 33.4737, 88.3198, 329.3116
143443.4416, 6394397.9766, 34.3217, 255.1369, 326.3201
143448.6362, 6394376.0526, 38.1448, 1172.5514, 14.4791
143448.8420, 6394376.4589, 38.2132, 1157.6844, 18.8098
143456.4488, 6394387.6643, 41.7806, 997.9368, 23.2374
143443.2697, 6394379.6108, 37.7261, 637.1113, 24.8815
143448.7710, 6394376.5196, 38.1178, 1149.1078, 26.5414
143450.7898, 6394399.9956, 38.0763, 512.9861, 212.1180
143437.3755, 6394379.5038, 33.4251, 122.3791, 335.4461
143441.9217, 6394382.0856, 37.8763, 459.7447, 31.3808
143446.5263, 6394388.6254, 35.8412, 548.1944, 251.8802
143456.3228, 6394388.1404, 41.5878, 977.5577, 35.4368
143442.4784, 6394403.4877, 33.8161, 165.0224, 345.5934
143457.0048, 6394389.0743, 42.0957, 973.3196, 26.1927
143443.4264, 6394380.1157, 37.8274, 628.9543, 27.0184
143443.5276, 6394380.4833, 37.9144, 622.4930, 27.2729
143456.3228, 6394388.1404, 41.5878, 977.5577, 35.4368
143450.7898, 6394399.9956, 38.0763, 512.9861, 212.1180
143444.2822, 6394399.4664, 33.2409, 271.4081, 373.6163
143442.0207, 6394382.5355, 37.8912, 454.0313, 38.0239
143441.5815, 6394380.9773, 32.7627, 444.6925, 415.1559
143442.0207, 6394382.5355, 37.8912, 454.0313, 38.0239
143442.1500, 6394382.5454, 37.9210, 462.6721, 37.6918
143442.1500, 6394382.5454, 37.9210, 462.6721, 37.6918
143442.3071, 6394383.0327, 37.9299, 459.8482, 45.7035
143441.1452, 6394383.9629, 37.8937, 358.8508, 45.7222
143440.9077, 6394383.9745, 37.8362, 342.1788, 46.9560
143440.9077, 6394383.9745, 37.8362, 342.1788, 46.9560
143448.5175, 6394376.6111, 37.8231, 1126.9178, 48.3905
143440.5607, 6394383.9862, 37.7411, 317.5719, 49.5178
143440.3187, 6394384.0132, 37.6806, 299.8242, 51.1523
143440.3187, 6394384.0132, 37.6806, 299.8242, 51.1523
143448.2037, 6394376.0038, 37.6307, 1147.2258, 50.6174
143440.3319, 6394384.0286, 37.5934, 300.1170, 57.8193
143438.7264, 6394388.0526, 37.8741, 129.4592, 67.4171
143447.7893, 6394375.1771, 37.1918, 1177.0493, 70.1022
143449.4996, 6394379.5799, 38.1414, 1015.1224, 76.1880
143447.8877, 6394375.9807, 37.1574, 1126.7538, 86.2142
143447.8877, 6394375.9807, 37.1574, 1126.7538, 86.2142
143447.6401, 6394375.5312, 36.9068, 1140.6533, 98.4546
143447.5873, 6394374.1475, 36.6680, 1239.3174, 100.2947
143454.0344, 6394386.2070, 39.4910, 950.4387, 102.0360
143447.5808, 6394375.5767, 36.7984, 1133.0811, 107.8240
143447.5808, 6394375.5767, 36.7984, 1133.0811, 107.8240
143447.5808, 6394375.5767, 36.7984, 1133.0811, 107.8240
143453.7011, 6394386.5581, 38.9069, 923.7394, 131.3771
143453.7011, 6394386.5581, 38.9069, 923.7394, 131.3771
143445.8581, 6394386.0928, 34.9213, 573.7674, 292.2172
143446.1772, 6394387.0891, 34.9824, 564.8849, 292.5313
143445.4226, 6394385.1321, 34.7929, 575.9232, 295.3622
143442.0396, 6394402.9578, 35.0434, 154.0107, 297.2483
143448.2448, 6394376.1731, 37.7529, 1139.1821, 43.4846
143446.5912, 6394388.6037, 35.7622, 551.5135, 256.3583
143454.0106, 6394383.9880, 39.9489, 1032.1901, 58.8552
143447.8562, 6394374.5099, 37.1656, 1231.2173, 63.0704
143451.1185, 6394384.6491, 36.5904, 873.9741, 224.6609
143454.1393, 6394385.0076, 39.9596, 998.6406, 68.8916
143447.6590, 6394374.9980, 36.8679, 1179.7051, 94.8581
143446.1534, 6394387.6221, 35.5717, 552.7545, 261.1100
143439.7437, 6394388.4444, 35.2917, 182.1855, 239.7756
143443.7076, 6394387.0481, 37.9039, 446.5397, 106.1008
143446.1534, 6394387.6221, 35.5717, 552.7545, 261.1100
143448.3428, 6394395.5776, 37.9694, 495.4794, 188.1219
143464.6060, 6394405.6598, 46.6859, 819.9855, 27.7558
143448.9112, 6394419.4430, 37.1286, 258.0504, 274.0177
143445.4383, 6394385.1199, 34.7386, 576.9017, 298.7189
143445.4383, 6394385.1199, 34.7386, 576.9017, 298.7189
143444.5155, 6394382.6148, 34.4991, 596.9205, 303.6251
143441.5195, 6394401.4577, 35.2475, 144.5773, 285.1269
143464.6060, 6394405.6598, 46.6859, 819.9855, 27.7558
143441.5195, 6394401.4577, 35.2475, 144.5773, 285.1269
143457.8358, 6394391.1333, 42.5877, 941.8633, 28.8666
143440.4281, 6394390.4436, 35.3640, 197.8150, 247.6486
143446.0005, 6394397.0450, 35.0177, 373.6260, 305.5196
143446.2589, 6394387.5623, 34.7710, 556.6752, 305.4947
143446.1261, 6394387.6266, 34.7462, 548.5244, 306.2950
143446.4378, 6394398.5596, 35.0453, 370.5954, 307.7352
143445.6227, 6394393.4866, 33.6230, 407.2052, 363.6628
143445.6227, 6394393.4866, 33.6230, 407.2052, 363.6628
143452.1820, 6394385.0370, 38.1546, 911.8872, 148.8279
143445.6227, 6394393.4866, 33.6230, 407.2052, 363.6628
143439.5821, 6394378.4939, 33.0091, 356.1654, 390.7112
143449.6298, 6394396.5973, 35.2718, 520.0419, 308.0173
143442.5063, 6394384.9714, 32.8229, 405.0628, 404.6945
143452.1820, 6394385.0370, 38.1546, 911.8872, 148.8279
143448.8267, 6394384.3826, 32.8720, 763.6303, 423.6254
143446.6822, 6394390.4797, 38.0004, 521.7034, 150.4037
143444.5571, 6394383.1348, 34.4474, 583.1093, 308.3547
143447.4910, 6394391.1205, 35.8151, 537.8212, 265.5158
143445.4495, 6394385.1158, 35.2136, 579.4109, 269.9369
143445.4495, 6394385.1158, 35.2136, 579.4109, 269.9369
143447.8125, 6394392.1257, 35.7645, 531.2079, 271.8999
143447.8125, 6394392.1257, 35.7645, 531.2079, 271.8999
143448.1584, 6394376.5557, 37.4126, 1107.0233, 76.3670
143453.3809, 6394384.5929, 39.1850, 980.9431, 99.8373
143447.6979, 6394374.5761, 36.6414, 1212.1564, 110.4640
143445.4433, 6394385.1291, 34.4631, 575.8790, 315.4607
143446.2030, 6394396.5180, 34.7579, 388.5296, 316.6500
143440.3529, 6394380.9360, 34.3101, 359.4048, 283.9453
143440.3529, 6394380.9360, 34.3101, 359.4048, 283.9453
143446.6973, 6394391.9808, 37.8020, 491.9143, 168.7843
143448.7128, 6394381.1402, 36.7607, 895.8672, 176.6104
143448.3306, 6394379.5231, 36.4064, 946.8898, 186.0301
143445.3565, 6394402.4746, 35.2914, 285.2385, 298.9472
143444.4807, 6394400.9732, 34.5531, 266.1200, 322.5669
143442.8994, 6394378.6587, 37.4626, 647.9003, 25.5920
143443.2010, 6394380.6204, 37.8161, 594.8051, 32.3579
143443.2010, 6394380.6204, 37.8161, 594.8051, 32.3579
143445.7607, 6394396.0836, 34.1652, 375.2761, 340.0734
143442.4336, 6394396.5225, 35.0768, 228.4295, 287.7404
143464.8734, 6394406.6643, 46.7778, 809.4026, 32.0722
143448.6926, 6394376.6279, 38.0588, 1137.3364, 31.9118
143442.0650, 6394382.0826, 37.8614, 469.7118, 34.4402
143448.2939, 6394376.1027, 37.7988, 1147.0377, 39.2327
143440.5250, 6394384.0141, 37.6633, 314.2028, 55.0294
143448.4761, 6394376.6076, 37.7363, 1124.1948, 54.8684
143448.1265, 6394376.0003, 37.5477, 1142.3445, 56.4924
143448.0881, 6394375.4951, 37.4496, 1174.1707, 56.6460
143454.0554, 6394384.5273, 39.9612, 1013.2728, 63.6843
143447.7524, 6394375.1981, 37.2458, 1173.6750, 64.9890
143445.0094, 6394401.4579, 34.9097, 282.0270, 311.0187
143449.3089, 6394379.1123, 38.0953, 1028.6410, 71.6354
143447.8956, 6394376.0241, 37.2469, 1124.9594, 79.2423
143447.8956, 6394376.0241, 37.2469, 1124.9594, 79.2423
143447.5680, 6394374.0910, 36.8783, 1244.4215, 78.9464
143437.8104, 6394390.0000, 37.8412, 51.2541, 80.0560
143455.0983, 6394387.4970, 40.2273, 950.0725, 84.1913
143447.8701, 6394375.4388, 37.0758, 1162.3384, 85.5149
143444.1291, 6394382.1258, 34.1345, 587.2766, 325.7150
143443.3268, 6394379.5873, 33.9932, 622.6755, 328.3398
143437.6015, 6394390.5093, 37.7687, 33.9060, 87.2498
143445.0094, 6394401.4579, 34.9097, 282.0270, 311.0187
143437.6015, 6394390.5093, 37.7687, 33.9060, 87.2498
143447.6329, 6394375.6289, 36.9337, 1133.6440, 97.2881
143444.6737, 6394399.9607, 33.3474, 281.8237, 370.2061
143445.2436, 6394377.4674, 33.3124, 845.6977, 396.4957
143454.4961, 6394387.0117, 39.7707, 942.0728, 97.8685
143454.2091, 6394386.6675, 39.5151, 941.7126, 105.6684
143454.2091, 6394386.6675, 39.5151, 941.7126, 105.6684
143445.4446, 6394394.5098, 33.7892, 384.0011, 355.3228
143453.0545, 6394385.6026, 39.0605, 931.2699, 111.6432
143447.6883, 6394375.4788, 36.7380, 1146.0197, 113.3970
143445.4446, 6394394.5098, 33.7892, 384.0011, 355.3228
143453.1022, 6394385.5939, 38.9497, 933.0370, 117.7633
143453.1022, 6394385.5939, 38.9497, 933.0370, 117.7633
143447.5622, 6394376.6631, 36.7456, 1060.6240, 125.3624
143445.1216, 6394395.0333, 33.7297, 362.2951, 356.8783
143454.5606, 6394384.1641, 40.7539, 1050.1689, 22.4904
143445.8709, 6394393.4917, 33.7489, 418.2600, 358.6883
143445.0473, 6394395.5441, 33.6252, 351.6791, 361.1762
143445.0389, 6394394.5698, 33.5266, 364.9230, 365.8274
143445.0389, 6394394.5698, 33.5266, 364.9230, 365.8274
143445.1303, 6394394.0726, 33.2613, 375.6140, 378.4126
143445.9003, 6394393.4510, 33.3290, 419.1074, 378.0727
143443.7575, 6394384.6044, 33.2391, 490.3906, 383.4644
143458.2174, 6394393.4975, 43.2422, 893.2587, 23.8983
143444.6614, 6394399.4814, 33.0132, 285.8703, 383.7291
143443.4544, 6394380.4983, 37.9088, 616.9551, 26.8856
143445.9384, 6394390.6102, 33.2652, 471.0600, 383.5468
143447.6026, 6394395.1049, 33.2385, 462.5064, 385.6508
143445.0807, 6394377.5875, 33.4000, 829.0966, 388.0545
143449.7086, 6394403.4630, 32.9750, 419.6207, 393.5279
143439.4073, 6394378.4952, 32.9525, 339.7508, 395.0681
143439.4073, 6394378.4952, 32.9525, 339.7508, 395.0681
143441.4834, 6394378.0963, 33.0265, 535.2025, 400.6122
143443.3279, 6394383.6084, 32.8624, 489.0383, 408.0428
143443.3279, 6394383.6084, 32.8624, 489.0383, 408.0428
143440.6863, 6394379.5104, 32.7675, 419.3718, 415.4330
143441.9367, 6394379.6014, 32.8162, 514.9470, 416.6049
143440.5035, 6394377.9716, 32.7320, 454.6736, 423.3954
143453.8921, 6394386.9789, 38.9989, 917.6551, 131.0083
143447.6254, 6394375.1733, 36.4762, 1161.9045, 132.1718
143438.5978, 6394394.0053, 37.6121, 66.7355, 132.7969
143447.7790, 6394375.9711, 36.5586, 1116.6794, 136.1512
143447.8262, 6394375.9574, 36.4216, 1119.4580, 148.3654
143446.1341, 6394387.1097, 34.9148, 561.9977, 296.1197
143445.6339, 6394392.4782, 37.9790, 436.1956, 155.9120
143447.7662, 6394378.1014, 36.5365, 988.3777, 159.2024
143444.8270, 6394392.9862, 37.8181, 390.7578, 161.0577
143466.2172, 6394409.6057, 47.7578, 794.0585, 27.5487
143445.4652, 6394392.4602, 37.8399, 428.5397, 161.3742
143466.2172, 6394409.6057, 47.7578, 794.0585, 27.5487
143445.4652, 6394392.4602, 37.8399, 428.5397, 161.3742
143447.9009, 6394378.6155, 36.4999, 968.7602, 167.8883
143445.0840, 6394392.5417, 37.7630, 409.6517, 162.9819
143440.2178, 6394397.9728, 35.9988, 115.3248, 239.5737
143440.2178, 6394397.9728, 35.9988, 115.3248, 239.5737
143445.6305, 6394385.6395, 34.7288, 573.1106, 301.3651
143445.0840, 6394392.5417, 37.7630, 409.6517, 162.9819
143441.6871, 6394398.0244, 33.8580, 177.5037, 340.1132
143442.6784, 6394397.9842, 33.6430, 220.9528, 352.6313
143445.4070, 6394378.4373, 33.4427, 809.2567, 384.8161
143442.6084, 6394377.1255, 32.6201, 665.6179, 446.9041
143465.0106, 6394406.6034, 46.9498, 813.8552, 27.5902
143464.2544, 6394404.6380, 46.4246, 828.9840, 27.6926
143442.5548, 6394400.0000, 34.8814, 198.9755, 301.7808
143464.0175, 6394403.5398, 46.1644, 842.4813, 27.7814
143460.8677, 6394398.1603, 44.5376, 864.9550, 27.8068
143458.0864, 6394391.9073, 42.7890, 929.1631, 28.6537
143447.8739, 6394378.6419, 36.4871, 965.8087, 168.7969
143448.0810, 6394379.6977, 36.5724, 925.8876, 173.0765
143447.9818, 6394392.0454, 35.0377, 537.8464, 306.3022
143458.0864, 6394391.9073, 42.7890, 929.1631, 28.6537
143443.0540, 6394377.9584, 37.3160, 689.6427, 29.0181
143443.0540, 6394377.9584, 37.3160, 689.6427, 29.0181
143442.8334, 6394378.0902, 37.2967, 666.8025, 29.3994
143442.8334, 6394378.0902, 37.2967, 666.8025, 29.3994
143443.3403, 6394379.5895, 37.6702, 642.6356, 30.1950
143442.6663, 6394381.1041, 37.8332, 541.4245, 30.6463
143443.5048, 6394380.5470, 37.8749, 618.4048, 30.9963
143443.5048, 6394380.5470, 37.8749, 618.4048, 30.9963
143464.8710, 6394406.6620, 46.7903, 809.4127, 31.6919
143448.3733, 6394376.1153, 37.8892, 1151.4368, 33.0022
143442.3658, 6394382.0695, 37.8722, 490.7894, 37.5476
143442.3658, 6394382.0695, 37.8722, 490.7894, 37.5476
143443.1736, 6394381.5374, 37.9179, 561.9877, 37.5425
143442.3036, 6394382.0974, 37.8624, 485.6817, 37.8319
143441.9524, 6394382.5690, 37.8618, 448.3148, 39.7555
143454.2644, 6394384.0446, 40.2914, 1041.3926, 43.2660
143440.3269, 6394383.9959, 37.7465, 300.9978, 46.2583
143440.2198, 6394383.9990, 37.6795, 293.1122, 49.7820
143440.2198, 6394383.9990, 37.6795, 293.1122, 49.7820
143439.8195, 6394384.5421, 37.5886, 254.0669, 58.2722
143455.0989, 6394387.0153, 40.4597, 966.6434, 69.1320
143455.0168, 6394387.0965, 40.4284, 960.8602, 70.6470
143438.4994, 6394389.5404, 37.9259, 99.3377, 77.3349
143448.8293, 6394410.4440, 35.4619, 323.4128, 311.4274
143448.8293, 6394410.4440, 35.4619, 323.4128, 311.4274
143444.5895, 6394383.1246, 34.4042, 585.1533, 311.4108
143444.5895, 6394383.1246, 34.4042, 585.1533, 311.4108
143445.6358, 6394385.6327, 34.5517, 572.9201, 311.8754
143445.6358, 6394385.6327, 34.5517, 572.9201, 311.8754
143448.1363, 6394379.6644, 36.5163, 930.1762, 177.3648
143448.0783, 6394379.1333, 36.4187, 952.1155, 179.8431
143448.0783, 6394379.1333, 36.4187, 952.1155, 179.8431
143448.8950, 6394381.6416, 36.7195, 884.0188, 184.3043
143448.1763, 6394379.6585, 36.3832, 931.9251, 187.2131
143443.9454, 6394381.6355, 34.0797, 591.4490, 327.9763
143443.9454, 6394381.6355, 34.0797, 591.4490, 327.9763
143443.9726, 6394381.6276, 34.0221, 593.1772, 332.2737
143446.6654, 6394394.9156, 34.3513, 430.4381, 334.6658
143443.7797, 6394381.1345, 33.9485, 597.0173, 336.0915
143443.7797, 6394381.1345, 33.9485, 597.0173, 336.0915
143443.9908, 6394381.6236, 33.9162, 593.9891, 339.9824
143446.0491, 6394394.5774, 34.0019, 409.2323, 347.8390
143442.0654, 6394402.4492, 37.7900, 163.9043, 189.7548
143456.5517, 6394388.0823, 41.9241, 988.4562, 21.2950
143446.0491, 6394394.5774, 34.0019, 409.2323, 347.8390
143444.3987, 6394382.5465, 33.8353, 589.1742, 348.1969
143444.2775, 6394382.6075, 33.8255, 579.8825, 348.2474
143444.1107, 6394381.5665, 33.8002, 602.9524, 348.9516
143456.2675, 6394387.6431, 41.5551, 991.5378, 32.0615
143456.2675, 6394387.6431, 41.5551, 991.5378, 32.0615
143446.1542, 6394394.5403, 33.9658, 414.1442, 349.7968
143454.1588, 6394383.6760, 40.2293, 1051.5829, 41.8891
143440.7404, 6394383.9879, 37.8106, 330.2734, 46.8328
143440.7404, 6394383.9879, 37.8106, 330.2734, 46.8328
143449.1398, 6394378.5863, 38.0760, 1047.2715, 64.4229
143448.6438, 6394377.4610, 37.7984, 1081.8477, 64.2573
143446.1542, 6394394.5403, 33.9658, 414.1442, 349.7968
143443.5111, 6394386.0601, 37.9192, 457.8827, 94.1853
143443.3395, 6394386.5433, 37.9369, 437.2122, 95.9833
143447.5374, 6394374.2055, 36.6739, 1231.5496, 99.8101
143443.9396, 6394387.0265, 37.9628, 459.9431, 104.5940
143447.5399, 6394374.7154, 36.6993, 1192.1465, 104.6684
143454.0518, 6394386.1585, 39.3988, 952.4007, 106.4731
143447.6506, 6394376.0896, 36.6183, 1101.5428, 130.7184
143446.4522, 6394393.8971, 33.7537, 436.5028, 360.3023
143446.4522, 6394393.8971, 33.7537, 436.5028, 360.3023
143444.4324, 6394386.0878, 33.4830, 492.9804, 369.8945
143444.4324, 6394386.0878, 33.4830, 492.9804, 369.8945
143446.5284, 6394392.0977, 33.3492, 469.9112, 380.0528
143445.2852, 6394378.5299, 33.2983, 796.1921, 395.5682
143445.2754, 6394378.5377, 33.2452, 794.8912, 399.7399
143441.4309, 6394378.1199, 32.9919, 529.7648, 403.4243
143442.8248, 6394377.6115, 33.0756, 662.9669, 404.4628
143442.9858, 6394382.6160, 32.9098, 494.8725, 405.7173
143445.2387, 6394378.5642, 33.1273, 790.6122, 408.8884
143445.2387, 6394378.5642, 33.1273, 790.6122, 408.8884
143442.0840, 6394380.1169, 32.8886, 508.9244, 409.7961
143442.0840, 6394380.1169, 32.8886, 508.9244, 409.7961
143442.8150, 6394382.1021, 32.8443, 498.1665, 410.9363
143441.5593, 6394377.0090, 32.9445, 586.1623, 412.0087
143441.5593, 6394377.0090, 32.9445, 586.1623, 412.0087
143445.1944, 6394378.5948, 33.0875, 786.0906, 411.7810
143441.2577, 6394377.6082, 32.8847, 534.7493, 414.0685
143441.4277, 6394377.5288, 32.8745, 552.3691, 416.1617
143441.4400, 6394378.1080, 32.8395, 530.1342, 417.3722
143441.9094, 6394377.3665, 32.8856, 599.5946, 418.0809
143441.3924, 6394378.1298, 32.8111, 525.2000, 419.6512
143441.4767, 6394377.5039, 32.7847, 557.0195, 424.9333
143441.3543, 6394377.5560, 32.7723, 544.4421, 425.3074
143441.2739, 6394377.4768, 32.5812, 539.6990, 443.3508
143451.3234, 6394385.1489, 36.7523, 866.2819, 219.2727
143450.9531, 6394404.5395, 38.0624, 455.5469, 226.1253
143449.5475, 6394396.6229, 37.2223, 521.3372, 228.9896
143447.8412, 6394392.1123, 36.6008, 535.0421, 233.0107
143447.8412, 6394392.1123, 36.6008, 535.0421, 233.0107
143439.2765, 6394387.4779, 35.2011, 164.5662, 237.9916
143449.3365, 6394380.8338, 36.4582, 939.3892, 200.0278
143437.3885, 6394382.5093, 35.0584, 86.1310, 203.6783
143451.0539, 6394400.0842, 37.7988, 519.8332, 223.7600
143449.6923, 6394396.5472, 37.1121, 527.6458, 233.9071
143449.6923, 6394396.5472, 37.1121, 527.6458, 233.9071
143438.3466, 6394393.4830, 35.5514, 51.9155, 235.8737
143447.8947, 6394392.0714, 36.2020, 536.9713, 251.7778
143440.3868, 6394390.4677, 35.1853, 194.6932, 257.4441
143451.4084, 6394401.0801, 37.6274, 516.1773, 234.1434
143451.4084, 6394401.0801, 37.6274, 516.1773, 234.1434
143444.7371, 6394401.9498, 35.4335, 267.7686, 290.7344
143446.4209, 6394413.4372, 37.1957, 230.4589, 256.1331
143447.0097, 6394389.5830, 35.6972, 548.7366, 264.8489
143447.0097, 6394389.5830, 35.6972, 548.7366, 264.8489
143447.2509, 6394390.0994, 35.6411, 548.2056, 270.2667
143442.1699, 6394403.4716, 35.5545, 156.2259, 279.0197
143449.5672, 6394396.6093, 36.9307, 521.5764, 240.8449
143442.1699, 6394403.4716, 35.5545, 156.2259, 279.0197
143447.8322, 6394392.1134, 36.0774, 533.1629, 257.3888
143442.1166, 6394394.9393, 35.3438, 231.8733, 270.8051
143442.9422, 6394399.9624, 34.9765, 215.5372, 299.3155
143440.0854, 6394381.0269, 34.2432, 335.6007, 287.5945
143443.8358, 6394407.4521, 35.5109, 188.1169, 292.1828
143446.1987, 6394387.0801, 34.8267, 565.6412, 301.3134
143444.5248, 6394400.9578, 34.6446, 268.1604, 319.1504
143444.1413, 6394399.4761, 34.0291, 267.2753, 341.4641
143448.0387, 6394407.9316, 33.7903, 319.7875, 360.7234
143448.0387, 6394407.9316, 33.7903, 319.7875, 360.7234
143445.2283, 6394394.5201, 33.6757, 374.2345, 359.7226
143439.7681, 6394378.4294, 32.8817, 374.4240, 403.9521
143441.2701, 6394381.9846, 32.7952, 394.6615, 408.5873
143444.9506, 6394377.6860, 33.1080, 813.5655, 411.6799
143441.3496, 6394377.5659, 32.8713, 544.2067, 415.9384
143441.3496, 6394377.5659, 32.8713, 544.2067, 415.9384
143440.6975, 6394378.9942, 32.7619, 436.6073, 417.7199
143443.8421, 6394380.6188, 34.3787, 621.2532, 303.6043
143443.8421, 6394380.6188, 34.3787, 621.2532, 303.6043
143443.8421, 6394380.6188, 34.3787, 621.2532, 303.6043
143441.3283, 6394377.4885, 32.6017, 543.9954, 441.5792
143446.6598, 6394394.9220, 34.2499, 429.8540, 339.0826
143446.6598, 6394394.9220, 34.2499, 429.8540, 339.0826
143446.3367, 6394394.4850, 34.1508, 423.1397, 342.1887
143443.9083, 6394381.0737, 33.8258, 606.8869, 345.8489
143445.3643, 6394397.5410, 33.9620, 339.0473, 347.6935
143445.6652, 6394385.6186, 34.6407, 575.1729, 306.7380
143445.2501, 6394384.6282, 34.4931, 579.3179, 311.8557
143445.1572, 6394396.0463, 33.8298, 349.9138, 352.5400
143445.2501, 6394384.6282, 34.4931, 579.3179, 311.8557
143445.8602, 6394397.0046, 34.4476, 367.2282, 328.8609
143445.0862, 6394396.5653, 33.5287, 339.3120, 365.1988
143445.9357, 6394395.4936, 34.0511, 390.7477, 345.4433
143446.0898, 6394395.0739, 34.0569, 403.4414, 345.6264
143441.9006, 6394376.9552, 33.4865, 620.8840, 361.9876
143445.3276, 6394393.5943, 33.4901, 392.2062, 368.7991
143445.5229, 6394389.0946, 33.5001, 482.4086, 371.2869
143445.3200, 6394393.5860, 33.1935, 391.2412, 382.4631
143445.3377, 6394378.4904, 33.3746, 801.8785, 389.8199
143447.7236, 6394395.6064, 32.9406, 458.4405, 398.0947
143447.7236, 6394395.6064, 32.9406, 458.4405, 398.0947
143443.6664, 6394384.6162, 32.9480, 483.6417, 401.6337
143443.6664, 6394384.6162, 32.9480, 483.6417, 401.6337
143441.9278, 6394379.6183, 32.9195, 514.2047, 407.9609
143441.9278, 6394379.6183, 32.9195, 514.2047, 407.9609
143442.2540, 6394380.6172, 32.8373, 504.7764, 413.1858
143441.7715, 6394379.1059, 32.8689, 519.8742, 413.0030
143445.3935, 6394393.5652, 33.3129, 395.1040, 377.1968
143450.2669, 6394402.1071, 33.1026, 455.2709, 391.4186
143450.2669, 6394402.1071, 33.1026, 455.2709, 391.4186
143445.1265, 6394388.6169, 33.0123, 471.3167, 396.3451
143445.1265, 6394388.6169, 33.0123, 471.3167, 396.3451
143442.4996, 6394381.0982, 33.0573, 507.9546, 396.1324
143442.9013, 6394377.9581, 33.1636, 653.9197, 396.1639
143442.9013, 6394377.9581, 33.1636, 653.9197, 396.1639
143447.0873, 6394395.4671, 32.8950, 435.2979, 398.6012
143447.0873, 6394395.4671, 32.8950, 435.2979, 398.6012
143441.9271, 6394379.6254, 32.9912, 514.2665, 401.9934
143445.2146, 6394378.5809, 33.2017, 788.6887, 402.8185
143441.1688, 6394380.5048, 32.7779, 427.6711, 413.5955
143442.5792, 6394376.5471, 32.9153, 693.1250, 421.7015
143442.5792, 6394376.5471, 32.9153, 693.1250, 421.7015
143441.2578, 6394377.6010, 32.7979, 534.5516, 422.2591
143441.4318, 6394377.5187, 32.7504, 552.4092, 427.8804
143441.4318, 6394377.5187, 32.7504, 552.4092, 427.8804
143441.0605, 6394377.5050, 32.6270, 520.4248, 437.9627
