143447.9899, 6394375.6688, 37.4848, 1183.1206, 18.1695
143441.7812, 6394379.1094, 32.8885, 485.0326, 401.7288
143441.7812, 6394379.1094, 32.8885, 485.0326, 401.7288
143445.0122, 6394377.6476, 33.1120, 810.7660, 403.8437
143449.2668, 6394378.5544, 38.2355, 1064.6150, 11.6878
143445.3187, 6394378.4984, 33.0352, 785.5440, 406.3091
143440.9579, 6394379.4906, 32.7334, 398.1826, 410.3531
143440.9579, 6394379.4906, 32.7334, 398.1826, 410.3531
143442.9470, 6394384.5114, 32.8061, 397.1190, 384.2740
143449.2668, 6394378.5544, 38.2355, 1064.6150, 11.6878
143442.1705, 6394383.5147, 37.6103, 391.5484, 19.6984
143448.6073, 6394378.1793, 37.7951, 1047.1300, 33.4311
143449.2668, 6394378.5544, 38.2355, 1064.6150, 11.6878
143442.9470, 6394384.5114, 32.8061, 397.1190, 384.2740
143441.8689, 6394378.5427, 33.1154, 517.5609, 384.1074
143442.8893, 6394388.5066, 37.6819, 319.4189, 70.7042
143445.4272, 6394378.4216, 33.1973, 798.2195, 393.2235
143444.7217, 6394382.4585, 37.4282, 599.0600, 56.3358
143442.8113, 6394382.1074, 32.8230, 457.6836, 393.7870
143442.2863, 6394383.5263, 37.6539, 399.7124, 18.0665
143447.9654, 6394375.6788, 37.3697, 1179.6381, 28.9766
143442.8113, 6394382.1074, 32.8230, 457.6836, 393.7870
143443.1970, 6394377.9848, 33.1150, 654.5844, 393.7533
143444.9393, 6394384.1398, 37.6606, 555.7776, 57.9978
143442.0875, 6394380.1185, 32.8708, 471.4584, 398.1813
143445.3844, 6394378.4528, 33.1351, 793.1797, 398.2323
143445.3844, 6394378.4528, 33.1351, 793.1797, 398.2323
143442.8091, 6394391.4739, 37.8923, 261.4768, 78.6033
143442.1099, 6394380.1056, 32.8000, 473.3321, 404.5586
143441.8510, 6394378.5359, 32.8815, 514.7932, 406.6289
143441.8510, 6394378.5359, 32.8815, 514.7932, 406.6289
143441.9191, 6394379.0424, 32.8332, 499.1075, 407.9092
143442.0624, 6394378.4905, 32.8408, 534.7009, 411.7212
143441.9315, 6394379.0332, 32.7719, 500.1535, 413.7508
143442.7346, 6394378.6158, 32.8321, 585.0781, 414.1620
143442.7346, 6394378.6158, 32.8321, 585.0781, 414.1620
143442.0078, 6394378.5034, 32.7815, 529.0786, 417.0955
143441.9171, 6394379.0403, 32.7200, 498.3327, 418.4861
143441.9171, 6394379.0403, 32.7200, 498.3327, 418.4861
143442.1088, 6394378.4526, 32.7527, 539.7626, 420.6248
143441.8754, 6394378.5397, 32.6534, 515.2824, 428.6312
143441.6855, 6394378.5469, 32.5764, 497.9717, 435.3737
143441.6855, 6394378.5469, 32.5764, 497.9717, 435.3737
143453.6853, 6394384.5153, 39.5410, 986.8767, 36.5131
143448.5552, 6394378.0478, 37.6752, 1051.3326, 41.1209
143448.2443, 6394377.6998, 37.5391, 1054.1580, 44.0375
143448.5734, 6394378.0575, 37.5874, 1051.0386, 48.8317
143447.9382, 6394375.5104, 37.1364, 1188.9401, 48.7866
143454.1162, 6394387.1108, 39.5552, 906.4837, 59.0149
143443.4769, 6394391.5001, 37.9944, 297.4951, 79.0228
143448.5107, 6394378.1282, 37.5665, 1042.8817, 50.4756
143448.5107, 6394378.1282, 37.5665, 1042.8817, 50.4756
143443.4769, 6394391.5001, 37.9944, 297.4951, 79.0228
143444.4994, 6394387.0452, 37.9085, 447.5488, 61.5249
143443.5572, 6394391.4972, 38.0076, 301.8657, 78.9804
143444.0847, 6394387.9824, 37.7513, 400.5966, 74.4427
143443.5572, 6394391.4972, 38.0076, 301.8657, 78.9804
143442.6750, 6394391.4720, 37.8554, 254.0230, 79.4739
143441.2923, 6394397.5397, 37.9748, 105.2329, 97.5072
143441.8536, 6394378.5444, 32.7717, 513.9579, 417.1470
143442.0570, 6394378.4775, 32.7164, 534.0065, 423.7190
143442.0570, 6394378.4775, 32.7164, 534.0065, 423.7190
143463.2034, 6394406.1530, 43.7580, 739.2842, 51.9401
143443.7518, 6394391.0475, 37.9591, 320.1223, 80.4752
143440.9816, 6394399.5017, 38.0461, 72.6003, 101.7093
143454.5425, 6394387.5144, 39.8062, 910.0724, 52.4405
143443.3194, 6394378.4596, 36.6989, 666.2353, 53.7046
143443.0642, 6394378.5504, 36.6596, 641.0135, 54.5111
143443.1043, 6394392.0223, 37.9407, 268.6618, 82.0968
143444.5334, 6394382.5651, 37.4089, 582.8720, 56.4702
143443.1043, 6394392.0223, 37.9407, 268.6618, 82.0968
143441.4845, 6394398.5504, 37.9816, 105.0636, 103.6333
143447.8268, 6394377.6276, 37.0200, 1029.4854, 82.1081
143454.2173, 6394386.6558, 39.5596, 926.4590, 56.5625
143447.8268, 6394377.6276, 37.0200, 1029.4854, 82.1081
143447.8412, 6394375.4746, 36.7559, 1181.8093, 83.7564
143448.0202, 6394375.3399, 36.7515, 1203.7217, 85.4257
143443.1910, 6394392.4682, 37.9324, 266.0787, 86.1040
143454.2173, 6394386.6558, 39.5596, 926.4590, 56.5625
143443.3571, 6394378.4432, 36.6683, 669.8334, 57.0535
143443.1421, 6394378.5101, 36.6340, 649.0876, 57.7333
143440.8261, 6394399.4907, 37.9327, 65.0257, 105.8018
143445.2834, 6394385.1007, 37.8401, 546.8799, 58.1598
143443.0381, 6394378.5741, 36.6213, 637.4747, 58.0929
143443.0381, 6394378.5741, 36.6213, 637.4747, 58.0929
143442.1365, 6394392.5753, 37.7404, 207.3189, 88.2453
143441.7421, 6394378.9712, 32.5780, 485.3699, 431.7533
143442.1365, 6394392.5753, 37.7404, 207.3189, 88.2453
143445.2101, 6394385.1386, 37.8315, 541.3973, 58.2448
143444.7216, 6394382.4671, 37.3905, 598.5344, 59.2871
143444.7216, 6394382.4671, 37.3905, 598.5344, 59.2871
143441.6167, 6394394.0086, 37.7887, 160.1793, 89.9293
143444.4887, 6394382.5994, 37.3592, 578.4616, 60.0187
143444.4887, 6394382.5994, 37.3592, 578.4616, 60.0187
143444.5360, 6394382.5735, 37.3644, 582.5031, 59.9651
143442.0964, 6394393.9920, 37.8445, 186.0907, 90.8255
143444.5360, 6394382.5735, 37.3644, 582.5031, 59.9651
143443.0152, 6394378.5946, 36.5876, 634.3888, 61.2311
143441.3926, 6394394.0203, 37.6592, 147.6406, 95.0622
143445.4733, 6394386.0395, 37.9323, 530.3318, 62.1015
143445.4733, 6394386.0395, 37.9323, 530.3318, 62.1015
143441.3926, 6394394.0203, 37.6592, 147.6406, 95.0622
143447.6128, 6394376.6353, 36.7131, 1080.0959, 96.6306
143445.3548, 6394386.0261, 37.9080, 523.8987, 62.2955
143441.9631, 6394402.4582, 37.3509, 91.9816, 150.0874
143444.4687, 6394382.6056, 37.3089, 576.6764, 63.6450
143439.0867, 6394394.9672, 37.3637, 8.6855, 97.4407
143445.6432, 6394386.4991, 37.9647, 526.9052, 65.5278
143441.9631, 6394402.4582, 37.3509, 91.9816, 150.0874
143441.6569, 6394397.0342, 37.9703, 128.4155, 97.8081
143443.3702, 6394387.9923, 37.7452, 358.8896, 67.6682
143443.4466, 6394387.9993, 37.7623, 363.2875, 67.4317
143441.6569, 6394397.0342, 37.9703, 128.4155, 97.8081
143447.7687, 6394376.5681, 37.0185, 1097.3606, 70.1288
143442.1395, 6394402.9538, 37.2949, 95.5001, 154.9395
143448.5761, 6394379.7013, 37.1547, 953.1682, 99.3606
143443.6057, 6394391.0311, 37.9781, 312.6457, 77.9878
143440.2190, 6394397.9922, 37.6336, 46.5452, 108.4689
143443.6057, 6394391.0311, 37.9781, 312.6457, 77.9878
143443.1383, 6394391.5415, 37.9068, 278.3374, 81.1776
143440.2190, 6394397.9922, 37.6336, 46.5452, 108.4689
143447.5716, 6394377.2125, 36.6190, 1037.3853, 109.9731
143447.5794, 6394375.6855, 36.4647, 1145.7480, 110.2626
143447.5794, 6394375.6855, 36.4647, 1145.7480, 110.2626
143442.1995, 6394391.0321, 37.6833, 233.9420, 82.0711
143447.9358, 6394375.4407, 36.7754, 1190.6052, 82.9347
143448.5126, 6394380.0510, 36.8977, 929.5340, 120.9116
143447.9432, 6394376.3765, 36.4295, 1116.2516, 124.7682
143442.0925, 6394391.5460, 37.6991, 219.9288, 83.6054
143442.1272, 6394392.0698, 37.7529, 214.1725, 84.2752
143449.3774, 6394380.5784, 37.5413, 953.8327, 86.8905
143448.7436, 6394395.4895, 38.0197, 469.5246, 136.9355
143442.4621, 6394391.5398, 37.6726, 240.6441, 88.3736
143441.7926, 6394393.9904, 37.8286, 169.9274, 89.1550
143441.8685, 6394393.9871, 37.7829, 173.9130, 92.1894
143441.7517, 6394394.0101, 37.7573, 167.3290, 92.7220
143441.6639, 6394394.0182, 37.7336, 162.4665, 93.3104
143442.7573, 6394378.6178, 33.7821, 593.1546, 325.4880
143441.6639, 6394394.0182, 37.7336, 162.4665, 93.3104
143440.9915, 6394399.0282, 38.0083, 77.0073, 101.2293
143441.1053, 6394399.4887, 38.0095, 78.5666, 104.1896
143441.1053, 6394399.4887, 38.0095, 78.5666, 104.1896
143439.3208, 6394395.9797, 37.3606, 14.1069, 105.1454
143439.5573, 6394396.4705, 37.4358, 23.4368, 105.6962
143441.2625, 6394399.4920, 37.9700, 85.9554, 107.0978
143439.5480, 6394396.4715, 37.3687, 22.8024, 109.0688
143439.9441, 6394397.4682, 37.5147, 36.3336, 109.7120
143447.6045, 6394375.6578, 36.4594, 1149.4386, 110.8661
143439.5038, 6394396.4765, 37.3081, 20.2529, 111.8705
143448.3595, 6394379.6262, 36.9496, 943.5559, 112.0961
143447.7626, 6394377.4313, 36.6102, 1034.7112, 115.1383
143451.5755, 6394385.5532, 37.1181, 845.5001, 163.0312
143451.5755, 6394385.5532, 37.1181, 845.5001, 163.0312
143448.7505, 6394381.1204, 36.4440, 886.9860, 163.0694
143448.7505, 6394381.1204, 36.4440, 886.9860, 163.0694
143448.8288, 6394381.0529, 36.4499, 894.4005, 163.0357
143451.7087, 6394386.5743, 37.2017, 816.0229, 163.2712
143451.6141, 6394386.0594, 37.1499, 829.3927, 163.4940
143444.0348, 6394381.1198, 33.7659, 583.5457, 328.9455
143451.6254, 6394385.5131, 37.1179, 849.1254, 163.2501
143444.0348, 6394381.1198, 33.7659, 583.5457, 328.9455
143451.0098, 6394384.6315, 36.9768, 853.6559, 163.2730
143444.9561, 6394396.0495, 33.3946, 286.6180, 329.9079
143443.4721, 6394377.9364, 33.7969, 683.9898, 330.6465
143437.9179, 6394380.9749, 33.3169, 70.7437, 331.0116
143443.4508, 6394406.4595, 37.4860, 121.0470, 163.9759
143443.2659, 6394378.5595, 35.5440, 648.8245, 164.1083
143442.9965, 6394378.0529, 35.4756, 651.9264, 163.9888
143443.5140, 6394377.8850, 35.5202, 702.8597, 165.0462
143443.5140, 6394377.8850, 35.5202, 702.8597, 165.0462
143443.3943, 6394377.9663, 35.5073, 688.8929, 165.3398
143443.3846, 6394379.5833, 35.5584, 610.5254, 170.4642
143441.9421, 6394383.5134, 37.6440, 375.2096, 13.8114
143448.3958, 6394375.3351, 37.5410, 1235.3562, 14.8902
143448.8252, 6394378.1752, 37.9649, 1061.1456, 22.5050
143448.3809, 6394376.6104, 37.6461, 1137.2445, 22.9341
143447.7654, 6394375.7087, 37.1601, 1162.7241, 46.2549
143443.9144, 6394387.9901, 37.7738, 390.7357, 71.4009
143452.0331, 6394404.0527, 38.0553, 449.5901, 177.2030
143447.8074, 6394375.9560, 36.4684, 1139.3420, 115.6476
143447.8314, 6394375.9303, 36.4572, 1142.6661, 116.8046
143447.5745, 6394377.6733, 36.3778, 1005.8284, 134.9444
143441.3261, 6394400.9575, 37.4306, 75.8018, 137.7866
143442.6690, 6394404.4679, 37.4893, 105.8280, 154.4578
143451.1243, 6394384.5361, 36.9918, 862.5486, 162.8734
143448.9088, 6394381.6809, 36.5035, 870.0294, 163.0551
143448.9088, 6394381.6809, 36.5035, 870.0294, 163.0551
143445.4666, 6394389.1091, 33.4119, 435.0087, 341.9879
143448.9088, 6394381.6809, 36.5035, 870.0294, 163.0551
143451.9177, 6394387.4628, 37.2829, 795.9349, 163.6594
143451.6603, 6394386.6118, 37.1982, 812.6754, 163.2597
143448.9116, 6394398.6073, 33.2046, 410.7366, 345.8935
143442.9151, 6394378.5221, 33.5781, 609.0148, 345.9218
143444.3069, 6394408.4447, 37.3074, 137.1947, 179.0390
143452.8774, 6394409.5269, 33.0007, 395.6823, 347.3092
143445.2558, 6394410.9476, 37.5276, 151.5178, 180.6238
143440.4371, 6394380.4145, 35.0996, 333.5985, 183.4054
143449.2576, 6394396.4555, 37.9919, 472.2563, 144.7981
143438.0699, 6394383.9744, 35.1923, 44.4879, 168.3960
143445.0565, 6394410.4516, 37.3562, 148.2491, 184.5744
143439.8174, 6394380.0218, 34.9684, 288.0504, 186.6015
143443.0600, 6394378.0399, 33.5676, 643.9877, 349.5770
143443.0600, 6394378.0399, 33.5676, 643.9877, 349.5770
143442.7881, 6394378.5936, 33.5263, 595.0607, 349.7599
143446.0891, 6394391.1143, 33.2025, 422.8859, 351.2794
143442.8142, 6394378.5794, 33.4967, 597.6382, 352.7373
143442.9127, 6394382.1197, 33.3242, 466.9956, 355.1001
143447.7266, 6394416.9354, 37.6565, 185.0816, 195.9982
143447.7266, 6394416.9354, 37.6565, 185.0816, 195.9982
143445.8475, 6394386.6131, 35.7449, 525.7864, 206.4706
143441.0190, 6394391.9464, 35.3162, 146.9442, 212.7721
143442.6668, 6394378.0936, 33.4579, 608.2085, 357.5777
143446.2600, 6394387.5666, 36.5130, 525.1633, 166.2768
143443.2118, 6394379.1043, 35.5388, 618.6912, 167.3815
143450.2134, 6394422.4347, 37.3109, 214.2414, 219.6756
143443.2118, 6394379.1043, 35.5388, 618.6912, 167.3815
143444.1235, 6394382.1298, 35.8283, 563.1837, 169.6456
143450.4480, 6394401.0051, 37.8236, 440.7006, 171.3858
143450.2134, 6394422.4347, 37.3109, 214.2414, 219.6756
143442.7862, 6394378.5953, 33.3453, 593.6168, 366.6814
143442.7862, 6394378.5953, 33.3453, 593.6168, 366.6814
143441.8696, 6394379.1039, 33.2112, 494.7224, 371.9626
143439.0219, 6394386.9945, 35.0597, 80.3521, 200.8471
143444.7279, 6394388.9842, 32.8328, 396.9017, 372.4590
143441.8356, 6394379.1192, 33.1932, 491.1078, 373.4012
143442.5166, 6394381.0954, 33.0888, 471.1110, 376.2455
143443.0846, 6394378.0144, 33.2900, 645.2698, 376.3676
143445.2152, 6394377.4927, 33.4075, 836.5151, 378.7018
143441.9715, 6394379.6186, 33.0859, 482.1104, 381.3501
143442.8996, 6394378.0133, 33.1649, 629.3333, 387.4400
143442.8996, 6394378.0133, 33.1649, 629.3333, 387.4400
143441.9493, 6394379.0552, 33.0214, 502.2867, 390.3711
143445.1449, 6394377.5467, 33.2194, 826.8808, 395.2484
143443.1222, 6394377.9919, 33.0924, 648.0258, 395.5251
143443.2068, 6394377.9774, 33.0829, 655.5178, 396.8921
143442.6019, 6394381.6086, 32.7730, 458.4697, 399.6597
143442.6019, 6394381.6086, 32.7730, 458.4697, 399.6597
143442.2501, 6394378.4144, 32.9739, 554.9340, 400.2688
143442.2501, 6394378.4144, 32.9739, 554.9340, 400.2688
143442.2501, 6394378.4144, 32.9739, 554.9340, 400.2688
143443.2576, 6394377.9453, 33.0163, 660.7426, 403.6553
143443.2576, 6394377.9453, 33.0163, 660.7426, 403.6553
143444.2055, 6394381.6256, 32.7496, 570.6049, 406.8773
143443.3426, 6394377.9208, 32.9526, 668.3268, 410.2020
143443.3426, 6394377.9208, 32.9526, 668.3268, 410.2020
143450.1732, 6394401.4859, 37.8028, 423.8806, 172.0276
143450.0647, 6394401.4887, 37.7801, 419.9946, 172.3756
143451.2332, 6394405.5101, 38.1075, 404.4760, 175.0308
143441.8099, 6394378.5413, 32.8143, 510.5695, 412.9036
143451.0401, 6394406.0068, 38.0102, 391.8002, 178.5851
143441.3159, 6394379.0137, 32.6361, 446.9744, 424.5142
143451.0401, 6394406.0068, 38.0102, 391.8002, 178.5851
143451.4250, 6394425.4461, 37.3286, 224.3048, 225.1691
143451.3103, 6394401.0390, 37.7506, 469.7629, 178.3578
143443.7633, 6394400.4672, 35.0554, 183.8094, 251.3802
143451.4668, 6394425.4435, 37.1875, 225.1730, 228.7230
143443.7633, 6394400.4672, 35.0554, 183.8094, 251.3802
143443.1222, 6394378.0414, 34.8038, 657.8885, 230.9484
143443.6234, 6394406.9562, 34.8988, 119.8934, 260.7917
143445.2988, 6394384.6086, 34.6885, 548.6033, 267.1128
143439.8245, 6394381.0239, 30.4399, 240.0491, 599.3930
143447.1223, 6394405.9584, 34.5490, 255.2505, 284.5680
143447.8719, 6394391.6165, 35.6188, 502.9066, 235.5119
143444.6451, 6394383.0977, 35.0411, 559.2682, 236.3167
143447.8487, 6394391.6259, 35.5608, 501.4738, 238.3138
143443.4661, 6394398.9698, 34.2339, 185.2891, 285.0158
143443.9974, 6394381.6100, 34.1389, 564.5720, 298.6233
143449.9708, 6394397.6184, 35.8826, 473.4112, 240.3583
143450.7329, 6394406.4812, 37.9591, 376.0556, 179.9978
143444.1403, 6394391.5228, 34.9808, 323.2655, 248.8190
143444.1403, 6394391.5228, 34.9808, 323.2655, 248.8190
143440.3084, 6394380.9475, 34.3738, 302.6606, 250.8260
143440.1623, 6394380.9966, 34.3456, 288.2787, 252.1632
143446.9137, 6394405.4283, 35.0083, 254.1951, 267.4330
143444.5538, 6394383.1315, 34.5933, 550.1373, 268.0743
143445.4570, 6394385.1182, 34.6887, 542.3228, 268.3376
143444.4993, 6394408.9678, 37.3025, 140.0506, 181.1386
143446.5008, 6394403.4981, 33.0527, 256.2458, 338.8456
143445.0026, 6394388.1070, 33.1499, 432.2620, 357.5901
143440.9674, 6394387.0033, 32.8900, 211.3827, 362.0065
143440.9931, 6394385.9874, 32.8591, 231.7694, 367.5869
143443.0636, 6394383.5228, 32.7874, 432.0215, 390.4201
143440.3077, 6394379.9279, 32.8728, 325.8561, 391.6095
143445.1180, 6394377.5652, 33.1128, 823.0598, 404.7380
143441.9651, 6394378.5167, 32.8487, 525.2701, 410.3875
143445.7276, 6394411.9411, 37.5251, 159.7495, 184.4978
143441.7371, 6394378.5535, 32.5928, 502.3025, 433.8990
143450.2437, 6394407.0059, 37.7948, 353.8845, 184.5590
143439.8277, 6394380.5398, 34.9869, 273.9721, 187.6941
143439.8277, 6394380.5398, 34.9869, 273.9721, 187.6941
143449.0169, 6394412.5297, 37.8005, 259.0467, 189.4411
143449.0169, 6394412.5297, 37.8005, 259.0467, 189.4411
143443.2604, 6394377.9942, 34.3514, 668.1677, 275.8799
143443.1506, 6394379.0823, 34.3229, 606.8987, 277.9229
143443.1506, 6394379.0823, 34.3229, 606.8987, 277.9229
143446.0785, 6394412.9493, 37.4458, 163.5003, 190.1828
143453.2129, 6394405.5791, 35.0621, 458.8051, 285.0503
143446.0785, 6394412.9493, 37.4458, 163.5003, 190.1828
143453.2129, 6394405.5791, 35.0621, 458.8051, 285.0503
143444.2522, 6394382.0576, 34.3256, 566.4237, 285.6805
143450.1394, 6394417.0014, 38.1615, 253.8933, 189.8745
143450.1394, 6394417.0014, 38.1615, 253.8933, 189.8745
143446.4064, 6394413.4436, 37.5009, 170.3408, 190.5194
143449.6958, 6394417.4826, 38.0826, 237.6237, 191.3206
143449.6958, 6394417.4826, 38.0826, 237.6237, 191.3206
143446.9108, 6394414.9445, 37.5527, 175.0056, 193.2038
143446.5878, 6394394.9447, 34.4105, 378.6336, 289.6913
143448.8554, 6394417.5128, 37.9122, 213.5986, 193.3468
143448.8554, 6394417.5128, 37.9122, 213.5986, 193.3468
143446.6670, 6394414.4615, 37.4624, 170.9169, 194.3151
143443.0608, 6394378.5446, 36.6938, 641.2699, 51.0823
143446.6670, 6394414.4615, 37.4624, 170.9169, 194.3151
143443.8245, 6394387.5557, 37.9375, 396.1089, 56.7389
143442.8096, 6394388.4973, 37.6878, 314.8828, 69.4558
143445.1528, 6394387.4519, 37.9118, 474.0607, 71.2092
143439.7306, 6394396.9582, 37.5162, 29.0864, 105.4668
143447.6224, 6394375.6323, 36.4776, 1152.7360, 109.1187
143445.7793, 6394396.4301, 34.0754, 319.1177, 301.4008
143450.6347, 6394400.9914, 37.8889, 447.5690, 169.7611
143442.7858, 6394378.6028, 33.7524, 595.9650, 328.5080
143442.7858, 6394378.6028, 33.7524, 595.9650, 328.5080
143442.7617, 6394378.6075, 33.7057, 593.4780, 332.7212
143444.9437, 6394387.5935, 33.4527, 442.2240, 340.7112
143448.3816, 6394376.6134, 37.6353, 1136.9675, 23.9695
143448.1962, 6394375.1056, 37.3004, 1239.8273, 31.5774
143448.4969, 6394378.1425, 37.5650, 1041.1940, 50.5661
143449.1909, 6394379.6636, 37.7509, 993.1942, 60.8724
143448.0354, 6394378.0604, 37.0378, 1015.0083, 87.6216
143447.4110, 6394394.6152, 33.2621, 416.7507, 345.7552
143442.7398, 6394378.0520, 33.4422, 616.1924, 359.6992
143443.6472, 6394406.9618, 37.2841, 124.3000, 173.6158
143451.3631, 6394404.5381, 38.0448, 421.3559, 175.6801
143451.3631, 6394404.5381, 38.0448, 421.3559, 175.6801
143451.4098, 6394405.5826, 38.0933, 409.1262, 176.4330
143443.0627, 6394378.0384, 33.4028, 643.1012, 365.3628
143442.8033, 6394378.0422, 33.3763, 621.4672, 366.4599
143442.5260, 6394381.0920, 33.1212, 472.1083, 373.6237
143442.9256, 6394377.9983, 33.2589, 632.8718, 378.6281
143442.9256, 6394377.9983, 33.2589, 632.8718, 378.6281
143442.9256, 6394377.9983, 33.2589, 632.8718, 378.6281
143442.0086, 6394379.6023, 33.1040, 485.9064, 379.9646
143442.0086, 6394379.6023, 33.1040, 485.9064, 379.9646
143442.0012, 6394379.6049, 33.0774, 485.0414, 382.3296
143442.8274, 6394378.0283, 33.1570, 622.5917, 387.7710
143445.2473, 6394378.5593, 33.1936, 778.5918, 392.0260
143445.2473, 6394378.5593, 33.1936, 778.5918, 392.0260
143443.0750, 6394378.0220, 33.1187, 642.8911, 392.6199
143443.1564, 6394377.9812, 33.1072, 651.4306, 394.3383
143443.1564, 6394377.9812, 33.1072, 651.4306, 394.3383
143443.0887, 6394378.0127, 33.0944, 644.2911, 395.0538
143442.1671, 6394378.4378, 32.8913, 546.3000, 407.6788
143442.1671, 6394378.4378, 32.8913, 546.3000, 407.6788
143443.4417, 6394377.8682, 32.8675, 678.2885, 419.0230
143449.6078, 6394396.5940, 37.6408, 482.4073, 162.4501
143451.4098, 6394405.5826, 38.0933, 409.1262, 176.4330
143450.3986, 6394422.9406, 37.1887, 215.3933, 223.7939
143444.6423, 6394383.0979, 35.1289, 559.5215, 229.9332
143441.7384, 6394401.9546, 35.0575, 82.4900, 244.0436
143443.2986, 6394399.9636, 34.7894, 168.4602, 260.4711
143451.4173, 6394401.0759, 37.6958, 472.6948, 181.0087
143442.9506, 6394399.9832, 34.5091, 152.4512, 271.1532
143445.8538, 6394412.4541, 37.5740, 160.0987, 184.3598
143439.7261, 6394380.0310, 34.9466, 279.0004, 187.6994
143439.3229, 6394387.4615, 35.3037, 96.8003, 187.8636
143439.3956, 6394387.4499, 35.2695, 102.1099, 190.8029
143446.8099, 6394404.9278, 33.8085, 253.5838, 310.5201
143445.5686, 6394394.4793, 33.8411, 339.3312, 312.8314
143443.3554, 6394398.4742, 33.5624, 184.4538, 314.4532
143443.3554, 6394398.4742, 33.5624, 184.4538, 314.4532
143444.3214, 6394390.9081, 32.9895, 337.8948, 357.2641
143444.3214, 6394390.9081, 32.9895, 337.8948, 357.2641
143441.1549, 6394385.4852, 32.8512, 252.9604, 370.5771
143443.8265, 6394386.9771, 32.8303, 391.0359, 376.2342
143443.1305, 6394383.1173, 32.9229, 449.0932, 382.5809
143443.1305, 6394383.1173, 32.9229, 449.0932, 382.5809
143445.0797, 6394377.5997, 33.2774, 819.6315, 389.3654
143441.9545, 6394379.6127, 32.9458, 480.1238, 394.0003
143441.9545, 6394379.6127, 32.9458, 480.1238, 394.0003
143441.6639, 6394378.9820, 32.6202, 478.4652, 427.4371
143448.6745, 6394417.5623, 37.8744, 208.0564, 193.8820
143444.0262, 6394399.9473, 35.3186, 201.1182, 240.8725
143448.6745, 6394417.5623, 37.8744, 208.0564, 193.8820
143439.9370, 6394381.0616, 34.3943, 266.6852, 245.8076
143445.3663, 6394393.9173, 35.1754, 342.7793, 247.5170
143440.1202, 6394381.0115, 34.3094, 283.9650, 255.0977
143449.6533, 6394396.5571, 37.4726, 484.3711, 169.8270
143449.5417, 6394396.6207, 37.2868, 478.4099, 177.3785
143449.6810, 6394396.5545, 37.1063, 484.4833, 185.6942
143448.2323, 6394417.9590, 37.7847, 192.4924, 195.5132
143448.0377, 6394376.0281, 37.4444, 1157.7483, 27.9577
143448.0940, 6394377.5540, 37.2032, 1051.7963, 69.1803
143447.7578, 6394377.4224, 36.6644, 1035.4703, 110.2557
143447.7578, 6394377.4224, 36.6644, 1035.4703, 110.2557
143447.7578, 6394377.4224, 36.6644, 1035.4703, 110.2557
143448.2323, 6394417.9590, 37.7847, 192.4924, 195.5132
143439.2164, 6394387.4969, 35.0867, 88.0435, 202.1951
143440.0650, 6394389.4611, 35.1826, 120.4493, 208.1225
143448.5274, 6394380.0900, 36.3594, 924.6373, 161.8891
143446.3759, 6394388.1249, 35.7601, 513.7902, 212.9278
143447.0838, 6394390.1220, 35.9459, 501.0995, 211.5397
143446.3759, 6394388.1249, 35.7601, 513.7902, 212.9278
143447.0838, 6394390.1220, 35.9459, 501.0995, 211.5397
143444.5599, 6394383.1232, 34.6848, 551.2492, 261.5039
143440.9492, 6394391.9684, 35.2139, 142.3711, 218.1796
143445.6774, 6394402.4442, 35.0101, 240.2783, 261.9030
143445.8464, 6394386.1017, 34.8361, 536.2404, 261.8812
143446.0898, 6394403.4376, 34.9996, 245.1813, 264.2272
143444.6021, 6394383.1039, 34.6480, 554.3907, 264.4324
143453.8223, 6394384.5836, 39.7066, 990.5584, 28.9663
143448.2949, 6394375.3753, 37.3769, 1224.2261, 29.6228
143447.9502, 6394375.5042, 37.1858, 1190.6941, 44.1083
143447.9502, 6394375.5042, 37.1858, 1190.6941, 44.1083
143453.4745, 6394384.5800, 39.2703, 974.1697, 50.4938
143443.1628, 6394378.4801, 36.7106, 652.7842, 50.2882
143448.4363, 6394378.2117, 37.5362, 1033.2162, 52.8779
143453.0489, 6394384.0796, 39.0056, 975.4944, 57.8971
143447.8369, 6394375.5084, 36.9920, 1181.3025, 61.1415
143447.8369, 6394375.5084, 36.9920, 1181.3025, 61.1415
143444.9675, 6394386.9986, 37.9465, 475.5508, 63.6390
143445.1498, 6394387.4504, 37.9262, 473.9899, 70.2748
143448.2382, 6394377.9771, 37.2703, 1034.0126, 69.8997
143446.2295, 6394387.5862, 35.6643, 519.7289, 216.3322
143442.7975, 6394388.5074, 37.6515, 313.8397, 71.6823
143443.4103, 6394388.0037, 37.6877, 360.8033, 71.7850
143443.2092, 6394388.5032, 37.6819, 338.3449, 73.8972
143444.1152, 6394387.9938, 37.7221, 401.9665, 76.6413
143447.7796, 6394377.5957, 36.9288, 1027.8971, 89.0757
143447.8295, 6394378.1101, 36.9270, 998.8209, 94.7543
143447.5982, 6394375.6303, 36.5913, 1152.5295, 97.7448
143447.7918, 6394378.0948, 36.8224, 996.6406, 102.9819
143443.7070, 6394399.4747, 35.2065, 192.2838, 243.8294
143440.3465, 6394380.9435, 34.1504, 305.0558, 271.3656
143440.3465, 6394380.9435, 34.1504, 305.0558, 271.3656
143444.2166, 6394381.6226, 34.4251, 580.5317, 277.7914
143444.2166, 6394381.6226, 34.4251, 580.5317, 277.7914
143447.3336, 6394390.1124, 34.6486, 508.6660, 281.6635
143444.2566, 6394400.9894, 35.1918, 199.3383, 248.1299
143447.3336, 6394390.1124, 34.6486, 508.6660, 281.6635
143447.7092, 6394378.1796, 36.4871, 983.8481, 130.9744
143447.7260, 6394377.5116, 36.4289, 1025.7665, 131.1404
143448.1292, 6394379.6510, 36.6507, 927.0359, 132.8994
143448.1292, 6394379.6510, 36.6507, 927.0359, 132.8994
143442.9546, 6394400.4962, 35.2765, 149.0058, 238.5535
143442.9546, 6394400.4962, 35.2765, 149.0058, 238.5535
143445.8765, 6394396.0483, 34.4324, 329.9525, 285.7143
143450.1663, 6394413.4437, 34.5012, 279.8377, 293.4229
143444.5628, 6394383.1309, 34.2959, 549.2640, 289.5663
143449.0796, 6394395.5906, 37.9750, 481.0366, 141.3947
143448.1404, 6394379.0749, 36.4434, 957.3170, 145.5651
143448.3443, 6394378.8822, 36.4340, 979.7632, 147.3016
143448.3443, 6394378.8822, 36.4340, 979.7632, 147.3016
143448.6477, 6394409.4454, 34.8503, 271.7456, 278.8856
143449.0447, 6394396.4524, 37.8574, 463.5882, 149.3901
143446.1994, 6394395.4928, 34.3388, 352.4893, 291.3556
143442.4400, 6394397.9964, 33.7380, 147.9075, 303.7017
143442.4400, 6394397.9964, 33.7380, 147.9075, 303.7017
143441.3999, 6394399.9634, 33.1617, 80.1774, 324.2861
143449.8888, 6394412.4178, 33.4675, 279.4856, 324.1486
143448.4235, 6394408.9237, 33.3014, 267.1087, 328.9655
143441.6957, 6394391.4955, 32.9337, 185.8863, 350.0776
143449.8888, 6394412.4178, 33.4675, 279.4856, 324.1486
143442.7451, 6394378.6253, 33.7378, 591.5204, 329.5562
143442.7451, 6394378.6253, 33.7378, 591.5204, 329.5562
143444.6327, 6394383.1009, 35.0793, 558.5662, 233.4607
143446.2874, 6394392.0229, 32.8602, 413.2984, 367.2048
143444.6327, 6394383.1009, 35.0793, 558.5662, 233.4607
143446.2874, 6394392.0229, 32.8602, 413.2984, 367.2048
143441.3311, 6394379.0111, 32.7130, 448.8703, 417.2527
143444.9810, 6394395.5468, 33.3841, 294.9752, 331.1442
143447.8483, 6394392.1064, 35.6047, 491.2937, 236.7462
143445.0819, 6394395.0145, 33.2977, 307.2998, 336.2809
143447.8483, 6394392.1064, 35.6047, 491.2937, 236.7462
143443.6157, 6394398.9362, 35.3365, 194.4845, 237.1707
143448.8762, 6394394.5909, 35.7484, 485.3983, 238.0294
143448.6807, 6394380.5346, 36.5159, 911.8423, 154.1463
143448.5860, 6394380.6270, 36.4581, 901.7651, 157.9674
143445.8885, 6394390.6010, 32.9961, 422.9577, 362.6302
143448.8762, 6394394.5909, 35.7484, 485.3983, 238.0294
143444.7575, 6394390.9741, 32.8654, 358.6797, 365.1250
143445.6105, 6394391.9932, 32.8683, 381.7768, 364.9220
143444.4321, 6394389.4727, 32.8457, 370.9617, 369.3485
143445.3389, 6394378.4939, 33.4422, 790.1253, 371.3113
143442.8687, 6394378.0414, 33.3149, 626.4692, 372.7248
143444.1792, 6394386.4651, 32.8013, 423.8240, 381.0432
143444.1792, 6394386.4651, 32.8013, 423.8240, 381.0432
143442.4509, 6394381.1112, 32.9272, 464.7546, 389.2414
143443.0778, 6394378.0187, 33.1431, 643.4552, 390.3233
143443.0778, 6394378.0187, 33.1431, 643.4552, 390.3233
143441.8453, 6394381.9721, 32.7739, 390.3387, 394.8047
143441.8453, 6394381.9721, 32.7739, 390.3387, 394.8047
143445.3510, 6394378.4798, 33.1624, 789.6644, 395.5829
143440.7773, 6394380.5362, 32.7860, 347.9482, 397.8563
143440.7773, 6394380.5362, 32.7860, 347.9482, 397.8563
143441.0773, 6394380.0127, 32.7692, 390.6819, 403.9181
143441.8420, 6394379.0779, 32.8132, 491.0133, 409.2346
143441.6043, 6394379.0020, 32.6061, 472.4385, 428.4096
143454.9715, 6394410.1002, 36.7311, 454.5082, 239.3394
143454.9715, 6394410.1002, 36.7311, 454.5082, 239.3394
143443.0300, 6394397.9980, 35.1244, 178.0485, 242.9530
143443.3400, 6394386.0133, 37.9599, 404.3775, 36.0197
143449.2616, 6394379.5897, 37.7726, 1001.1915, 59.3834
143453.5334, 6394385.3416, 38.9875, 945.1377, 72.5629
143443.0300, 6394397.9980, 35.1244, 178.0485, 242.9530
143444.8360, 6394387.5018, 37.7284, 454.4910, 79.7791
143444.7818, 6394390.0662, 37.9126, 393.7367, 85.9021
143454.1949, 6394384.5574, 40.1658, 1009.1053, 6.3666
143448.2815, 6394375.4149, 37.5610, 1222.1309, 12.1333
143447.9370, 6394375.7073, 37.3834, 1175.7786, 27.5806
143447.9370, 6394375.7073, 37.3834, 1175.7786, 27.5806
143443.0630, 6394378.5290, 36.7549, 642.6489, 45.0000
143453.5982, 6394384.5540, 39.3812, 980.8843, 45.1357
143447.9845, 6394375.4768, 37.1431, 1194.5659, 48.4636
143462.8475, 6394404.6538, 43.5230, 756.2770, 51.1744
143456.7139, 6394393.6578, 41.0127, 809.8858, 51.4034
143456.6152, 6394393.0596, 40.9224, 821.8517, 51.1413
143455.4755, 6394389.5926, 40.2542, 878.8840, 51.7360
143455.3965, 6394389.6596, 40.2454, 873.9623, 51.9489
143454.3942, 6394387.1165, 39.7298, 917.8104, 52.3660
143448.1461, 6394377.6221, 37.3924, 1052.1117, 54.3325
143456.5281, 6394392.4696, 40.7411, 834.0328, 54.9598
143447.7669, 6394375.5722, 37.0539, 1172.4918, 54.7925
143463.0121, 6394405.6680, 43.5469, 742.4879, 55.4271
143463.0121, 6394405.6680, 43.5469, 742.4879, 55.4271
143456.4948, 6394391.5880, 40.6122, 856.7791, 55.2932
143456.3210, 6394391.0527, 40.5130, 865.8031, 55.2847
143442.2840, 6394395.4567, 35.2790, 171.7155, 228.6910
143454.8658, 6394388.5258, 39.9302, 889.0747, 55.6540
143454.8658, 6394388.5258, 39.9302, 889.0747, 55.6540
143444.4745, 6394382.5964, 37.4068, 577.9039, 56.1900
143454.3933, 6394387.6617, 39.7342, 899.0695, 55.8495
143444.6189, 6394383.1057, 37.4902, 569.6523, 56.7341
143443.3299, 6394378.0006, 36.6106, 690.1760, 56.6113
143443.3299, 6394378.0006, 36.6106, 690.1760, 56.6113
143454.3109, 6394386.9253, 39.6135, 920.7681, 56.3977
143454.3109, 6394386.9253, 39.6135, 920.7681, 56.3977
143443.2638, 6394378.4584, 36.6521, 661.5281, 57.3028
143443.2638, 6394378.4584, 36.6521, 661.5281, 57.3028
143444.8869, 6394386.5673, 37.9217, 482.2833, 60.8797
143452.9516, 6394384.1880, 38.9421, 966.5817, 61.5001
143444.6029, 6394382.5300, 37.3230, 588.1969, 63.5270
143445.2853, 6394385.1310, 37.7381, 545.6017, 65.2914
143445.4470, 6394385.1210, 34.7983, 542.1483, 261.1359
143445.6458, 6394385.6334, 34.7563, 538.1714, 265.4080
143445.6458, 6394385.6334, 34.7563, 538.1714, 265.4080
143448.9654, 6394378.1220, 38.1092, 1073.5299, 11.9995
143448.4976, 6394377.0890, 37.6612, 1110.6215, 29.7467
143444.1097, 6394386.5095, 37.9502, 438.5938, 50.0905
143443.2470, 6394388.0315, 37.6489, 350.4275, 72.7769
143443.2470, 6394388.0315, 37.6489, 350.4275, 72.7769
143448.1241, 6394378.0968, 37.2530, 1019.7643, 71.0324
143448.0410, 6394375.4026, 36.8804, 1201.2725, 73.9375
143444.5542, 6394387.5132, 37.7513, 438.4339, 75.6370
143443.5726, 6394388.0621, 37.5886, 368.6808, 80.0639
143447.6620, 6394377.1135, 36.9173, 1052.1807, 83.6320
143447.6620, 6394377.1135, 36.9173, 1052.1807, 83.6320
143447.7440, 6394375.9833, 36.6430, 1135.0742, 98.5252
143446.1978, 6394387.0825, 35.1920, 529.5703, 243.2770
143446.2483, 6394394.5057, 33.9895, 369.9273, 308.2687
143443.1099, 6394379.1345, 33.9699, 599.0746, 309.6054
143449.6435, 6394401.5443, 37.7391, 404.2674, 172.0413
143450.4742, 6394401.5764, 37.7576, 432.9000, 175.3944
143445.3321, 6394395.0128, 33.8412, 320.1081, 311.5152
143450.4742, 6394401.5764, 37.7576, 432.9000, 175.3944
143445.8523, 6394386.0985, 34.5482, 535.4481, 279.8321
143446.1516, 6394387.1021, 34.5649, 524.0956, 280.4787
143446.1516, 6394387.1021, 34.5649, 524.0956, 280.4787
143444.5001, 6394382.6243, 34.3937, 562.9734, 282.1348
143445.8892, 6394397.0061, 34.5025, 316.4545, 282.5497
143445.9697, 6394396.0610, 34.4752, 333.9287, 284.1324
143444.5950, 6394383.1126, 34.3430, 552.1426, 286.3796
143444.5950, 6394383.1126, 34.3430, 552.1426, 286.3796
143442.9578, 6394398.4751, 34.0357, 167.3811, 291.9662
143445.0996, 6394396.0428, 33.7122, 293.9080, 315.7957
143445.0996, 6394396.0428, 33.7122, 293.9080, 315.7957
143445.1482, 6394394.5346, 33.4945, 318.2506, 327.8304
143445.2077, 6394385.1256, 33.9743, 524.5800, 313.5179
143443.4648, 6394380.1254, 33.9344, 583.3754, 313.5765
143443.5050, 6394380.1044, 33.8964, 586.9744, 317.0966
143443.5050, 6394380.1044, 33.8964, 586.9744, 317.0966
143443.8722, 6394381.0893, 33.8977, 574.1637, 317.5557
143443.8722, 6394381.0893, 33.8977, 574.1637, 317.5557
143438.0626, 6394383.9847, 35.0760, 43.3471, 178.1584
143447.9384, 6394392.0619, 36.6613, 499.6267, 184.7334
143445.2659, 6394377.4486, 33.2082, 841.0937, 397.3876
143441.3034, 6394379.9768, 32.7486, 411.1374, 406.9112
143439.7039, 6394388.4633, 35.1725, 109.6597, 203.2298
143446.9580, 6394389.6061, 35.7061, 506.2746, 222.6560
143439.8471, 6394397.4797, 35.1866, 27.2031, 223.6001
143440.2922, 6394398.4666, 35.1230, 42.2228, 230.4529
143448.0433, 6394375.1068, 37.0146, 1227.2345, 57.2096
143445.6113, 6394396.4852, 34.1707, 311.2194, 296.4585
143444.2956, 6394387.6052, 37.8919, 422.0129, 64.9317
143444.2956, 6394387.6052, 37.8919, 422.0129, 64.9317
143447.4716, 6394375.7474, 36.6893, 1136.3931, 87.5944
143447.5169, 6394377.7098, 36.4673, 1000.7641, 126.7553
143443.4749, 6394397.9627, 34.4738, 197.4687, 274.3341
143445.2130, 6394378.5883, 33.4447, 776.5294, 370.0616
143444.3570, 6394382.6184, 33.9881, 551.8606, 311.1773
143444.3570, 6394382.6184, 33.9881, 551.8606, 311.1773
143443.9057, 6394381.0718, 33.8489, 576.8968, 321.6852
143447.8454, 6394376.1222, 37.1520, 1135.9435, 53.6031
143454.2540, 6394384.5028, 40.1560, 1013.6496, 7.0498
143448.4663, 6394376.6821, 37.8273, 1138.8450, 8.9677
143448.2758, 6394375.4303, 37.5408, 1220.3152, 14.2205
143447.9781, 6394375.6772, 37.4995, 1181.8813, 16.6724
143447.9781, 6394375.6772, 37.4995, 1181.8813, 16.6724
143448.2356, 6394375.3852, 37.4255, 1220.3403, 24.0365
143453.6648, 6394384.5431, 39.5147, 984.7695, 38.0446
143447.9039, 6394375.5528, 37.2085, 1184.1742, 41.7903
143447.9039, 6394375.5528, 37.2085, 1184.1742, 41.7903
143448.1319, 6394375.4089, 37.1934, 1209.6390, 45.1248
143453.2495, 6394384.1462, 39.1717, 982.0505, 50.6381
143444.7330, 6394386.5554, 37.9411, 473.8359, 57.8872
143448.3707, 6394378.0259, 37.4286, 1040.0024, 58.9220
143448.2420, 6394378.0500, 37.3638, 1030.4792, 62.8425
143448.2420, 6394378.0500, 37.3638, 1030.4792, 62.8425
143445.2033, 6394386.5443, 37.9248, 500.8982, 63.8332
143442.9718, 6394388.4868, 37.6980, 324.7636, 70.3817
143447.9185, 6394375.4384, 36.8512, 1190.5195, 75.2789
143442.9273, 6394388.5574, 37.6173, 320.4295, 75.4987
143447.9618, 6394377.6492, 37.0976, 1036.8871, 77.4660
143442.8036, 6394391.4742, 37.9005, 261.1875, 78.0965
143443.2084, 6394388.5565, 37.5907, 336.8890, 79.9298
143443.7542, 6394391.0489, 37.9451, 320.1866, 81.2901
143449.3282, 6394380.6416, 37.4699, 947.5959, 92.0308
143449.0158, 6394380.1791, 37.3732, 953.7659, 91.8418
143449.0158, 6394380.1791, 37.3732, 953.7659, 91.8418
143448.8181, 6394380.1656, 37.2452, 942.8566, 99.0297
143448.8750, 6394380.1143, 37.2468, 948.6108, 99.1486
143448.8750, 6394380.1143, 37.2468, 948.6108, 99.1486
143448.7591, 6394380.0810, 37.1195, 943.1172, 107.1352
143440.0926, 6394397.9790, 37.5063, 39.9693, 113.6768
143448.1627, 6394379.5978, 36.7575, 932.5228, 124.5854
143448.1627, 6394379.5978, 36.7575, 932.5228, 124.5854
143446.6998, 6394389.1187, 35.9955, 506.3395, 204.0921
143440.5332, 6394398.9621, 35.6573, 51.1797, 207.5573
143444.0348, 6394390.9697, 33.2093, 322.4919, 344.2744
143454.5153, 6394412.9647, 33.0150, 402.8555, 346.1018
143454.5153, 6394412.9647, 33.0150, 402.8555, 346.1018
143446.0516, 6394387.1048, 35.7283, 523.3448, 210.1802
143442.6848, 6394400.5369, 35.0707, 136.4081, 246.2319
143446.1174, 6394387.1369, 35.6247, 525.5714, 216.9284
143441.0725, 6394393.0102, 33.2789, 132.2060, 326.0883
143445.4808, 6394378.3801, 33.2304, 804.3383, 390.8140
143446.2525, 6394387.5777, 35.5629, 520.7584, 222.4415
143442.6987, 6394388.5402, 33.1671, 292.9180, 346.9884
143450.2537, 6394402.1078, 33.0859, 407.2713, 348.5563
143442.8341, 6394378.5681, 33.5312, 600.0032, 349.6686
143442.8341, 6394378.5681, 33.5312, 600.0032, 349.6686
143447.7635, 6394395.5995, 33.1178, 414.0528, 351.5113
143447.7635, 6394395.5995, 33.1178, 414.0528, 351.5113
143442.7362, 6394378.6223, 33.5058, 589.3918, 351.2646
143441.6242, 6394384.4891, 33.1727, 308.9731, 352.9197
143442.8839, 6394378.5401, 33.4870, 605.0399, 354.2045
143440.6621, 6394385.4977, 32.8675, 217.8867, 367.4234
143443.5511, 6394384.1107, 33.1035, 448.7482, 367.2793
143443.1840, 6394383.1086, 33.1032, 453.8245, 369.5024
143445.0272, 6394377.6415, 33.3478, 814.0319, 382.4724
143441.8938, 6394379.0765, 33.0045, 496.6281, 391.5718
143441.8938, 6394379.0765, 33.0045, 496.6281, 391.5718
143445.2817, 6394378.5339, 33.2036, 782.3656, 391.4446
143445.3219, 6394378.5037, 33.2092, 786.7484, 391.3015
143442.0805, 6394378.5080, 33.0441, 536.8040, 392.1784
143442.0805, 6394378.5080, 33.0441, 536.8040, 392.1784
143442.5635, 6394382.5166, 32.7756, 426.9431, 394.4496
143442.5635, 6394382.5166, 32.7756, 426.9431, 394.4496
143440.3177, 6394379.9220, 32.8271, 326.7177, 395.9960
143445.3852, 6394378.4520, 33.1313, 793.2542, 398.5635
143445.3852, 6394378.4520, 33.1313, 793.2542, 398.5635
143441.5493, 6394381.0039, 32.7693, 397.2107, 399.5392
143445.3741, 6394378.4579, 33.0738, 791.7602, 403.4427
143442.0192, 6394378.5160, 32.9023, 530.2930, 405.4599
143442.0192, 6394378.5160, 32.9023, 530.2930, 405.4599
143445.0406, 6394377.6238, 33.0714, 813.8452, 407.8056
143443.7538, 6394400.4688, 35.0711, 183.4160, 250.6779
143437.7548, 6394381.4843, 33.6280, 46.6481, 298.9542
143441.7703, 6394378.5353, 32.7824, 507.1778, 415.8762
143441.7703, 6394378.5353, 32.7824, 507.1778, 415.8762
143443.4194, 6394377.8708, 32.8955, 676.5865, 416.2733
143439.7637, 6394396.9638, 34.5705, 25.7147, 252.8108
143441.8122, 6394378.5394, 32.7268, 510.2915, 421.3631
143442.1334, 6394378.4359, 32.6986, 542.2426, 426.0250
143448.0960, 6394379.6972, 36.5675, 922.1157, 139.3036
143448.4046, 6394380.1470, 36.5405, 916.1618, 147.3606
143444.2691, 6394399.4646, 33.9666, 214.2366, 299.3557
143437.5247, 6394381.5166, 33.5757, 22.4974, 302.1368
143444.9136, 6394400.4332, 33.8561, 230.0377, 305.6621
143437.5306, 6394381.5140, 33.4610, 22.7628, 313.1684
143437.5306, 6394381.5140, 33.4610, 22.7628, 313.1684
143444.1900, 6394399.4871, 33.4659, 209.5975, 320.4261
143445.3332, 6394394.4869, 33.6807, 328.0106, 319.6336
143445.3332, 6394394.4869, 33.6807, 328.0106, 319.6336
143450.0653, 6394412.9358, 33.4771, 279.9456, 323.8543
143440.7991, 6394399.9838, 35.0618, 55.0499, 237.6441
143442.8226, 6394378.5745, 33.6363, 599.4789, 339.7240
143440.0383, 6394381.0361, 34.3143, 276.0425, 253.9645
143445.1382, 6394393.9601, 33.2324, 326.2515, 341.2838
143444.8460, 6394396.0823, 33.0244, 280.3207, 346.5245
143446.1678, 6394403.4268, 34.8279, 247.9099, 271.0196
143441.1746, 6394382.4384, 33.0964, 326.8853, 363.7962
143441.1746, 6394382.4384, 33.0964, 326.8853, 363.7962
143445.4352, 6394378.4190, 33.4359, 800.6503, 372.6529
143442.4602, 6394381.1206, 33.0990, 466.0327, 375.0328
143439.8360, 6394380.0158, 32.9875, 280.1720, 377.9912
143439.8360, 6394380.0158, 32.9875, 280.1720, 377.9912
143445.3384, 6394377.3896, 33.3644, 850.9564, 383.7868
143441.8591, 6394378.5465, 32.9972, 515.7841, 395.4441
143445.4716, 6394385.1132, 34.6437, 543.1097, 271.3539
143442.4548, 6394381.0983, 32.7722, 464.6800, 402.1222
143440.7693, 6394379.5357, 32.7688, 379.9744, 405.9591
143441.0513, 6394379.0497, 32.7101, 422.4972, 416.1991
143442.1473, 6394378.4426, 32.7893, 543.7274, 417.3326
143442.1473, 6394378.4426, 32.7893, 543.7274, 417.3326
143441.9691, 6394378.4897, 32.5476, 524.8376, 439.5055
143444.6262, 6394383.1069, 34.4383, 554.7725, 279.7102
143446.0077, 6394395.5626, 34.2872, 342.8516, 292.9699
143448.6108, 6394380.6202, 36.3736, 902.8939, 164.3586
143446.2502, 6394387.5798, 36.4479, 524.0465, 170.1165
143446.2502, 6394387.5798, 36.4479, 524.0465, 170.1165
143441.0415, 6394381.9087, 35.1215, 340.1857, 195.1381
143444.2451, 6394408.4569, 37.5350, 135.1965, 170.7435
143449.8301, 6394401.4850, 37.7648, 411.7713, 171.8183
143445.4397, 6394397.0642, 34.0364, 295.1636, 301.5945
143445.7814, 6394396.4312, 33.9612, 318.9140, 306.5513
143451.7875, 6394405.9682, 38.0318, 415.8958, 180.9223
143445.4908, 6394393.5480, 33.6960, 350.8024, 320.4769
143443.7496, 6394380.5644, 33.8314, 585.6588, 323.1662
143443.7496, 6394380.5644, 33.8314, 585.6588, 323.1662
143446.3683, 6394413.4480, 37.5583, 169.1790, 188.5884
143454.5479, 6394415.0080, 33.0625, 382.5797, 342.7318
143454.5479, 6394415.0080, 33.0625, 382.5797, 342.7318
143446.3411, 6394391.6012, 33.3354, 425.5427, 344.3030
143442.8988, 6394378.5314, 33.5365, 606.9779, 349.6951
143445.4282, 6394393.5418, 33.0535, 346.2370, 351.6721
143443.2771, 6394383.1020, 33.2117, 460.8463, 361.9100
143440.7641, 6394386.0121, 32.8692, 215.3842, 365.8946
143443.9680, 6394389.4898, 32.8669, 345.6400, 366.6192
143443.8720, 6394385.1066, 33.0196, 441.1290, 370.7394
143443.8720, 6394385.1066, 33.0196, 441.1290, 370.7394
143444.1993, 6394388.4781, 32.8401, 378.9583, 371.9278
143444.1993, 6394388.4781, 32.8401, 378.9583, 371.9278
143442.0152, 6394379.6133, 33.1702, 486.4147, 373.9454
143447.0923, 6394415.4446, 37.4368, 176.7220, 198.0947
143446.3690, 6394413.4501, 37.2209, 168.7264, 199.1409
143442.9422, 6394385.0068, 32.8136, 384.0818, 381.6859
143442.9422, 6394385.0068, 32.8136, 384.0818, 381.6859
143445.3055, 6394378.5187, 33.3254, 785.6755, 381.1244
143443.3866, 6394385.0103, 32.7989, 412.4123, 384.2183
143443.4758, 6394384.1143, 32.8030, 442.4645, 388.0545
143441.9174, 6394379.0639, 32.9697, 498.9215, 395.0081
143442.6793, 6394382.0286, 32.7743, 450.4664, 397.5343
143442.6793, 6394382.0286, 32.7743, 450.4664, 397.5343
143442.3015, 6394381.4815, 32.7585, 440.1868, 400.4636
143445.9818, 6394387.1292, 35.8257, 519.3558, 203.8922
143439.5675, 6394388.4941, 35.1107, 99.7349, 206.3757
143447.9350, 6394392.0516, 36.2336, 498.3220, 205.9514
143447.4658, 6394391.1161, 35.9369, 496.4925, 216.3160
143445.2156, 6394401.9430, 35.1391, 227.9064, 254.7885
143445.2577, 6394384.6279, 34.7144, 545.7157, 265.1384
143444.5764, 6394383.1230, 34.5335, 551.5577, 272.5336
143444.5764, 6394383.1230, 34.5335, 551.5577, 272.5336
143444.5764, 6394383.1230, 34.5335, 551.5577, 272.5336
143444.1294, 6394382.1258, 34.2365, 555.3455, 291.6399
143443.1867, 6394398.4890, 33.7458, 177.0493, 305.7205
143443.1867, 6394398.4890, 33.7458, 177.0493, 305.7205
143443.6108, 6394380.6361, 34.0126, 573.9066, 307.2575
143445.2822, 6394395.5342, 33.8828, 310.0049, 308.9810
143443.6431, 6394380.6205, 33.9495, 576.4815, 312.6871
143445.7883, 6394393.4740, 33.5596, 365.5197, 328.2782
143445.7883, 6394393.4740, 33.5596, 365.5197, 328.2782
143445.9813, 6394393.4530, 33.4779, 374.5549, 332.9373
143444.2130, 6394391.4888, 33.2045, 322.5007, 344.1289
143440.7195, 6394387.4948, 32.9033, 186.4396, 358.6473
143445.5042, 6394389.6062, 33.0447, 424.8263, 361.3399
143445.5042, 6394389.6062, 33.0447, 424.8263, 361.3399
143443.0246, 6394382.6090, 33.0325, 457.8798, 376.1591
143445.5050, 6394378.3630, 33.3479, 807.7703, 380.8589
143445.5050, 6394378.3630, 33.3479, 807.7703, 380.8589
143445.1108, 6394377.5765, 33.3733, 823.9487, 380.8893
