143442.1735, 6394378.9398, 32.4758, 514.1021, 440.0501
143442.2979, 6394378.9040, 32.4527, 525.9204, 442.8133
143441.2445, 6394379.5001, 32.6728, 412.8957, 413.9196
143441.4430, 6394379.0443, 32.6396, 447.8595, 421.8218
143444.6318, 6394383.0971, 34.5119, 545.4599, 264.0930
143441.9004, 6394390.0239, 37.7180, 215.9740, 52.3631
143442.6630, 6394388.5025, 37.6681, 290.4381, 52.3089
143445.4461, 6394393.5524, 33.3780, 332.9475, 320.2729
143447.7083, 6394391.0973, 34.5856, 490.4735, 271.0530
143442.1737, 6394389.0647, 37.6430, 249.4789, 52.9667
143442.1737, 6394389.0647, 37.6430, 249.4789, 52.9667
143447.7083, 6394391.0973, 34.5856, 490.4735, 271.0530
143441.5047, 6394390.0445, 37.6118, 191.2377, 55.1411
143446.1591, 6394387.1024, 34.4215, 511.9490, 275.7823
143441.5408, 6394390.5183, 37.6654, 186.0034, 55.4798
143442.0102, 6394390.0236, 37.6811, 222.5040, 55.7221
143447.8160, 6394375.6067, 36.9886, 1171.1951, 55.9995
143447.8394, 6394376.4900, 37.0291, 1105.2195, 61.8389
143447.8394, 6394376.4900, 37.0291, 1105.2195, 61.8389
143447.8394, 6394376.4900, 37.0291, 1105.2195, 61.8389
143447.8446, 6394375.5827, 36.9193, 1174.1252, 62.9892
143447.8434, 6394375.5641, 36.8722, 1175.0168, 67.3982
143447.9602, 6394377.6619, 37.0764, 1032.1710, 70.5530
143465.3874, 6394411.5582, 45.0981, 692.6562, 21.5554
143448.0405, 6394375.9282, 37.3647, 1163.5981, 26.8302
143448.0405, 6394375.9282, 37.3647, 1163.5981, 26.8302
143445.1247, 6394396.0610, 33.8192, 279.1983, 294.2368
143444.4711, 6394383.0612, 37.5985, 551.9559, 32.5501
143448.0641, 6394375.5165, 37.1992, 1196.1493, 38.2746
143442.0786, 6394389.0175, 37.6696, 244.5771, 49.9510
143440.7763, 6394398.0146, 38.0209, 54.5194, 73.4437
143447.8335, 6394375.5611, 36.7966, 1173.7966, 74.6382
143448.8680, 6394379.6543, 37.4015, 968.0746, 72.3413
143448.7659, 6394379.6777, 37.3533, 960.7971, 75.0539
143440.8113, 6394397.5335, 37.9730, 60.6316, 73.6470
143440.5305, 6394398.5230, 37.9935, 37.5334, 75.4686
143448.8037, 6394379.6426, 37.3527, 964.7985, 75.2801
143447.7007, 6394376.5390, 36.7254, 1090.0323, 88.6687
143441.2251, 6394397.5519, 37.9666, 81.6409, 77.1992
143441.4602, 6394401.4684, 37.2564, 57.0421, 127.4524
143440.7843, 6394399.0235, 38.0221, 46.1186, 78.3777
143449.3202, 6394396.4550, 37.8917, 460.0846, 130.3201
143440.7843, 6394399.0235, 38.0221, 46.1186, 78.3777
143442.1370, 6394402.9572, 37.2033, 75.0368, 137.9892
143443.3720, 6394378.4990, 35.6726, 654.4210, 146.0207
143440.6203, 6394398.9676, 37.9627, 38.3083, 79.7587
143448.5997, 6394384.4618, 36.6919, 733.5938, 147.0556
143440.6203, 6394398.9676, 37.9627, 38.3083, 79.7587
143448.5997, 6394384.4618, 36.6919, 733.5938, 147.0556
143443.1441, 6394379.1069, 35.6642, 606.5142, 147.5582
143444.1078, 6394393.9926, 32.9327, 260.2699, 337.2741
143448.0106, 6394384.3962, 36.6057, 705.1320, 147.5015
143448.0106, 6394384.3962, 36.6057, 705.1320, 147.5015
143443.0802, 6394379.1441, 35.6529, 599.6199, 148.0571
143441.0851, 6394398.5423, 37.9966, 65.2968, 79.5022
143443.1081, 6394379.1282, 35.6561, 602.6086, 148.0038
143445.1871, 6394388.6107, 33.1923, 417.7126, 341.3545
143448.5262, 6394380.0826, 36.3972, 918.8397, 148.5626
143443.1374, 6394378.5404, 35.6092, 633.0836, 149.4829
143443.1374, 6394378.5404, 35.6092, 633.0836, 149.4829
143443.6712, 6394380.5924, 35.7767, 581.5277, 151.3535
143442.9420, 6394387.4431, 33.1324, 315.3181, 340.8319
143443.9511, 6394381.6201, 35.8653, 560.8768, 151.8846
143439.7190, 6394396.9666, 37.5383, 6.9947, 84.3811
143444.3818, 6394390.0355, 32.8710, 343.1253, 352.6054
143440.2749, 6394385.0247, 32.8716, 183.6343, 358.1372
143444.9518, 6394388.1098, 32.9091, 415.6513, 358.7914
143439.7190, 6394396.9666, 37.5383, 6.9947, 84.3811
143448.6292, 6394379.6484, 37.1913, 953.5780, 85.8430
143448.4174, 6394379.5694, 36.9845, 944.4354, 99.0411
143447.6472, 6394375.5982, 36.4880, 1155.7526, 102.5362
143447.6472, 6394375.5982, 36.4880, 1155.7526, 102.5362
143450.7088, 6394400.9885, 37.7966, 434.9003, 153.5144
143443.9341, 6394381.6332, 35.8311, 558.9974, 154.5299
143451.4810, 6394405.0326, 38.0560, 402.8056, 155.8975
143447.9780, 6394392.0473, 36.7699, 488.6799, 162.3354
143442.8830, 6394397.9573, 33.5604, 150.9233, 296.3111
143449.5920, 6394396.6093, 37.1814, 466.0075, 163.3263
143448.0364, 6394375.6376, 37.4292, 1187.2029, 16.8013
143447.9905, 6394375.6451, 37.3928, 1183.3840, 19.6810
143442.8830, 6394397.9573, 33.5604, 150.9233, 296.3111
143442.7666, 6394383.5212, 37.5826, 421.1245, 15.8544
143448.7796, 6394377.9741, 37.8832, 1066.9670, 15.8683
143451.4692, 6394411.4771, 38.0841, 325.5149, 166.1086
143444.2819, 6394399.4782, 33.6330, 196.7970, 295.9649
143443.6524, 6394380.6159, 34.0016, 568.6610, 301.2148
143444.5619, 6394408.9525, 37.0934, 122.5689, 167.1275
143465.3583, 6394410.5851, 44.9766, 706.5428, 21.2335
143445.1384, 6394400.9563, 33.4950, 215.5727, 302.6842
143448.6824, 6394378.0997, 37.8169, 1052.8275, 21.4764
143442.7291, 6394386.0358, 32.8448, 332.5343, 364.1566
143454.5907, 6394386.6413, 39.9429, 934.2776, 22.3818
143444.3656, 6394382.5205, 37.6003, 564.5828, 25.7254
143443.5107, 6394385.4936, 32.8006, 395.3394, 372.0575
143441.8264, 6394379.1266, 33.1662, 481.0007, 372.3239
143441.8264, 6394379.1266, 33.1662, 481.0007, 372.3239
143444.2028, 6394382.5965, 37.5741, 550.8013, 26.3675
143444.2380, 6394382.5778, 37.5759, 553.8460, 26.5045
143444.8549, 6394381.9691, 37.5962, 618.0204, 27.0210
143444.8549, 6394381.9691, 37.5962, 618.0204, 27.0210
143443.9516, 6394383.0306, 37.5688, 518.5609, 27.7862
143443.9992, 6394383.0048, 37.5777, 522.6907, 27.4691
143443.0292, 6394384.4794, 32.7825, 391.0901, 376.7856
143445.7753, 6394411.9477, 37.1642, 141.4412, 174.4480
143453.6877, 6394384.4603, 39.4140, 980.5009, 27.4828
143442.7657, 6394383.5260, 32.7935, 399.9298, 380.2428
143445.3633, 6394378.4740, 33.2864, 785.2822, 379.9892
143448.5940, 6394378.0059, 37.6917, 1052.6438, 29.7747
143443.0473, 6394383.0343, 32.7823, 434.0124, 384.7539
143442.2681, 6394380.6257, 32.9052, 457.6195, 387.4819
143442.2681, 6394380.6257, 32.9052, 457.6195, 387.4819
143441.8113, 6394379.0980, 32.8666, 479.0802, 400.8457
143445.0742, 6394377.5990, 33.0978, 812.2092, 402.1942
143441.9146, 6394380.0192, 32.7510, 450.7921, 404.3421
143441.9146, 6394380.0192, 32.7510, 450.7921, 404.3421
143444.3713, 6394385.5365, 37.9213, 468.0580, 30.5415
143442.9445, 6394378.5057, 33.5774, 604.8210, 342.4122
143444.7718, 6394382.4401, 37.5912, 594.2707, 31.0036
143444.4918, 6394382.5898, 37.5521, 570.1135, 31.8323
143444.3996, 6394383.1007, 37.5868, 545.8428, 32.9000
143443.2921, 6394387.9684, 37.9359, 340.7870, 37.6728
143443.2389, 6394387.9894, 37.9264, 337.0836, 37.8765
143446.5793, 6394413.9451, 37.1498, 152.3625, 180.6882
143442.7646, 6394388.4829, 37.8521, 297.5900, 41.4453
143443.6938, 6394387.9580, 37.9362, 364.9759, 41.8516
143448.1933, 6394377.6900, 37.4436, 1047.5289, 42.0089
143448.1933, 6394377.6900, 37.4436, 1047.5289, 42.0089
143441.8773, 6394389.0347, 37.6217, 231.6470, 51.0521
143441.9421, 6394379.0326, 32.8276, 492.7576, 405.5031
143441.7885, 6394389.0499, 37.5954, 225.7545, 51.9293
143442.5809, 6394388.5161, 37.6498, 285.0894, 52.7294
143442.4825, 6394388.5350, 37.6302, 278.6215, 53.1089
143441.7881, 6394390.5131, 37.6664, 200.9817, 57.7917
143441.7881, 6394390.5131, 37.6664, 200.9817, 57.7917
143447.9482, 6394377.0339, 37.0930, 1073.7429, 62.9720
143447.9482, 6394377.0339, 37.0930, 1073.7429, 62.9720
143440.6044, 6394394.5253, 37.6885, 78.9993, 70.6431
143448.0622, 6394375.4367, 36.8599, 1198.7072, 70.6415
143447.6936, 6394377.1700, 36.9624, 1047.6533, 72.5046
143443.6805, 6394380.6010, 33.9343, 570.8979, 307.0372
143440.6318, 6394398.0447, 37.9738, 46.7910, 74.8190
143442.0813, 6394378.4634, 32.7107, 528.7255, 422.2385
143440.2445, 6394397.9709, 37.7708, 27.1116, 81.5602
143447.6124, 6394406.9246, 33.1978, 242.9185, 313.0753
143440.2445, 6394397.9709, 37.7708, 27.1116, 81.5602
143447.6810, 6394376.5629, 36.7182, 1087.0184, 89.2721
143448.2482, 6394379.1561, 36.9987, 957.8686, 92.9894
143447.5838, 6394377.6219, 36.5787, 1007.4612, 109.0828
143445.5005, 6394393.5346, 33.5034, 336.1499, 314.2925
143441.5670, 6394383.4332, 33.0673, 317.5763, 355.7327
143442.9657, 6394378.4932, 33.4205, 606.0613, 357.4374
143440.6614, 6394399.4689, 37.2729, 35.2938, 114.8811
143443.7116, 6394384.6088, 33.0438, 432.9336, 360.1725
143445.6741, 6394393.4691, 33.4206, 345.2399, 319.0701
143443.7581, 6394386.9880, 32.8291, 373.6876, 364.3993
143445.8945, 6394393.4475, 33.3287, 355.6823, 324.3329
143451.2154, 6394406.4936, 32.9880, 365.8563, 328.7364
143449.0823, 6394396.0214, 37.9987, 458.9229, 122.7482
143444.8928, 6394391.9898, 32.8793, 332.4015, 347.6318
143449.0823, 6394396.0214, 37.9987, 458.9229, 122.7482
143445.6330, 6394386.1127, 35.7076, 516.0601, 192.2584
143447.8440, 6394392.1103, 36.8265, 481.4736, 158.8096
143445.8964, 6394386.6089, 35.6524, 516.3282, 198.6118
143450.6745, 6394423.9365, 36.7836, 196.4238, 212.6517
143447.5917, 6394377.6465, 36.4243, 1004.9753, 122.9532
143441.3069, 6394400.9729, 37.2537, 53.9873, 125.0639
143441.6606, 6394401.9669, 37.2672, 62.1163, 129.7052
143441.3965, 6394400.9518, 37.1270, 58.1570, 131.1838
143445.3322, 6394377.3964, 33.4054, 845.1498, 376.3167
143445.3539, 6394377.3770, 33.3799, 847.6393, 378.8949
143441.8425, 6394379.1102, 33.0759, 482.5125, 381.0548
143441.8425, 6394379.1102, 33.0759, 482.5125, 381.0548
143445.3340, 6394378.4949, 33.2371, 781.7729, 384.0376
143444.9940, 6394377.6687, 33.2492, 803.6452, 387.4839
143444.9940, 6394377.6687, 33.2492, 803.6452, 387.4839
143441.9898, 6394379.0353, 33.0044, 497.7806, 388.9468
143445.4459, 6394378.4037, 33.1866, 793.9847, 389.4513
143442.1107, 6394378.4921, 33.0351, 532.0953, 390.6493
143442.1107, 6394378.4921, 33.0351, 532.0953, 390.6493
143440.2241, 6394379.9554, 32.8370, 305.8046, 391.1944
143445.0004, 6394377.6633, 33.2063, 804.0681, 391.4860
143445.1691, 6394377.5271, 33.2113, 824.1416, 392.6497
143445.2113, 6394377.4922, 33.2117, 829.2120, 393.0217
143441.1991, 6394380.5036, 32.7604, 373.8719, 397.4551
143445.1202, 6394377.5655, 33.1529, 817.9028, 397.5497
143441.8020, 6394401.9569, 37.1212, 68.3604, 136.7936
143444.5764, 6394382.5963, 32.6857, 550.0967, 398.9420
143445.1795, 6394377.5260, 33.4356, 826.8144, 372.0405
143445.2892, 6394377.4339, 33.4282, 840.0452, 373.7863
143445.0361, 6394377.6397, 33.3577, 809.2394, 377.8754
143445.0361, 6394377.6397, 33.3577, 809.2394, 377.8754
143444.5764, 6394382.5963, 32.6857, 550.0967, 398.9420
143442.3258, 6394380.6145, 33.0044, 463.0872, 379.2333
143445.3185, 6394378.4943, 33.0318, 779.1810, 401.8256
143443.3017, 6394377.9497, 33.0025, 657.3602, 402.4519
143443.3017, 6394377.9497, 33.0025, 657.3602, 402.4519
143442.1511, 6394378.4608, 32.8974, 536.0761, 404.3955
143443.3750, 6394377.8966, 32.9395, 665.5396, 409.1675
143443.3750, 6394377.8966, 32.9395, 665.5396, 409.1675
143442.3258, 6394380.6145, 33.0044, 463.0872, 379.2333
143443.0442, 6394378.0426, 33.2024, 633.1761, 381.5674
143445.3366, 6394378.4888, 33.1584, 781.6791, 390.9322
143449.5502, 6394384.8755, 36.8513, 766.3980, 146.2737
143443.7553, 6394378.3446, 35.6945, 692.7346, 147.7273
143443.7553, 6394378.3446, 35.6945, 692.7346, 147.7273
143445.4893, 6394378.3676, 33.1728, 798.8093, 391.0562
143445.4893, 6394378.3676, 33.1728, 798.8093, 391.0562
143443.1831, 6394378.0296, 33.0608, 644.1116, 395.7971
143442.3337, 6394381.0269, 32.7629, 447.6378, 396.9974
143442.3337, 6394381.0269, 32.7629, 447.6378, 396.9974
143442.1224, 6394380.1025, 32.8359, 465.0679, 396.7883
143442.1546, 6394378.9592, 32.8955, 514.3015, 400.4000
143442.1546, 6394378.9592, 32.8955, 514.3015, 400.4000
143441.7252, 6394379.1351, 32.8278, 469.9168, 403.9189
143441.7859, 6394379.1060, 32.8097, 476.2275, 406.0689
143441.7859, 6394379.1060, 32.8097, 476.2275, 406.0689
143440.9529, 6394379.5005, 32.7092, 387.1939, 409.6011
143442.0487, 6394378.9763, 32.7897, 503.9664, 409.8940
143442.0487, 6394378.9763, 32.7897, 503.9664, 409.8940
143441.8292, 6394379.0807, 32.7429, 480.5817, 412.7369
143441.8292, 6394379.0807, 32.7429, 480.5817, 412.7369
143442.0919, 6394378.4710, 32.8017, 529.8956, 413.3876
143442.0919, 6394378.4710, 32.8017, 529.8956, 413.3876
143442.7681, 6394378.5961, 32.8200, 580.9982, 412.5121
143442.1732, 6394378.9479, 32.7563, 515.4835, 413.6558
143441.2834, 6394379.4809, 32.6429, 416.8684, 417.0144
143441.2834, 6394379.4809, 32.6429, 416.8684, 417.0144
143443.5767, 6394400.4866, 34.9045, 157.2479, 238.3938
143444.5784, 6394383.1196, 34.5945, 541.6905, 257.7205
143451.7852, 6394426.4404, 36.8234, 207.1866, 215.8968
143443.7771, 6394378.3338, 32.8415, 673.8752, 415.6787
143443.7771, 6394378.3338, 32.8415, 673.8752, 415.6787
143451.7852, 6394426.4404, 36.8234, 207.1866, 215.8968
143442.3714, 6394378.8828, 32.6949, 534.4944, 420.5425
143442.3903, 6394378.8680, 32.6483, 536.4175, 425.0904
143441.9304, 6394378.9826, 32.5309, 492.0415, 433.9342
143441.9304, 6394378.9826, 32.5309, 492.0415, 433.9342
143448.4304, 6394380.1702, 36.3833, 908.8949, 149.0938
143446.2269, 6394387.0822, 36.4838, 524.3763, 150.9507
143444.1018, 6394399.4774, 33.7948, 189.2703, 288.3937
143445.1872, 6394394.0817, 33.4685, 312.0546, 314.0021
143450.8378, 6394400.9630, 37.8266, 439.8830, 152.9251
143445.1872, 6394394.0817, 33.4685, 312.0546, 314.0021
143443.8224, 6394381.1155, 33.8477, 560.0894, 313.5298
143450.5621, 6394400.9604, 37.7706, 430.1249, 153.7456
143448.2057, 6394379.5797, 36.6805, 929.5502, 120.7017
143447.6269, 6394377.6173, 36.3935, 1008.7217, 125.8938
143444.2355, 6394395.9825, 32.9525, 237.5481, 332.0633
143444.2355, 6394395.9825, 32.9525, 237.5481, 332.0633
143443.0633, 6394387.9673, 33.1951, 311.7587, 335.7043
143444.4458, 6394386.6065, 33.0372, 424.2072, 354.9958
143440.4706, 6394384.5062, 32.8564, 208.9334, 362.4789
143443.7240, 6394406.9512, 37.2065, 107.4276, 155.4687
143443.5316, 6394379.6080, 34.9251, 608.5013, 221.0536
143443.5316, 6394379.6080, 34.9251, 608.5013, 221.0536
143443.1901, 6394405.4579, 37.0177, 98.3042, 156.9732
143444.4637, 6394382.6281, 35.0218, 553.6027, 225.0045
143439.7910, 6394380.0320, 32.9977, 263.4289, 373.4328
143445.4765, 6394378.3839, 33.2975, 798.0057, 380.0401
143440.2722, 6394379.9408, 32.8798, 310.9336, 387.3979
143442.6541, 6394382.4800, 32.7696, 423.3790, 387.8252
143440.7725, 6394380.5422, 32.7885, 336.0979, 393.1971
143441.9918, 6394379.0202, 32.8777, 497.8101, 401.0321
143441.9918, 6394379.0202, 32.8777, 497.8101, 401.0321
143442.2229, 6394378.9493, 32.7986, 519.8631, 409.8097
143441.9722, 6394378.9714, 32.5499, 496.1865, 432.3472
143441.9979, 6394378.4826, 32.5589, 519.6717, 436.5386
143446.3292, 6394404.4573, 35.4386, 226.5524, 229.3630
143447.7618, 6394407.9445, 35.4732, 241.1779, 234.6013
143447.7618, 6394407.9445, 35.4732, 241.1779, 234.6013
143443.7997, 6394406.9519, 37.0874, 110.1680, 160.2636
143452.6324, 6394405.4575, 38.0859, 433.5656, 160.6097
143451.4215, 6394405.9800, 37.9452, 388.1459, 161.2746
143451.4215, 6394405.9800, 37.9452, 388.1459, 161.2746
143450.0009, 6394406.5505, 37.7656, 334.8058, 162.4939
143451.8390, 6394405.9788, 37.9684, 401.4391, 162.2354
143452.0548, 6394405.9579, 37.9912, 408.5486, 162.3215
143444.3405, 6394400.9688, 35.0056, 184.9434, 237.3627
143440.0584, 6394381.0296, 34.3451, 265.1319, 244.6051
143451.7060, 6394405.9819, 37.9117, 397.0892, 163.6281
143443.8187, 6394406.9554, 36.9917, 110.7412, 163.9206
143447.8769, 6394392.0943, 36.7208, 482.9654, 164.3100
143440.3456, 6394380.4383, 35.1854, 312.8407, 166.8983
143440.3456, 6394380.4383, 35.1854, 312.8407, 166.8983
143452.2910, 6394410.9732, 38.1311, 355.0981, 166.9592
143440.2466, 6394380.4749, 35.1640, 302.5287, 167.9760
143440.0777, 6394380.4937, 35.1284, 286.2035, 169.5377
143440.0777, 6394380.4937, 35.1284, 286.2035, 169.5377
143440.3510, 6394380.4397, 35.1497, 313.1128, 170.3785
143440.2760, 6394380.4673, 35.1367, 305.3300, 170.8939
143444.1137, 6394386.0488, 37.8860, 437.8178, 34.3821
143448.1169, 6394377.6591, 37.3885, 1044.5297, 45.3986
143445.2042, 6394410.4465, 37.0646, 133.5370, 173.2474
143443.1206, 6394388.0589, 37.7413, 327.8030, 49.0931
143443.1206, 6394388.0589, 37.7413, 327.8030, 49.0931
143444.1326, 6394387.9690, 37.8178, 389.9666, 53.9968
143450.1690, 6394417.0068, 37.9301, 236.1207, 173.8840
143450.1690, 6394417.0068, 37.9301, 236.1207, 173.8840
143445.5760, 6394411.4519, 37.0815, 138.4684, 175.6732
143446.1453, 6394412.9537, 37.1923, 145.9750, 176.3982
143439.1805, 6394386.9524, 35.2289, 74.8103, 176.8314
143441.8238, 6394401.9626, 37.0138, 69.1427, 141.5642
143446.3029, 6394387.5578, 36.5683, 515.7014, 148.1127
143445.7801, 6394396.0741, 34.3408, 309.5541, 272.4669
143450.2339, 6394417.5119, 37.8546, 233.6941, 176.8918
143445.9101, 6394396.0305, 34.2904, 315.8600, 275.3032
143445.8126, 6394386.1212, 34.3959, 520.3661, 276.4585
143449.5817, 6394420.9435, 37.8790, 189.7454, 178.2055
143447.8060, 6394375.8928, 36.6936, 1144.6829, 87.4033
143449.6195, 6394396.5873, 37.6577, 468.7606, 142.6847
143449.5817, 6394420.9435, 37.8790, 189.7454, 178.2055
143445.5038, 6394396.5138, 34.0068, 289.9280, 286.4601
143443.6358, 6394380.6243, 34.0458, 567.3728, 297.4019
143453.7725, 6394383.9641, 39.5122, 1005.4301, 18.7595
143453.5946, 6394384.0442, 39.4569, 994.3931, 20.8396
143443.1352, 6394386.0559, 37.8868, 376.4451, 22.9505
143448.0957, 6394375.5284, 37.3509, 1198.8253, 24.0614
143450.3179, 6394380.6585, 38.3242, 997.3757, 29.5215
143450.3179, 6394380.6585, 38.3242, 997.3757, 29.5215
143447.8633, 6394375.6219, 37.1648, 1174.8684, 39.6359
143448.1428, 6394375.5085, 37.1931, 1201.5181, 40.0638
143443.5483, 6394387.9612, 37.9299, 356.2613, 40.7391
143448.0382, 6394375.5132, 37.0715, 1193.3838, 50.3427
143448.1474, 6394377.9973, 37.1799, 1022.7175, 67.1700
143443.3155, 6394379.5978, 33.9052, 585.9815, 310.1855
143448.5359, 6394397.0914, 33.5946, 406.8521, 313.6482
143446.4414, 6394386.9732, 36.4717, 538.8306, 152.9587
143442.7881, 6394378.6048, 33.7842, 588.7629, 321.4308
143443.8312, 6394380.6408, 33.7340, 578.9411, 324.3870
143443.8312, 6394380.6408, 33.7340, 578.9411, 324.3870
143451.2924, 6394405.0647, 38.0411, 396.2451, 155.6550
143444.1549, 6394385.6075, 33.3517, 434.2223, 337.2214
143442.9649, 6394378.4930, 33.5454, 606.8744, 345.6123
143444.0584, 6394381.1092, 33.4186, 574.4259, 349.2417
143442.9418, 6394378.5061, 33.4492, 603.6990, 354.5309
143442.9418, 6394378.5061, 33.4492, 603.6990, 354.5309
143443.5728, 6394384.1087, 33.1168, 438.6396, 356.7347
143443.0187, 6394378.4593, 33.4333, 612.0849, 356.6820
143442.7004, 6394381.6149, 33.2211, 457.3095, 356.9574
143443.2028, 6394383.1025, 33.0873, 444.0079, 362.1015
143444.6710, 6394383.0843, 35.1284, 551.4805, 219.2299
143443.0894, 6394378.4444, 33.3618, 618.0123, 363.8643
143442.8326, 6394378.5709, 33.3355, 590.9388, 364.3829
143445.3370, 6394378.4978, 33.3922, 783.0031, 370.5243
143441.8675, 6394379.1081, 33.1846, 485.3986, 370.8822
143442.3514, 6394380.6106, 33.0959, 465.7368, 371.4816
143443.0096, 6394378.0620, 33.2506, 629.7078, 376.6309
143443.0096, 6394378.0620, 33.2506, 629.7078, 376.6309
143442.8841, 6394378.5330, 33.2071, 596.0562, 376.9767
143442.8841, 6394378.5330, 33.2071, 596.0562, 376.9767
143445.3126, 6394378.5128, 33.2664, 779.5672, 381.2888
143443.2516, 6394377.9988, 33.1774, 652.0834, 385.1224
143444.0198, 6394381.1290, 32.9244, 568.1884, 388.4060
143442.2371, 6394378.4575, 33.0554, 544.6355, 389.4328
143442.2371, 6394378.4575, 33.0554, 544.6355, 389.4328
143443.1762, 6394378.0369, 33.1103, 643.5350, 390.9771
143443.2535, 6394377.9847, 33.0623, 652.1073, 396.2722
143442.2250, 6394378.9543, 32.9180, 520.5737, 398.5671
143442.2250, 6394378.9543, 32.9180, 520.5737, 398.5671
143442.4209, 6394378.8775, 32.8751, 539.9964, 403.8625
143442.4209, 6394378.8775, 32.8751, 539.9964, 403.8625
143444.2723, 6394381.5852, 32.6750, 566.6520, 405.6241
143444.2723, 6394381.5852, 32.6750, 566.6520, 405.6241
143444.2723, 6394381.5852, 32.6750, 566.6520, 405.6241
143444.2723, 6394381.5852, 32.6750, 566.6520, 405.6241
143451.8035, 6394405.9642, 38.0547, 400.6824, 159.1008
143451.8035, 6394405.9642, 38.0547, 400.6824, 159.1008
143447.8984, 6394392.0851, 35.4983, 480.2634, 225.8285
143447.8984, 6394392.0851, 35.4983, 480.2634, 225.8285
143451.5804, 6394405.9664, 38.0095, 393.5021, 159.7099
143447.9954, 6394392.0388, 35.5035, 485.6169, 226.0198
143447.9954, 6394392.0388, 35.5035, 485.6169, 226.0198
143451.5804, 6394405.9664, 38.0095, 393.5021, 159.7099
143439.8654, 6394380.5157, 35.1314, 265.7366, 166.8753
143443.4518, 6394398.9852, 35.1354, 168.3783, 227.0085
143447.5041, 6394416.4473, 37.4849, 162.6621, 176.9933
143441.1027, 6394400.4653, 34.8622, 45.3064, 229.7841
143449.1023, 6394419.9632, 37.7636, 183.5005, 178.6870
143449.1023, 6394419.9632, 37.7636, 183.5005, 178.6870
143439.3461, 6394387.4615, 35.2383, 79.9717, 179.1143
143446.0672, 6394395.9309, 35.1284, 326.3324, 237.2678
143439.9470, 6394381.0610, 34.3941, 254.3612, 239.1089
143446.1742, 6394412.9581, 37.0637, 146.7250, 180.6336
143444.8137, 6394401.4801, 34.9702, 198.9367, 240.8519
143446.1742, 6394412.9581, 37.0637, 146.7250, 180.6336
143442.6809, 6394404.4687, 34.7198, 82.5853, 243.6050
143442.4798, 6394398.9522, 34.3413, 122.8231, 258.6122
143443.2944, 6394398.9815, 34.0832, 159.4759, 273.2863
143446.7640, 6394404.9396, 34.1421, 235.2565, 278.9590
143445.9702, 6394412.4546, 36.9328, 143.7334, 183.4328
143447.0185, 6394414.9516, 37.1023, 158.5045, 184.9712
143439.7103, 6394388.4574, 35.2279, 92.1081, 185.5092
143443.1668, 6394398.4853, 33.3697, 157.8958, 305.2228
143443.1668, 6394398.4853, 33.3697, 157.8958, 305.2228
143444.9193, 6394401.4869, 34.8373, 202.9637, 246.7030
143449.5921, 6394396.5990, 37.2787, 466.4592, 159.0741
143446.6401, 6394404.4266, 33.4740, 235.1366, 303.6820
143445.4390, 6394393.9947, 33.6174, 325.6995, 307.7113
143439.3776, 6394387.4639, 33.1334, 77.4549, 326.5234
143445.4182, 6394401.9556, 34.8031, 217.8246, 249.9847
143450.2913, 6394402.9758, 32.9390, 381.0345, 334.1148
143444.0069, 6394390.0061, 32.8714, 323.5210, 351.5526
143440.6584, 6394384.0016, 32.8440, 234.2169, 366.6553
143443.0754, 6394384.9867, 32.7945, 380.6756, 373.5423
143445.1879, 6394377.5062, 33.0912, 825.7121, 403.9099
143441.7011, 6394378.9943, 32.6072, 472.2788, 426.0543
143445.4182, 6394401.9556, 34.8031, 217.8246, 249.9847
143445.5386, 6394401.9290, 34.7593, 222.8482, 252.1779
143446.0199, 6394387.1152, 35.7853, 509.5424, 192.2778
143445.5386, 6394401.9290, 34.7593, 222.8482, 252.1779
143444.6201, 6394383.0944, 34.6756, 545.6182, 252.0651
143440.2933, 6394380.9579, 34.1783, 287.5379, 261.9333
143447.0932, 6394390.1138, 36.0049, 488.9796, 192.5125
143446.7472, 6394389.1042, 35.9240, 496.1006, 192.9322
143443.1555, 6394388.0599, 37.6620, 329.6293, 54.5668
143444.1316, 6394387.9738, 37.7928, 389.7064, 55.5971
143448.1663, 6394377.4882, 37.1784, 1056.7819, 62.8180
143446.0964, 6394387.0817, 35.7350, 514.3794, 195.8018
143446.0964, 6394387.0817, 35.7350, 514.3794, 195.8018
143447.2536, 6394390.6278, 35.9182, 484.3866, 199.0097
143446.3954, 6394413.4539, 37.0707, 150.1144, 181.8717
143446.1576, 6394387.6217, 35.7417, 503.0894, 196.8607
143446.2986, 6394387.5503, 35.5488, 511.6891, 209.1686
143448.4433, 6394375.3822, 37.5227, 1233.7920, 11.2297
143448.4704, 6394375.3315, 37.4656, 1238.9911, 16.6049
143446.2986, 6394387.5503, 35.5488, 511.6891, 209.1686
143444.4469, 6394382.6414, 35.1517, 552.7061, 215.1132
143444.1039, 6394400.9773, 35.0090, 174.8674, 236.2737
143443.3517, 6394383.5956, 37.5669, 459.3206, 25.6566
143448.6632, 6394378.1370, 37.7627, 1048.8932, 26.1833
143444.6430, 6394386.4927, 37.9550, 457.7037, 39.3350
143443.2641, 6394387.9866, 37.8662, 338.4658, 42.0076
143446.1872, 6394387.6103, 35.6345, 504.5392, 203.4384
143443.2641, 6394387.9866, 37.8662, 338.4658, 42.0076
143442.6092, 6394388.4815, 37.8042, 287.9967, 42.8616
143443.0459, 6394388.4771, 37.8511, 314.6967, 44.4252
143443.0459, 6394388.4771, 37.8511, 314.6967, 44.4252
143442.7409, 6394388.4836, 37.7750, 295.9004, 46.1394
143442.7409, 6394388.4836, 37.7750, 295.9004, 46.1394
143447.9340, 6394375.5474, 37.0459, 1183.9182, 51.5829
143442.7815, 6394388.5060, 37.6810, 297.6148, 52.7328
143448.0277, 6394377.6379, 37.1651, 1038.5746, 63.4936
143447.7387, 6394377.6274, 36.9808, 1020.1967, 75.6530
143447.7387, 6394377.6274, 36.9808, 1020.1967, 75.6530
143448.3768, 6394379.1125, 37.1607, 968.9860, 81.1466
143447.7992, 6394377.4998, 36.8979, 1031.4399, 82.6753
143447.7374, 6394375.5371, 36.6196, 1167.7793, 90.3703
143448.3819, 6394379.6182, 36.9141, 939.2410, 104.5068
143447.6097, 6394375.6483, 36.4674, 1149.1726, 104.4469
143445.7946, 6394397.0183, 34.4574, 296.2719, 266.7806
143445.7946, 6394397.0183, 34.4574, 296.2719, 266.7806
143444.6770, 6394383.0750, 34.4652, 548.8686, 267.7950
143443.3403, 6394378.5310, 34.3792, 640.9689, 269.1043
143445.8351, 6394396.5157, 34.4103, 305.4106, 269.2766
143443.6471, 6394380.1494, 34.3694, 589.8687, 270.8056
143449.6872, 6394411.9270, 34.0551, 261.7399, 285.5596
143447.4311, 6394406.4446, 34.3234, 243.3991, 273.6325
143445.8408, 6394396.5157, 34.3224, 305.4622, 273.2994
143445.7784, 6394396.5374, 34.2914, 302.3245, 274.4628
143445.7703, 6394396.0795, 34.2136, 308.7429, 278.2892
143442.7751, 6394378.6121, 33.7422, 587.0677, 325.3140
143442.7751, 6394378.6121, 33.7422, 587.0677, 325.3140
143444.8476, 6394395.0804, 33.1674, 279.6376, 325.5869
143445.4721, 6394397.0597, 34.0984, 280.8055, 281.7334
143444.1795, 6394382.1032, 34.2328, 549.5780, 283.1347
143446.2024, 6394394.5396, 34.1663, 352.9227, 283.3023
143443.2757, 6394389.4808, 33.1989, 293.9696, 331.9163
143446.1822, 6394387.0926, 35.5691, 518.0173, 206.4911
143445.4495, 6394395.9897, 33.9592, 295.2197, 288.9552
143446.2480, 6394392.9769, 32.8631, 379.4008, 349.4024
143446.1964, 6394387.6065, 35.6993, 505.3774, 199.6184
143442.7645, 6394400.5187, 35.1279, 121.4797, 225.3577
143445.3994, 6394378.4489, 33.4014, 789.9981, 370.2765
143443.3918, 6394384.4773, 32.7868, 414.9629, 377.6195
143443.3918, 6394384.4773, 32.7868, 414.9629, 377.6195
143439.9773, 6394380.0198, 32.9194, 281.1025, 381.8538
143443.1260, 6394378.0309, 33.1362, 639.9597, 388.3443
143443.1260, 6394378.0309, 33.1362, 639.9597, 388.3443
143442.0991, 6394378.9573, 32.7262, 508.6445, 416.1869
143441.4567, 6394379.0375, 32.6316, 449.2934, 422.6876
143441.6321, 6394379.0258, 32.5893, 464.8875, 427.2823
143446.2077, 6394387.5988, 35.4997, 505.4099, 211.5990
143450.9205, 6394424.4382, 36.6885, 199.1443, 215.9835
143439.7865, 6394381.0236, 30.3716, 224.3172, 603.3720
143439.5410, 6394381.0775, 30.3059, 200.4481, 609.1047
143442.1766, 6394391.5196, 27.8817, 184.8782, 613.8760
143449.0520, 6394396.4622, 37.9306, 449.4268, 127.0332
143447.9832, 6394392.0459, 35.5768, 485.1452, 222.2995
143444.4597, 6394382.6317, 35.0568, 553.3903, 222.3482
143443.7681, 6394381.1445, 33.9409, 555.6454, 305.5972
143443.7681, 6394381.1445, 33.9409, 555.6454, 305.5972
143445.2525, 6394394.0606, 33.6375, 315.8966, 305.9895
143444.7637, 6394383.5845, 33.9203, 534.4922, 306.6733
143444.7637, 6394383.5845, 33.9203, 534.4922, 306.6733
143443.1948, 6394397.9537, 35.1789, 168.4170, 223.1303
143444.7637, 6394383.5845, 33.9203, 534.4922, 306.6733
143449.1750, 6394395.0548, 35.6874, 474.5611, 225.0935
143449.1750, 6394395.0548, 35.6874, 474.5611, 225.0935
143445.2958, 6394385.1136, 33.8928, 518.3722, 307.7593
143445.2958, 6394385.1136, 33.8928, 518.3722, 307.7593
143443.2598, 6394379.6286, 33.9192, 580.4523, 308.5141
143443.2779, 6394379.6186, 33.8853, 582.0668, 311.6628
143443.2779, 6394379.6186, 33.8853, 582.0668, 311.6628
143447.2171, 6394391.9589, 33.7269, 446.5898, 311.7290
143449.4357, 6394412.0027, 34.4535, 253.9700, 272.5835
143448.1456, 6394379.6559, 36.5691, 921.1733, 129.2682
143448.2310, 6394378.9953, 36.3968, 961.2083, 140.3271
143442.1198, 6394397.4542, 33.5865, 119.9568, 293.0309
143442.1198, 6394397.4542, 33.5865, 119.9568, 293.0309
143438.8363, 6394387.0015, 33.2807, 43.6871, 314.9869
143446.7349, 6394403.4847, 33.0256, 248.2705, 321.9089
143446.7349, 6394403.4847, 33.0256, 248.2705, 321.9089
143443.8773, 6394399.9908, 35.1672, 176.1188, 228.1005
143444.5489, 6394400.9515, 35.0108, 193.8842, 237.9694
143445.0986, 6394401.4603, 34.8649, 210.6228, 246.2467
143445.0986, 6394401.4603, 34.8649, 210.6228, 246.2467
143448.4858, 6394380.1179, 36.4036, 914.8137, 147.8457
143448.4858, 6394380.1179, 36.4036, 914.8137, 147.8457
143448.6975, 6394380.5367, 36.4086, 905.2145, 151.3560
143440.6995, 6394390.9910, 32.9593, 117.4219, 332.6657
143440.8088, 6394388.5174, 32.9220, 159.8816, 342.8879
143444.4988, 6394387.5237, 32.8346, 404.0162, 364.1300
143444.4988, 6394387.5237, 32.8346, 404.0162, 364.1300
143445.1867, 6394377.5054, 33.0664, 825.4632, 406.1916
143441.3622, 6394379.0499, 32.7038, 440.8623, 415.3854
143449.7009, 6394396.5311, 37.4376, 472.3694, 152.5824
143448.4429, 6394375.4220, 37.5918, 1231.2518, 4.9930
143448.4429, 6394375.4220, 37.5918, 1231.2518, 4.9930
143453.9338, 6394383.9437, 39.7586, 1014.3596, 5.6944
143448.2032, 6394376.0183, 37.6220, 1169.1986, 6.0527
143447.9596, 6394375.6799, 37.4010, 1178.7708, 18.8127
143465.3413, 6394410.0893, 44.9463, 713.8079, 20.1664
143447.8405, 6394375.5866, 36.9423, 1173.8154, 60.7094
143463.5925, 6394406.5491, 44.1904, 729.6301, 19.7117
143442.7924, 6394378.6023, 33.7112, 588.7339, 328.4039
143456.7129, 6394391.9610, 40.9607, 844.2454, 24.3833
143456.7129, 6394391.9610, 40.9607, 844.2454, 24.3833
143447.9354, 6394375.7254, 37.3535, 1173.0984, 23.6278
143443.3114, 6394386.5007, 37.9477, 376.6258, 24.8297
143453.6328, 6394384.6011, 39.4325, 972.5748, 26.9099
143448.0759, 6394375.5628, 37.2883, 1194.0959, 30.3080
143448.0759, 6394375.5628, 37.2883, 1194.0959, 30.3080
143447.8872, 6394375.6677, 37.2644, 1173.7725, 30.8136
143447.8872, 6394375.6677, 37.2644, 1173.7725, 30.8136
143443.3557, 6394387.5374, 37.9290, 354.3989, 35.3603
143442.7993, 6394388.4749, 37.8654, 299.9055, 40.8989
143448.2562, 6394377.6205, 37.4573, 1055.9187, 40.9892
143448.1980, 6394377.6854, 37.4428, 1048.0974, 42.0962
143447.9108, 6394375.5793, 37.1167, 1180.6996, 44.6298
143448.2248, 6394377.5491, 37.3786, 1058.0602, 46.6783
143443.0225, 6394388.4913, 37.7556, 312.6943, 50.3615
143441.5441, 6394390.5164, 37.6727, 186.2504, 55.0525
143448.0210, 6394377.6883, 37.2613, 1035.7634, 55.4629
143442.0313, 6394393.0736, 37.9382, 177.0313, 60.6766
143442.0313, 6394393.0736, 37.9382, 177.0313, 60.6766
143447.8424, 6394375.5822, 36.9299, 1174.1384, 61.9083
143441.8392, 6394393.9890, 37.9509, 154.1556, 63.7741
143445.2630, 6394384.6255, 34.7346, 535.1589, 252.0077
143444.6581, 6394383.0762, 34.6368, 548.4787, 255.1527
143441.1376, 6394393.9998, 37.7545, 114.9608, 68.5586
143447.9809, 6394377.5394, 37.0586, 1041.2513, 71.2876
143445.8422, 6394386.1063, 34.5081, 522.9042, 269.5726
143447.8846, 6394375.5151, 36.7339, 1179.9791, 81.0974
143447.8846, 6394375.5151, 36.7339, 1179.9791, 81.0974
143447.8846, 6394375.5151, 36.7339, 1179.9791, 81.0974
143447.9518, 6394375.4371, 36.7061, 1190.1598, 84.0839
143448.6741, 6394379.6057, 37.1951, 958.4390, 85.7517
143448.6741, 6394379.6057, 37.1951, 958.4390, 85.7517
143445.8422, 6394386.1063, 34.5081, 522.9042, 269.5726
143448.2826, 6394379.1087, 37.0620, 963.0323, 87.9412
143448.5488, 6394379.6437, 37.1080, 948.7106, 91.3859
143448.2163, 6394379.1806, 37.0199, 954.8242, 91.0827
143446.0145, 6394386.6200, 34.4565, 517.5902, 273.3134
143448.2163, 6394379.1806, 37.0199, 954.8242, 91.0827
143448.1059, 6394379.1508, 36.9026, 949.2113, 99.0365
143448.1612, 6394379.0981, 36.9089, 955.4324, 98.8026
143447.7179, 6394375.5897, 36.5079, 1161.0752, 101.5138
143447.5639, 6394377.6284, 36.6369, 1006.3455, 103.7407
143448.1063, 6394379.0863, 36.8375, 952.3649, 103.8621
143447.7525, 6394375.5553, 36.4739, 1165.6182, 105.0435
143447.8682, 6394375.8781, 36.4627, 1147.1646, 110.3128
143448.2279, 6394379.5392, 36.7748, 933.7369, 113.2472
143447.5660, 6394377.6605, 36.4812, 1003.0092, 117.7338
143444.2087, 6394381.6278, 33.6433, 566.0293, 330.1039
143444.5252, 6394382.5138, 34.3695, 558.3226, 274.3848
143449.1975, 6394395.1278, 34.5401, 470.8493, 276.6683
143444.0523, 6394381.5780, 34.2946, 560.8018, 278.1893
143444.0523, 6394381.5780, 34.2946, 560.8018, 278.1893
143444.3744, 6394382.5972, 34.2962, 545.1322, 278.8689
143447.8143, 6394377.4197, 36.4086, 1033.1256, 125.5341
143444.3744, 6394382.5972, 34.2962, 545.1322, 278.8689
143444.0353, 6394381.5892, 34.2364, 558.8898, 282.6713
143448.2045, 6394379.6073, 36.5465, 926.9783, 131.3899
143448.5761, 6394378.8120, 36.4793, 992.0941, 136.3530
143448.5761, 6394378.8120, 36.4793, 992.0941, 136.3530
143445.4231, 6394396.5399, 34.0454, 286.0522, 284.3878
143453.6398, 6394384.1021, 39.4918, 993.9971, 19.6918
143443.1342, 6394386.0527, 37.9060, 376.5407, 21.5703
143443.0975, 6394388.0489, 37.8456, 326.9677, 42.0444
143443.0975, 6394388.0489, 37.8456, 326.9677, 42.0444
143444.8214, 6394386.5133, 37.9424, 467.5264, 42.2730
143448.2415, 6394377.4364, 37.3259, 1066.0555, 50.3960
143447.7249, 6394377.0530, 36.9152, 1057.1204, 76.1409
143442.6590, 6394397.9777, 33.8386, 140.6405, 282.7141
143442.6590, 6394397.9777, 33.8386, 140.6405, 282.7141
143445.1715, 6394394.5229, 33.2889, 303.7209, 321.8596
143441.1178, 6394381.0478, 32.7976, 349.5419, 389.9129
143441.1177, 6394379.5199, 32.7658, 401.4806, 404.5857
143443.7422, 6394386.5320, 37.9141, 402.4280, 32.3373
143443.7422, 6394386.5320, 37.9141, 402.4280, 32.3373
143447.9151, 6394378.1740, 37.0699, 996.9827, 75.0725
143443.2736, 6394398.0157, 34.3343, 169.8326, 262.2693
143444.9530, 6394395.5614, 33.5142, 278.0766, 308.6023
143456.8385, 6394393.1213, 41.2358, 817.6320, 19.9377
143453.6375, 6394383.9965, 39.4739, 998.2890, 19.9032
143465.3174, 6394410.0508, 44.9289, 713.8365, 20.3954
143463.6381, 6394407.1031, 44.2471, 721.4241, 20.4521
143467.0691, 6394416.1087, 45.9745, 665.7949, 21.8648
143446.9113, 6394389.6159, 35.8854, 491.5898, 197.0387
143462.8168, 6394404.0853, 43.5950, 753.0793, 23.9981
143462.8168, 6394404.0853, 43.5950, 753.0793, 23.9981
143457.0396, 6394395.1320, 41.4435, 773.6165, 23.7849
143457.0396, 6394395.1320, 41.4435, 773.6165, 23.7849
143456.2735, 6394390.5669, 40.6960, 868.8483, 24.7628
143466.6695, 6394415.1668, 45.6365, 669.6168, 25.5995
143466.6695, 6394415.1668, 45.6365, 669.6168, 25.5995
143448.0172, 6394375.6332, 37.3325, 1185.2949, 25.8794
143454.3350, 6394385.9726, 39.7352, 948.2043, 26.5465
143441.1282, 6394381.0439, 32.7970, 350.5322, 390.0286
143445.3323, 6394377.3887, 33.1708, 843.6313, 398.0060
143454.3350, 6394385.9726, 39.7352, 948.2043, 26.5465
143444.8578, 6394381.9674, 37.5961, 618.2802, 27.0512
143444.8578, 6394381.9674, 37.5961, 618.2802, 27.0512
143442.9327, 6394378.5878, 36.8345, 622.8566, 26.9726
143453.4547, 6394384.0893, 39.3244, 985.9271, 27.6180
143444.4659, 6394382.1214, 37.5355, 585.9630, 28.1322
143444.5350, 6394382.0812, 37.5458, 592.1829, 27.8392
143444.5350, 6394382.0812, 37.5458, 592.1829, 27.8392
143444.5897, 6394382.0495, 37.5510, 597.0814, 27.8389
143465.1230, 6394411.0569, 44.7325, 693.5564, 28.5951
143448.2166, 6394376.6171, 37.4484, 1123.0231, 30.0536
143444.8564, 6394385.0134, 37.9275, 513.1835, 31.2102
143444.8564, 6394385.0134, 37.9275, 513.1835, 31.2102
143442.5482, 6394388.5031, 37.6985, 283.4986, 49.1705
143442.3775, 6394388.5203, 37.6524, 272.5076, 50.4824
143442.3775, 6394388.5203, 37.6524, 272.5076, 50.4824
143441.7321, 6394389.0655, 37.5945, 221.9479, 51.5170
143448.0839, 6394377.6103, 37.3071, 1045.0178, 51.5592
143447.8944, 6394375.5983, 37.0403, 1177.2958, 52.0771
143446.2821, 6394387.5595, 36.4922, 514.2567, 152.5402
143446.2821, 6394387.5595, 36.4922, 514.2567, 152.5402
143443.6644, 6394380.6096, 33.8709, 569.0142, 312.2080
143443.6644, 6394380.6096, 33.8709, 569.0142, 312.2080
143441.2986, 6394400.9697, 35.3793, 51.1043, 208.1612
143443.6891, 6394380.5957, 33.8275, 571.1077, 316.0034
143444.0558, 6394407.9486, 35.1233, 109.4262, 234.3435
143442.7338, 6394378.6264, 33.7101, 582.7869, 328.0620
143441.4864, 6394390.5154, 32.9439, 171.4852, 337.6711
143441.4119, 6394387.5213, 32.8904, 216.2815, 350.6296
143445.0167, 6394377.6513, 33.2556, 806.3384, 387.1014
143451.9811, 6394405.0101, 38.1033, 419.2483, 156.3807
143451.9811, 6394405.0101, 38.1033, 419.2483, 156.3807
143444.7880, 6394397.4801, 32.9757, 242.4903, 329.4158
143450.4447, 6394403.9773, 32.9613, 372.8135, 331.9589
143451.8189, 6394405.9714, 38.0577, 401.0789, 159.0737
143446.2857, 6394387.5603, 35.4203, 510.2367, 216.7667
143451.8189, 6394405.9714, 38.0577, 401.0789, 159.0737
143448.8725, 6394399.9755, 32.9179, 373.0210, 337.2295
143438.6385, 6394386.0005, 35.0515, 45.4074, 182.3829
143439.7428, 6394389.5034, 35.0437, 79.9623, 200.2588
143440.3186, 6394390.4832, 35.1346, 104.9874, 200.3324
143444.6871, 6394387.1050, 33.2897, 426.5022, 338.4052
143441.5299, 6394385.0382, 33.1648, 275.9824, 341.5905
143447.8255, 6394396.5395, 32.8933, 385.7181, 343.0340
143442.8675, 6394378.5499, 33.5307, 596.1172, 346.1986
143442.8675, 6394378.5499, 33.5307, 596.1172, 346.1986
143442.9164, 6394378.5220, 33.4840, 601.1172, 351.0213
143442.9879, 6394378.4786, 33.4550, 608.8019, 354.3724
143442.9879, 6394378.4786, 33.4550, 608.8019, 354.3724
143442.7389, 6394381.6102, 33.2388, 460.4101, 355.7091
143444.9639, 6394388.1052, 32.9231, 416.4709, 358.0243
143444.9639, 6394388.1052, 32.9231, 416.4709, 358.0243
143447.7007, 6394377.5336, 36.4359, 1019.0248, 122.5027
143440.2657, 6394390.4979, 33.2603, 97.5385, 314.3048
143443.5397, 6394384.1049, 33.0328, 436.2330, 362.5911
143443.6954, 6394384.6087, 32.9740, 431.6147, 364.9406
143443.1973, 6394383.1031, 33.0427, 443.4128, 365.4035
143443.0420, 6394382.6035, 33.0386, 448.3290, 367.6742
143443.5828, 6394386.0283, 32.8197, 386.3022, 368.5690
143443.5828, 6394386.0283, 32.8197, 386.3022, 368.5690
143443.1074, 6394384.0468, 32.8043, 408.3653, 377.7318
143442.3350, 6394380.6165, 33.0621, 464.0451, 374.2906
143442.3350, 6394380.6165, 33.0621, 464.0451, 374.2906
143444.9873, 6394377.6776, 33.3495, 803.4695, 378.1765
143442.5575, 6394383.4881, 32.7738, 386.4229, 381.2558
143442.5575, 6394383.4881, 32.7738, 386.4229, 381.2558
143439.9422, 6394380.0036, 32.9113, 278.2574, 382.6105
143442.4257, 6394381.1144, 32.8082, 451.8688, 392.8802
143442.1450, 6394378.9651, 32.9079, 513.3164, 399.1537
143445.4329, 6394378.4051, 33.0474, 791.9502, 401.4989
143443.3341, 6394377.9260, 32.9682, 660.9339, 406.0358
143441.9895, 6394379.0030, 32.7477, 497.5475, 413.4402
143442.0430, 6394378.4875, 32.7549, 524.6312, 417.6269
143442.2065, 6394378.9471, 32.6895, 517.8950, 420.0270
143449.2026, 6394395.1163, 35.6097, 474.2725, 228.7599
143442.1735, 6394378.9398, 32.4758, 514.1021, 440.0501
143441.1165, 6394400.4635, 34.7553, 45.8287, 234.6143
143446.8619, 6394389.6316, 35.9730, 489.0951, 191.9322
143446.0940, 6394387.0831, 35.7341, 514.2060, 195.8417
143446.0940, 6394387.0831, 35.7341, 514.2060, 195.8417
143445.2583, 6394401.4571, 34.6278, 216.7257, 256.5011
143446.2641, 6394387.5700, 35.6681, 509.8069, 201.8588
143444.6819, 6394399.9498, 33.6174, 208.4233, 297.3711
143448.6954, 6394408.4865, 33.0816, 262.9374, 317.5293
143448.6954, 6394408.4865, 33.0816, 262.9374, 317.5293
143444.2177, 6394382.0810, 34.2905, 553.2603, 278.9518
143444.2177, 6394382.0810, 34.2905, 553.2603, 278.9518
143445.3002, 6394396.5594, 33.9632, 280.1171, 287.6925
143452.4912, 6394404.1176, 36.0556, 443.7789, 228.8042
143452.4912, 6394404.1176, 36.0556, 443.7789, 228.8042
143441.1594, 6394382.4442, 33.0686, 312.9662, 358.7763
143444.2709, 6394388.4700, 32.8372, 369.6262, 359.6710
143444.0162, 6394385.6109, 32.8193, 423.6032, 371.8167
143442.4869, 6394381.1101, 33.0604, 458.0102, 372.0589
143441.8890, 6394379.0875, 33.0615, 487.3535, 382.7665
143442.1092, 6394378.9694, 32.9676, 510.4812, 393.3627
143442.2670, 6394380.6118, 32.7610, 457.2713, 399.9714
143442.2670, 6394380.6118, 32.7610, 457.2713, 399.9714
143440.7658, 6394379.5411, 32.7621, 369.1272, 403.6108
143441.8740, 6394379.0630, 32.7898, 485.4376, 408.6020
143443.4767, 6394380.1197, 33.8767, 575.5038, 312.0786
143443.4767, 6394380.1197, 33.8767, 575.5038, 312.0786
143445.4461, 6394393.5524, 33.3780, 332.9475, 320.2729
143439.9810, 6394381.0531, 34.3406, 257.4413, 244.3696
143445.4588, 6394385.1189, 34.6880, 531.1705, 256.2531
143445.8300, 6394386.1107, 34.7050, 522.9265, 257.1143
143445.2847, 6394384.6140, 34.5890, 536.1453, 261.9742
143444.6318, 6394383.0971, 34.5119, 545.4599, 264.0930
143444.6318, 6394383.0971, 34.5119, 545.4599, 264.0930
