143442.5224, 6394378.9703, 33.5065, 539.5896, 343.6728
143448.9296, 6394379.2130, 37.6614, 995.0557, 29.5987
143442.4395, 6394380.6120, 33.3398, 462.5674, 347.3391
143447.9190, 6394377.4387, 37.0045, 1043.4666, 59.1689
143442.3036, 6394380.0838, 33.3768, 472.6042, 347.2544
143447.9190, 6394377.4387, 37.0045, 1043.4666, 59.1689
143440.8942, 6394399.4525, 37.0256, 17.8605, 103.9344
143454.6731, 6394391.6682, 38.2125, 758.1418, 104.4998
143448.8417, 6394384.4597, 37.0491, 737.2275, 104.8215
143448.8417, 6394384.4597, 37.0491, 737.2275, 104.8215
143448.2177, 6394379.5751, 36.6698, 926.0206, 104.9170
143448.2177, 6394379.5751, 36.6698, 926.0206, 104.9170
143444.9716, 6394382.4352, 36.4406, 588.9744, 105.7226
143447.8914, 6394384.3954, 36.9187, 689.2375, 105.5301
143447.8914, 6394384.3954, 36.9187, 689.2375, 105.5301
143444.5095, 6394382.5907, 36.3803, 552.0781, 106.7945
143444.5663, 6394382.5589, 36.3867, 557.1145, 106.6815
143440.9984, 6394399.9728, 36.9915, 18.6528, 107.6861
143441.0983, 6394399.9536, 37.0105, 23.7775, 107.3022
143443.4517, 6394378.9602, 36.0241, 631.4396, 107.5363
143444.5862, 6394382.5528, 36.3475, 558.4950, 109.9345
143444.5862, 6394382.5528, 36.3475, 558.4950, 109.9345
143441.4020, 6394400.9602, 37.0335, 30.0211, 110.7175
143444.6311, 6394383.1181, 36.3789, 540.6458, 110.4918
143444.6311, 6394383.1181, 36.3789, 540.6458, 110.4918
143441.2037, 6394400.4683, 36.9739, 24.5727, 111.0479
143443.0431, 6394378.5226, 33.4870, 604.3018, 350.4808
143439.8991, 6394385.0057, 32.8729, 135.0416, 350.9984
143443.2519, 6394386.4831, 32.8234, 339.1523, 353.4905
143443.2971, 6394378.5018, 33.4301, 625.6548, 356.8375
143443.1053, 6394378.4845, 33.4143, 610.8535, 357.9627
143443.1053, 6394378.4845, 33.4143, 610.8535, 357.9627
143443.5673, 6394384.9727, 32.7847, 398.5749, 365.2872
143445.3730, 6394378.4732, 33.3850, 782.5078, 366.4016
143442.9427, 6394384.0221, 32.7896, 383.9215, 369.8394
143442.0178, 6394379.6144, 33.1640, 466.9267, 369.7595
143449.6903, 6394401.4695, 37.9493, 371.5259, 114.9731
143446.0651, 6394387.1409, 36.7175, 499.3086, 114.8744
143447.9279, 6394392.0707, 37.1764, 469.8665, 116.8750
143442.0301, 6394402.4585, 36.9698, 46.5863, 120.6029
143449.3767, 6394401.9762, 37.7741, 352.3071, 121.5493
143443.0837, 6394379.0984, 36.0085, 594.7121, 105.5237
143443.1177, 6394379.0785, 36.0110, 598.4881, 105.5634
143443.1389, 6394379.0696, 35.9865, 600.5001, 108.1501
143443.1389, 6394379.0696, 35.9865, 600.5001, 108.1501
143444.6578, 6394382.5117, 36.3567, 564.8735, 109.6960
143444.6578, 6394382.5117, 36.3567, 564.8735, 109.6960
143444.5584, 6394382.5553, 36.3091, 556.3587, 112.7003
143442.8811, 6394378.5526, 33.2470, 587.9482, 372.9509
143442.8811, 6394378.5526, 33.2470, 587.9482, 372.9509
143449.3767, 6394401.9762, 37.7741, 352.3071, 121.5493
143443.7017, 6394380.1170, 33.1179, 579.0257, 373.3394
143443.7017, 6394380.1170, 33.1179, 579.0257, 373.3394
143442.1291, 6394379.0460, 33.1327, 500.6689, 377.9511
143443.3519, 6394378.4646, 33.1969, 630.4542, 379.5151
143445.2027, 6394377.5075, 33.3228, 826.0953, 379.8186
143445.2027, 6394377.5075, 33.3228, 826.0953, 379.8186
143443.2535, 6394378.5281, 33.1638, 619.1019, 381.8965
143442.1503, 6394379.5361, 33.0394, 480.7967, 382.3903
143443.4011, 6394378.4923, 33.1625, 632.7572, 382.6186
143445.1727, 6394377.5291, 33.2712, 822.1885, 384.4094
143445.3751, 6394378.4429, 33.0447, 781.8277, 396.8359
143443.6207, 6394378.4378, 32.9909, 651.8510, 399.6744
143443.6207, 6394378.4378, 32.9909, 651.8510, 399.6744
143442.6143, 6394379.3714, 32.8584, 525.5148, 401.4699
143444.2820, 6394381.5717, 32.6148, 557.9506, 403.4428
143444.2820, 6394381.5717, 32.6148, 557.9506, 403.4428
143444.2820, 6394381.5717, 32.6148, 557.9506, 403.4428
143445.1321, 6394377.5464, 33.0625, 816.5150, 403.7219
143443.6973, 6394378.3852, 32.9198, 660.1232, 406.9687
143443.6973, 6394378.3852, 32.9198, 660.1232, 406.9687
143448.8864, 6394406.9819, 37.8767, 270.6127, 125.2415
143449.5534, 6394396.1142, 37.3755, 456.0766, 126.5857
143450.2701, 6394401.0647, 37.8670, 398.6646, 120.0689
143442.2105, 6394402.9749, 36.8074, 50.2659, 129.6416
143449.7240, 6394401.5056, 37.7672, 371.9117, 122.4391
143449.0516, 6394412.0752, 38.0232, 223.0587, 129.4218
143442.1282, 6394379.5155, 32.7281, 478.2427, 411.6210
143449.5857, 6394406.9765, 37.9934, 294.5260, 123.9363
143448.9840, 6394408.4972, 37.8376, 256.9849, 129.6293
143449.3638, 6394406.9951, 37.7940, 286.5912, 130.1447
143449.3131, 6394417.4795, 38.0517, 183.9609, 137.0805
143448.9840, 6394408.4972, 37.8376, 256.9849, 129.6293
143442.8155, 6394404.4611, 36.9297, 64.1557, 130.3495
143442.6346, 6394403.9639, 36.8608, 60.5570, 131.3835
143442.5476, 6394403.9834, 36.8245, 56.6226, 132.5239
143448.7355, 6394417.5342, 38.0285, 166.6266, 135.9561
143449.5623, 6394409.4952, 37.8661, 265.2558, 132.4846
143449.1378, 6394412.4805, 37.9396, 221.8618, 133.0428
143447.8928, 6394416.9453, 37.8321, 145.8816, 138.2725
143445.5612, 6394386.1371, 35.8444, 496.9871, 164.8539
143447.8992, 6394392.0736, 36.2130, 465.9451, 166.5393
143449.1378, 6394412.4805, 37.9396, 221.8618, 133.0428
143442.9640, 6394404.9710, 36.8808, 66.1384, 133.9828
143442.9640, 6394404.9710, 36.8808, 66.1384, 133.9828
143446.9353, 6394414.9403, 36.6349, 130.6893, 169.7908
143443.6557, 6394378.4145, 35.1474, 670.3961, 193.1754
143443.6557, 6394378.4145, 35.1474, 670.3961, 193.1754
143444.5486, 6394382.5841, 35.2254, 549.6251, 197.2586
143442.7806, 6394404.4723, 36.7960, 62.5164, 135.6902
143443.3927, 6394405.9663, 36.9403, 75.5595, 135.3006
143445.3427, 6394402.4654, 35.3816, 187.4264, 201.7037
143449.3047, 6394412.0390, 37.8645, 231.2205, 135.4093
143442.7995, 6394398.0308, 35.1041, 124.9409, 202.8766
143448.6040, 6394417.9884, 38.0135, 159.2837, 136.5622
143448.7127, 6394417.9837, 38.0260, 162.5097, 136.5420
143449.0812, 6394417.4915, 37.9962, 177.0704, 137.9768
143448.1897, 6394377.4633, 37.1889, 1059.8513, 46.0601
143447.7271, 6394376.5382, 36.9261, 1095.6327, 56.6096
143447.8310, 6394377.5571, 36.9101, 1029.1359, 67.5940
143448.0429, 6394375.8879, 36.7857, 1164.3309, 69.1015
143445.4650, 6394402.4744, 35.1822, 192.0764, 210.2469
143449.0812, 6394417.4915, 37.9962, 177.0704, 137.9768
143438.2096, 6394384.4627, 35.3646, 2.9839, 138.5928
143443.6754, 6394400.4757, 34.9486, 138.2220, 213.7130
143446.9093, 6394414.9509, 37.6203, 130.3688, 138.8313
143446.4383, 6394404.4439, 35.1813, 208.1568, 213.5814
143446.4383, 6394404.4439, 35.1813, 208.1568, 213.5814
143448.0932, 6394408.4194, 35.1495, 225.1274, 219.4485
143448.0932, 6394408.4194, 35.1495, 225.1274, 219.4485
143447.1470, 6394405.9289, 35.0233, 218.0509, 221.5544
143445.6363, 6394385.6423, 34.7358, 512.1643, 237.9803
143440.1304, 6394381.0084, 34.3040, 253.9974, 246.5492
143444.0413, 6394381.1113, 34.5111, 568.9120, 251.9965
143444.0413, 6394381.1113, 34.5111, 568.9120, 251.9965
143445.8220, 6394386.1177, 34.5011, 507.6747, 253.5513
143450.7610, 6394399.6025, 34.3481, 433.4804, 260.9431
143450.7610, 6394399.6025, 34.3481, 433.4804, 260.9431
143442.3790, 6394391.4477, 27.8212, 181.8374, 605.9737
143442.3790, 6394391.4477, 27.8212, 181.8374, 605.9737
143443.7925, 6394406.9663, 36.8101, 83.1831, 143.6692
143442.2462, 6394391.4757, 27.7871, 173.9386, 607.9462
143446.6764, 6394414.4516, 37.4216, 126.6007, 143.6555
143446.6764, 6394414.4516, 37.4216, 126.6007, 143.6555
143442.2462, 6394391.4757, 27.7871, 173.9386, 607.9462
143439.9023, 6394381.0117, 30.4564, 222.2655, 601.4470
143438.9142, 6394386.4669, 35.1897, 34.2213, 164.7130
143443.4334, 6394380.1274, 34.0629, 563.4914, 289.9261
143445.5242, 6394388.0086, 33.6765, 436.7985, 299.4357
143445.5242, 6394388.0086, 33.6765, 436.7985, 299.4357
143443.2660, 6394379.6262, 33.9706, 572.3713, 299.4871
143443.2660, 6394379.6262, 33.9706, 572.3713, 299.4871
143444.3301, 6394386.1064, 33.2588, 416.6316, 329.0838
143445.0007, 6394388.1109, 33.1314, 403.8850, 330.3797
143446.5472, 6394392.9845, 32.8570, 376.5773, 330.8472
143443.2284, 6394378.5527, 33.6231, 618.7568, 337.7775
143445.3053, 6394389.1190, 32.8999, 396.0825, 340.5173
143442.9232, 6394382.1023, 33.2609, 444.8908, 345.7628
143443.0613, 6394378.5188, 33.5221, 606.2031, 347.1820
143443.0613, 6394378.5188, 33.5221, 606.2031, 347.1820
143442.9859, 6394378.5569, 33.4808, 597.8463, 350.6401
143445.2164, 6394410.4459, 37.0374, 108.2748, 145.9609
143448.4007, 6394417.9988, 37.8621, 153.1396, 140.3608
143448.4007, 6394417.9988, 37.8621, 153.1396, 140.3608
143443.9785, 6394407.4688, 36.9097, 86.3749, 141.4347
143443.1044, 6394378.4833, 33.3874, 610.6672, 360.5583
143445.4840, 6394378.3833, 33.4084, 795.4120, 365.2770
143443.0171, 6394378.5391, 33.2615, 599.9236, 371.9765
143443.0171, 6394378.5391, 33.2615, 599.9236, 371.9765
143443.2823, 6394378.5108, 33.2692, 622.9732, 372.0724
143443.2823, 6394378.5108, 33.2692, 622.9732, 372.0724
143442.0265, 6394379.6075, 33.1254, 467.7713, 373.4532
143442.0265, 6394379.6075, 33.1254, 467.7713, 373.4532
143445.3451, 6394378.4870, 33.2574, 778.8600, 377.5621
143445.3451, 6394378.4870, 33.2574, 778.8600, 377.5621
143443.5227, 6394378.4652, 33.1830, 643.9559, 381.1523
143443.5227, 6394378.4652, 33.1830, 643.9559, 381.1523
143443.7105, 6394378.3964, 33.1946, 662.4113, 381.0324
143443.7105, 6394378.3964, 33.1946, 662.4113, 381.0324
143442.3022, 6394378.9778, 33.0637, 518.1609, 385.5388
143443.3599, 6394378.4577, 33.1363, 631.0561, 385.3565
143443.4162, 6394378.4937, 33.1100, 633.5557, 387.6067
143443.4496, 6394378.4724, 33.1148, 637.3306, 387.4012
143443.4496, 6394378.4724, 33.1148, 637.3306, 387.4012
143445.3250, 6394378.4934, 33.1433, 776.2735, 387.5808
143443.5582, 6394378.4517, 33.0310, 646.4647, 395.6845
143442.2255, 6394378.9886, 32.9529, 510.5321, 395.9394
143445.1558, 6394377.5304, 33.0980, 819.4813, 400.5900
143444.9920, 6394409.9450, 37.0725, 104.2743, 143.1895
143443.7261, 6394378.4234, 32.9459, 660.5662, 404.1532
143443.6916, 6394378.3941, 32.8903, 659.0149, 409.6366
143442.0590, 6394379.0271, 32.7258, 493.3185, 417.1501
143442.0590, 6394379.0271, 32.7258, 493.3185, 417.1501
143443.7134, 6394406.9441, 36.7353, 80.2161, 146.1674
143445.0961, 6394394.5507, 33.3186, 281.0724, 300.2839
143445.0961, 6394394.5507, 33.3186, 281.0724, 300.2839
143446.1746, 6394387.6271, 36.0615, 489.5329, 157.8653
143439.9017, 6394381.0103, 30.4497, 222.2375, 602.0771
143442.6968, 6394387.4963, 33.1730, 281.7512, 324.5222
143442.8521, 6394391.0185, 32.9128, 222.8936, 327.0070
143442.8521, 6394391.0185, 32.9128, 222.8936, 327.0070
143448.8163, 6394375.7802, 37.5112, 1227.6891, 7.9920
143448.8163, 6394375.7802, 37.5112, 1227.6891, 7.9920
143448.4304, 6394377.4826, 37.6377, 1077.1256, 8.8541
143448.4521, 6394375.8527, 37.3869, 1198.8431, 15.4341
143448.4521, 6394375.8527, 37.3869, 1198.8431, 15.4341
143444.8458, 6394409.4469, 36.9495, 102.9069, 146.2990
143444.8458, 6394409.4469, 36.9495, 102.9069, 146.2990
143444.7700, 6394409.4699, 36.8480, 99.8978, 149.6663
143448.0219, 6394391.5967, 36.4068, 482.8938, 156.3938
143447.8756, 6394392.0955, 36.3528, 464.7475, 159.2465
143440.9853, 6394382.5124, 33.1290, 281.4032, 348.8345
143440.9853, 6394382.5124, 33.1290, 281.4032, 348.8345
143443.3657, 6394398.4517, 35.5216, 147.4540, 185.8501
143447.6681, 6394391.1239, 35.5840, 475.1438, 197.3002
143450.9318, 6394400.1194, 35.9280, 434.0854, 198.5801
143449.5926, 6394396.6176, 35.7100, 444.4739, 201.5932
143439.9188, 6394380.5430, 33.0260, 244.3450, 370.1568
143440.2947, 6394380.4849, 32.9318, 281.1445, 380.4515
143440.2947, 6394380.4849, 32.9318, 281.1445, 380.4515
143440.7264, 6394380.8948, 32.8429, 306.8568, 385.7672
143441.0147, 6394380.5154, 32.7658, 344.5262, 396.8129
143441.9724, 6394379.0543, 32.9181, 485.6380, 398.2838
143441.9724, 6394379.0543, 32.9181, 485.6380, 398.2838
143442.2089, 6394378.9836, 32.8509, 508.7861, 405.7502
143442.2089, 6394378.9836, 32.8509, 508.7861, 405.7502
143441.1785, 6394379.5664, 32.7375, 393.4617, 409.4153
143449.5926, 6394396.6176, 35.7100, 444.4739, 201.5932
143451.3252, 6394401.1224, 35.8739, 431.6026, 202.3468
143441.9737, 6394379.0474, 32.5953, 484.3715, 429.4001
143442.2126, 6394378.9595, 32.5446, 508.5276, 435.3117
143451.3252, 6394401.1224, 35.8739, 431.6026, 202.3468
143451.4221, 6394401.0795, 35.7892, 435.5048, 205.9189
143443.6975, 6394400.4685, 35.0228, 139.3469, 210.5435
143444.0824, 6394400.9997, 34.9274, 150.3691, 216.0718
143446.9922, 6394391.5365, 37.9795, 439.9843, 66.0012
143447.6298, 6394377.1787, 36.8501, 1042.2496, 67.7396
143446.1308, 6394403.4253, 34.9933, 207.5255, 219.9565
143444.5816, 6394383.1254, 34.7994, 530.2534, 229.9397
143447.9146, 6394417.4527, 36.6010, 142.0161, 175.5312
143447.5154, 6394416.4475, 36.5309, 137.3563, 175.8144
143447.5154, 6394416.4475, 36.5309, 137.3563, 175.8144
143446.7059, 6394391.9729, 37.8081, 416.1365, 75.0859
143447.7350, 6394376.5098, 36.6957, 1095.8293, 78.6540
143447.8553, 6394378.6312, 36.6781, 959.7101, 95.4351
143444.6293, 6394383.0890, 34.7491, 534.4400, 234.0142
143448.1985, 6394417.9673, 36.4430, 146.5552, 181.2768
143448.1985, 6394417.9673, 36.4430, 146.5552, 181.2768
143447.8047, 6394376.4693, 36.4511, 1100.6168, 102.6780
143449.4248, 6394396.4613, 37.7920, 445.2377, 107.9796
143447.8506, 6394392.1084, 37.2293, 465.6137, 113.7622
143447.8506, 6394392.1084, 37.2293, 465.6137, 113.7622
143450.7257, 6394399.6291, 37.9540, 438.7498, 115.5593
143439.3914, 6394389.5331, 37.6524, 30.7621, 5.9602
143439.3914, 6394389.5331, 37.6524, 30.7621, 5.9602
143450.7257, 6394399.6291, 37.9540, 438.7498, 115.5593
143448.0435, 6394377.5786, 37.0879, 1042.2365, 54.2944
143446.9307, 6394391.9497, 37.9397, 427.7810, 69.5367
143446.9307, 6394391.9497, 37.9397, 427.7810, 69.5367
143447.6950, 6394377.0870, 36.6256, 1050.5511, 88.8077
143447.5418, 6394376.2454, 36.5434, 1102.2214, 89.1181
143448.6738, 6394375.8343, 37.4485, 1214.1676, 12.5489
143443.9967, 6394381.1365, 34.4880, 564.5826, 253.6224
143440.3189, 6394380.9451, 34.2160, 273.0334, 256.2547
143440.3189, 6394380.9451, 34.2160, 273.0334, 256.2547
143444.5568, 6394382.5987, 34.4487, 546.1040, 257.0200
143444.6663, 6394383.0885, 34.4392, 535.5152, 257.3828
143444.3504, 6394382.1451, 34.3961, 548.9986, 260.9398
143444.3504, 6394382.1451, 34.3961, 548.9986, 260.9398
143445.9299, 6394395.5042, 34.0451, 305.5376, 265.6260
143451.9012, 6394405.5704, 38.0531, 388.8389, 128.6981
143441.7976, 6394394.4732, 35.1008, 115.9938, 197.1609
143444.3747, 6394382.1395, 35.2069, 554.6561, 197.1636
143444.3690, 6394408.4655, 36.8214, 93.1138, 147.7370
143443.4875, 6394400.4802, 35.1320, 129.9489, 204.9711
143439.1515, 6394390.0422, 37.6033, 7.4260, 10.7876
143449.6334, 6394396.0683, 36.5085, 458.2112, 165.9021
143449.3417, 6394379.5743, 37.8399, 998.0417, 23.2448
143448.8284, 6394379.0866, 37.5770, 996.2078, 34.2364
143448.2074, 6394377.4796, 37.3257, 1061.1031, 34.0332
143448.2074, 6394377.4796, 37.3257, 1061.1031, 34.0332
143439.1515, 6394390.0422, 37.6033, 7.4260, 10.7876
143448.7577, 6394379.1692, 37.5300, 986.9383, 37.9387
143448.6085, 6394379.0525, 37.3413, 983.8656, 50.8249
143447.7584, 6394376.4633, 36.7745, 1101.6278, 71.0160
143448.2004, 6394379.0561, 36.9591, 957.0350, 78.0027
143443.4407, 6394400.4931, 35.0701, 127.6630, 207.5231
143445.4985, 6394402.4633, 35.2413, 193.6160, 207.9576
143445.4985, 6394402.4633, 35.2413, 193.6160, 207.9576
143448.4966, 6394375.8119, 37.3243, 1204.1100, 21.8110
143448.5345, 6394375.7789, 37.2616, 1208.3429, 28.1874
143448.5345, 6394375.7789, 37.2616, 1208.3429, 28.1874
143448.4797, 6394377.4349, 37.6098, 1083.0695, 11.5817
143448.7918, 6394379.1193, 37.5924, 992.3353, 32.7952
143446.0516, 6394403.4443, 35.1441, 204.3834, 213.7684
143448.1091, 6394377.5602, 37.1579, 1048.0906, 48.6461
143447.9836, 6394377.6367, 37.1109, 1034.9054, 51.9229
143447.9836, 6394377.6367, 37.1109, 1034.9054, 51.9229
143447.9836, 6394377.6367, 37.1109, 1034.9054, 51.9229
143446.0516, 6394403.4443, 35.1441, 204.3834, 213.7684
143444.7861, 6394394.0307, 35.0132, 277.4877, 214.9372
143444.7861, 6394394.0307, 35.0132, 277.4877, 214.9372
143446.0597, 6394403.4468, 35.0466, 204.5716, 217.6326
143453.1611, 6394422.4222, 35.5860, 246.4549, 217.6609
143448.3084, 6394408.9353, 35.0727, 227.0293, 222.5977
143444.0458, 6394400.4355, 34.7637, 154.8670, 223.0908
143449.5723, 6394396.1275, 35.6686, 452.7671, 203.2002
143448.4693, 6394379.0914, 37.2136, 972.5631, 60.0877
143446.5060, 6394391.5084, 37.9827, 416.9280, 62.0784
143444.5396, 6394383.1374, 34.7087, 526.6973, 236.5001
143444.5396, 6394383.1374, 34.7087, 526.6973, 236.5001
143447.7785, 6394377.0050, 36.8987, 1064.2551, 63.7283
143447.9355, 6394378.5820, 36.8486, 968.9313, 81.3790
143447.5448, 6394376.7339, 36.6519, 1066.8378, 82.0832
143445.2854, 6394401.4552, 34.4883, 195.7296, 238.3908
143447.6387, 6394377.1727, 36.5123, 1039.9291, 99.2239
143447.6774, 6394377.1391, 36.4704, 1044.2660, 103.3554
143447.6774, 6394377.1391, 36.4704, 1044.2660, 103.3554
143444.5805, 6394383.1168, 34.6805, 529.9746, 238.8559
143447.7586, 6394377.0379, 36.8545, 1060.2327, 67.8736
143447.7842, 6394376.4300, 36.7849, 1105.8724, 70.0828
143448.3360, 6394379.0630, 37.0696, 965.3915, 70.3422
143448.3714, 6394379.0308, 37.0579, 969.2407, 71.4944
143448.3714, 6394379.0308, 37.0579, 969.2407, 71.4944
143448.1553, 6394379.1191, 36.8658, 949.9568, 85.6787
143444.9652, 6394400.4348, 34.0140, 193.8577, 258.2186
143443.2250, 6394398.4794, 33.7512, 138.8626, 267.2844
143444.6728, 6394383.0691, 34.6197, 537.4150, 243.9658
143445.1483, 6394400.9388, 33.1410, 194.6630, 294.6841
143444.1393, 6394382.1354, 33.9588, 532.9637, 294.2736
143446.1210, 6394387.1026, 36.8344, 503.8732, 107.7590
143447.9742, 6394379.2102, 36.5520, 931.5769, 110.3610
143445.6465, 6394387.9955, 33.6852, 443.8103, 299.3226
143443.5756, 6394380.0593, 33.8047, 575.8501, 313.5889
143443.8706, 6394380.6200, 33.7383, 573.1364, 317.6335
143444.0381, 6394381.5924, 34.2116, 547.8965, 275.4319
143447.7801, 6394378.7031, 36.6774, 950.8481, 95.0957
143447.7801, 6394378.7031, 36.6774, 950.8481, 95.0957
143447.7678, 6394377.4279, 36.5904, 1031.0294, 95.0729
143447.7515, 6394376.4893, 36.7007, 1098.4568, 78.2324
143444.2306, 6394381.6185, 33.6472, 557.5504, 321.4226
143447.0784, 6394391.9691, 37.7835, 434.0180, 79.0195
143440.2154, 6394380.9806, 34.2901, 262.6629, 248.4806
143440.2154, 6394380.9806, 34.2901, 262.6629, 248.4806
143444.6331, 6394383.0971, 34.5512, 533.5423, 248.8398
143450.2051, 6394401.0845, 37.9416, 396.1325, 116.8425
143450.2051, 6394401.0845, 37.9416, 396.1325, 116.8425
143447.7479, 6394377.5893, 36.3603, 1016.7545, 116.6154
143449.5921, 6394401.4889, 37.8404, 367.4586, 118.8893
143444.6509, 6394383.0887, 34.4868, 534.7125, 253.7555
143444.5014, 6394382.6285, 34.3827, 541.0423, 261.7274
143444.5014, 6394382.6285, 34.3827, 541.0423, 261.7274
143449.5921, 6394401.4889, 37.8404, 367.4586, 118.8893
143448.0647, 6394379.1180, 36.5965, 942.5764, 107.1181
143448.0647, 6394379.1180, 36.5965, 942.5764, 107.1181
143447.8606, 6394376.9400, 36.4439, 1069.3977, 106.7439
143442.0007, 6394397.4801, 33.5299, 90.4515, 275.7202
143444.6332, 6394387.1185, 33.1916, 407.8462, 329.8555
143442.0007, 6394397.4801, 33.5299, 90.4515, 275.7202
143445.3841, 6394393.9870, 33.2167, 304.0876, 307.4501
143443.9927, 6394381.1380, 34.5280, 564.4427, 250.2748
143445.3841, 6394393.9870, 33.2167, 304.0876, 307.4501
143444.9304, 6394396.5016, 32.9593, 242.7583, 312.1886
143443.4280, 6394394.5217, 32.9516, 198.8553, 314.7297
143443.4870, 6394378.5083, 34.5331, 647.7952, 251.6144
143443.4870, 6394378.5083, 34.5331, 647.7952, 251.6144
143443.4975, 6394379.6330, 34.4880, 592.9938, 253.6130
143443.4975, 6394379.6330, 34.4880, 592.9938, 253.6130
143443.4280, 6394394.5217, 32.9516, 198.8553, 314.7297
143443.6558, 6394380.1452, 33.7835, 577.9846, 315.3233
143443.6558, 6394380.1452, 33.7835, 577.9846, 315.3233
143446.2550, 6394387.5768, 34.4402, 489.9543, 257.0294
143446.2550, 6394387.5768, 34.4402, 489.9543, 257.0294
143445.8003, 6394396.5310, 34.1801, 283.5928, 257.5927
143440.3838, 6394380.9220, 34.1982, 279.6380, 258.3896
143447.7486, 6394391.5678, 34.4023, 465.5736, 259.0836
143447.7271, 6394377.0341, 36.7071, 1057.0896, 81.2339
143447.7271, 6394377.0341, 36.7071, 1057.0896, 81.2339
143444.4101, 6394382.1126, 34.4061, 554.3239, 260.5233
143445.8634, 6394391.9839, 32.8460, 363.4534, 333.5240
143443.5026, 6394379.6293, 33.5501, 588.1718, 338.3491
143443.5026, 6394379.6293, 33.5501, 588.1718, 338.3491
143448.8395, 6394384.4540, 37.0971, 737.5698, 101.6419
143448.7965, 6394381.0650, 36.8769, 881.5136, 101.5919
143445.1270, 6394400.9509, 33.3184, 193.8183, 287.2214
143446.1856, 6394387.6145, 36.8198, 492.9682, 111.0610
143446.1856, 6394387.6145, 36.8198, 492.9682, 111.0610
143447.6651, 6394377.1668, 36.3880, 1040.7646, 110.9956
143447.5771, 6394377.6699, 36.3658, 1000.9286, 114.7030
143450.1160, 6394401.4643, 37.9681, 387.1015, 116.2054
143449.3475, 6394401.4797, 37.7913, 358.5202, 119.6867
143450.5391, 6394400.9460, 37.9934, 410.4586, 116.0401
143450.6400, 6394399.0817, 37.7653, 444.6080, 121.6873
143449.3083, 6394380.8365, 36.4434, 917.5363, 137.3525
143445.2381, 6394389.0256, 32.8436, 394.4846, 344.0236
143443.0141, 6394378.5471, 33.5143, 600.8679, 347.5695
143443.0141, 6394378.5471, 33.5143, 600.8679, 347.5695
143450.5391, 6394400.9460, 37.9934, 410.4586, 116.0401
143443.5093, 6394384.1187, 32.9855, 420.1258, 356.0491
143443.2267, 6394385.9804, 32.8207, 349.9895, 356.3477
143443.2396, 6394385.4874, 32.7973, 363.4299, 360.7566
143443.5160, 6394384.1088, 32.9158, 420.6281, 361.1620
143442.8197, 6394382.1240, 32.9946, 435.4731, 366.8212
143442.8197, 6394382.1240, 32.9946, 435.4731, 366.8212
143442.0218, 6394379.6175, 33.1679, 467.1558, 369.3753
143445.2974, 6394377.4315, 33.4218, 838.3970, 371.3722
143442.4311, 6394383.4806, 32.7773, 363.5482, 373.5520
143449.7847, 6394401.4894, 37.8727, 374.5435, 118.4996
143442.4311, 6394383.4806, 32.7773, 363.5482, 373.5520
143445.2030, 6394377.5035, 33.2727, 825.9457, 384.5520
143445.2030, 6394377.5035, 33.2727, 825.9457, 384.5520
143442.2009, 6394379.5083, 33.0134, 486.0940, 385.1575
143442.1344, 6394379.5388, 32.9997, 479.1439, 386.0433
143442.3314, 6394378.9603, 33.0460, 521.3420, 387.4527
143442.3314, 6394378.9603, 33.0460, 521.3420, 387.4527
143442.0378, 6394379.0488, 32.9888, 491.9182, 391.6182
143442.1859, 6394379.0120, 32.9781, 506.2333, 393.2303
143445.3446, 6394378.4693, 33.0608, 778.3608, 395.1256
143442.1503, 6394379.0276, 32.9466, 502.3195, 396.0479
143444.8718, 6394383.0814, 32.5568, 540.8448, 396.1651
143450.0603, 6394417.0283, 38.0556, 209.2623, 138.8016
143444.8718, 6394383.0814, 32.5568, 540.8448, 396.1651
143442.0278, 6394379.5775, 32.8587, 467.8148, 398.6950
143442.0278, 6394379.5775, 32.8587, 467.8148, 398.6950
143442.7621, 6394378.6016, 32.8583, 573.3110, 409.6575
143442.7621, 6394378.6016, 32.8583, 573.3110, 409.6575
143443.7345, 6394378.3636, 32.8841, 663.9215, 410.5841
143443.7345, 6394378.3636, 32.8841, 663.9215, 410.5841
143442.1311, 6394379.5133, 32.7207, 478.5429, 412.3405
143443.7741, 6394378.3320, 32.8518, 668.4613, 413.9867
143442.5957, 6394379.3498, 32.6826, 524.0015, 417.9293
143442.5957, 6394379.3498, 32.6826, 524.0015, 417.9293
143441.4233, 6394379.5209, 32.6466, 416.7153, 418.7945
143442.1466, 6394379.0039, 32.7090, 501.7873, 419.0696
143449.7847, 6394401.4894, 37.8727, 374.5435, 118.4996
143445.8750, 6394390.6106, 33.0049, 392.7462, 330.0373
143445.8750, 6394390.6106, 33.0049, 392.7462, 330.0373
143441.6396, 6394379.4966, 32.6107, 436.5412, 422.5796
143441.6396, 6394379.4966, 32.6107, 436.5412, 422.5796
143441.5987, 6394383.4199, 32.9940, 304.2593, 355.4769
143443.2060, 6394378.5583, 33.3358, 614.8384, 365.1420
143445.4381, 6394378.4210, 33.4010, 790.0563, 365.5367
143442.2268, 6394383.5020, 32.8018, 348.1779, 371.1632
143442.2268, 6394383.5020, 32.8018, 348.1779, 371.1632
143442.2539, 6394382.9969, 32.7820, 364.9211, 376.3589
143441.9541, 6394382.5258, 32.7976, 356.6573, 378.1381
143442.9588, 6394382.9803, 32.7725, 416.5592, 378.3736
143442.4438, 6394381.1191, 32.8986, 441.9518, 381.7585
143445.2579, 6394377.4580, 33.2965, 832.8845, 382.8308
143440.5176, 6394380.4055, 32.8639, 304.0005, 388.0071
143440.5176, 6394380.4055, 32.8639, 304.0005, 388.0071
143445.1270, 6394377.5570, 33.1211, 815.9777, 398.1269
143441.0528, 6394380.0007, 32.7604, 366.0182, 402.5131
143442.1037, 6394379.0325, 32.7660, 497.1415, 413.2694
143441.7849, 6394379.4928, 32.5941, 449.2426, 424.2434
143447.1425, 6394395.4773, 32.8759, 357.7610, 323.3493
143440.3534, 6394380.9324, 34.1638, 276.4284, 261.4312
143441.8051, 6394384.4576, 33.1226, 292.5737, 339.9926
143441.8051, 6394384.4576, 33.1226, 292.5737, 339.9926
143440.3896, 6394387.0089, 32.8806, 135.4561, 340.5094
143444.3966, 6394386.6062, 32.9302, 406.3857, 348.2338
143440.7635, 6394384.0220, 32.8407, 224.1265, 361.7254
143442.7565, 6394384.5008, 32.7948, 357.6469, 366.0225
143444.9883, 6394377.6859, 33.3545, 800.0256, 374.8378
143442.5841, 6394382.4814, 32.7627, 405.3410, 382.2913
143445.2496, 6394377.4526, 33.1217, 831.1885, 399.2654
143441.8835, 6394379.4771, 32.6147, 458.4744, 422.5199
143441.9280, 6394379.0380, 32.5818, 480.7466, 430.8016
143443.5347, 6394406.4723, 36.8518, 77.0555, 140.2132
143443.5347, 6394406.4723, 36.8518, 77.0555, 140.2132
143448.6014, 6394412.5089, 37.8279, 204.6124, 134.7533
143448.6014, 6394412.5089, 37.8279, 204.6124, 134.7533
143449.2976, 6394380.8479, 36.4347, 916.3336, 137.9479
143439.6718, 6394381.0608, 30.3749, 199.5406, 609.1182
143438.4264, 6394384.9632, 35.3309, 15.1049, 145.2302
143445.3403, 6394397.0630, 33.8856, 254.5546, 269.1536
143447.7486, 6394377.0373, 36.9023, 1060.1327, 63.2651
143448.1929, 6394377.5976, 37.3527, 1052.4027, 32.4772
143443.6251, 6394380.6329, 34.1278, 556.6063, 283.3832
143443.4172, 6394380.1367, 34.1140, 562.1214, 285.3007
143448.0487, 6394392.0155, 36.3915, 474.5386, 158.0382
143445.8089, 6394393.5213, 33.6829, 333.4328, 286.3645
143447.6892, 6394376.5966, 36.4886, 1084.3184, 98.5089
143449.1721, 6394379.1463, 37.9806, 1015.1000, 5.9128
143448.4176, 6394375.8912, 37.4466, 1194.3304, 9.4777
143448.4176, 6394375.8912, 37.4466, 1194.3304, 9.4777
143449.3466, 6394379.5703, 37.8362, 998.5070, 23.5647
143448.9835, 6394379.1445, 37.7167, 1002.5807, 25.1379
143448.4927, 6394375.8392, 37.2519, 1200.7882, 29.1394
143448.3893, 6394375.8434, 37.1860, 1193.5168, 34.1405
143448.6909, 6394379.1563, 37.4327, 983.1319, 45.0461
143445.8238, 6394393.4799, 33.6057, 334.7430, 290.3658
143445.8238, 6394393.4799, 33.6057, 334.7430, 290.3658
143443.5967, 6394380.6485, 34.0430, 553.4104, 290.4584
143443.1325, 6394379.1064, 34.0670, 586.5511, 292.1649
143446.0500, 6394393.4248, 33.5588, 346.3817, 293.4418
143445.9986, 6394387.1107, 35.9632, 493.9465, 161.8665
143445.9986, 6394387.1107, 35.9632, 493.9465, 161.8665
143446.8834, 6394389.6216, 35.9983, 474.2897, 169.1898
143445.1667, 6394384.5994, 33.8845, 513.7168, 295.3279
143445.1667, 6394384.5994, 33.8845, 513.7168, 295.3279
143443.6548, 6394380.6147, 33.9344, 558.5683, 300.1349
143443.6548, 6394380.6147, 33.9344, 558.5683, 300.1349
143443.3431, 6394379.5787, 33.8544, 579.8946, 310.6084
143443.8309, 6394380.6437, 33.7788, 569.4601, 313.9377
143443.8309, 6394380.6437, 33.7788, 569.4601, 313.9377
143443.7184, 6394380.1141, 33.7708, 583.9635, 316.8327
143443.8049, 6394378.3237, 33.8700, 678.2401, 317.7840
143443.8049, 6394378.3237, 33.8700, 678.2401, 317.7840
143447.9567, 6394392.0563, 36.2813, 469.1400, 163.2922
143443.0062, 6394378.5479, 33.8047, 601.9926, 319.4436
143443.2481, 6394378.5323, 33.8158, 622.6221, 319.4737
143443.2481, 6394378.5323, 33.8158, 622.6221, 319.4737
143444.4109, 6394382.5319, 33.6187, 535.1533, 319.9013
143442.6584, 6394404.4730, 34.5525, 56.2207, 226.4008
143445.7564, 6394390.1095, 33.1893, 398.1091, 321.4281
143444.3610, 6394382.5581, 33.5722, 530.6742, 323.1528
143446.1909, 6394387.6079, 35.8761, 490.3322, 169.3260
143444.8432, 6394387.6071, 33.2257, 407.6825, 326.2755
143443.9677, 6394386.4618, 32.8003, 383.9494, 356.5151
143443.1338, 6394383.1197, 32.8271, 424.6866, 373.4983
143443.1338, 6394383.1197, 32.8271, 424.6866, 373.4983
143441.5021, 6394379.5287, 32.7244, 423.7222, 411.3417
143448.5232, 6394379.0262, 37.2628, 979.9219, 56.1509
143448.1709, 6394377.1798, 37.2229, 1078.8938, 40.2121
143447.9240, 6394392.0761, 36.7459, 468.4246, 139.1825
143447.9240, 6394392.0761, 36.7459, 468.4246, 139.1825
143441.9947, 6394385.4866, 33.1517, 280.7970, 333.0806
143447.7102, 6394376.5313, 36.7269, 1092.9991, 75.4960
143446.1244, 6394387.1022, 36.8237, 504.0372, 108.4627
143444.6583, 6394383.0941, 35.2473, 538.3113, 196.7166
143446.2991, 6394388.1358, 36.0031, 482.2833, 163.1347
143446.2991, 6394388.1358, 36.0031, 482.2833, 163.1347
143449.3823, 6394395.5368, 37.7136, 461.1598, 108.8012
143447.9026, 6394376.8956, 36.4207, 1074.9324, 109.1247
143447.9026, 6394376.8956, 36.4207, 1074.9324, 109.1247
143446.1942, 6394387.6097, 36.7490, 493.3303, 115.5026
143449.4486, 6394401.4847, 37.8969, 362.3452, 115.9570
143451.2180, 6394400.9548, 37.9881, 434.4772, 119.4181
143447.8189, 6394392.1249, 37.1086, 463.4704, 119.8885
143450.6387, 6394399.0821, 37.7677, 444.5580, 121.5816
143452.3012, 6394403.6184, 36.0755, 426.4637, 198.7419
143447.8505, 6394392.1111, 35.5439, 461.1481, 200.6688
143451.0532, 6394405.5437, 38.0897, 361.5580, 123.9077
143449.1080, 6394406.9864, 37.9250, 278.1778, 124.4330
143451.0489, 6394405.9960, 38.0900, 355.4554, 124.7000
143442.1910, 6394402.9719, 36.9064, 49.4663, 125.2962
143442.1910, 6394402.9719, 36.9064, 49.4663, 125.2962
143439.3029, 6394387.4731, 35.1587, 50.1781, 171.8905
143449.2259, 6394407.0001, 37.8545, 281.9380, 127.4464
143446.2215, 6394387.5928, 35.7324, 491.9249, 178.2935
143446.2215, 6394387.5928, 35.7324, 491.9249, 178.2935
143446.2215, 6394387.5928, 35.7324, 491.9249, 178.2935
143439.2322, 6394387.4907, 35.0369, 44.4397, 180.3004
143442.6479, 6394404.4749, 34.5712, 55.7726, 225.6141
143447.0040, 6394405.9803, 34.2917, 211.6000, 247.9264
143442.0312, 6394401.4514, 33.4706, 53.5507, 272.3321
143442.0312, 6394401.4514, 33.4706, 53.5507, 272.3321
143444.4950, 6394397.5194, 32.9908, 208.7188, 307.2190
143444.4950, 6394397.5194, 32.9908, 208.7188, 307.2190
143444.2434, 6394392.5523, 33.2152, 272.2266, 308.7127
143454.2988, 6394408.6114, 36.1273, 418.7120, 204.1211
143454.2988, 6394408.6114, 36.1273, 418.7120, 204.1211
143442.6934, 6394400.5358, 35.1160, 93.3687, 202.6747
143442.6934, 6394400.5358, 35.1160, 93.3687, 202.6747
143443.1799, 6394405.4652, 36.9486, 71.0275, 133.1357
143439.3434, 6394387.4748, 33.1860, 51.5850, 313.9277
143440.4709, 6394389.5290, 32.9434, 101.0296, 325.1126
143445.0932, 6394391.9939, 32.8757, 325.0580, 330.3867
143444.5839, 6394390.0166, 32.8648, 337.6185, 337.3690
143441.4239, 6394380.4729, 32.7432, 381.3791, 399.7847
143447.4726, 6394406.4193, 33.7361, 223.1513, 268.7446
143442.0048, 6394397.4789, 33.5169, 90.6595, 276.3605
143442.0048, 6394397.4789, 33.5169, 90.6595, 276.3605
143446.1830, 6394387.0893, 35.2420, 502.2179, 207.9411
143442.8134, 6394399.9943, 34.9822, 104.2600, 209.0015
143442.6498, 6394396.4641, 33.2204, 134.2315, 294.4829
143445.8420, 6394400.9749, 33.0103, 222.6966, 301.4880
143445.8420, 6394400.9749, 33.0103, 222.6966, 301.4880
143443.3963, 6394394.4856, 32.9394, 197.7507, 315.3809
143443.3963, 6394394.4856, 32.9394, 197.7507, 315.3809
143443.0390, 6394389.5616, 33.1648, 260.4864, 318.0361
143445.7137, 6394392.5135, 32.8758, 345.9488, 329.8417
143445.7137, 6394392.5135, 32.8758, 345.9488, 329.8417
143444.2869, 6394400.9775, 34.8253, 159.3658, 221.1568
143443.5560, 6394386.9797, 32.8297, 346.0861, 351.1137
143443.6746, 6394384.9866, 32.7821, 405.0990, 365.5721
143443.6746, 6394384.9866, 32.7821, 405.0990, 365.5721
143442.2186, 6394383.5047, 32.7942, 347.4818, 371.7145
143442.2186, 6394383.5047, 32.7942, 347.4818, 371.7145
143442.0896, 6394379.5691, 33.0765, 474.4716, 378.5032
143445.4508, 6394378.3905, 33.1380, 790.6951, 389.1558
143442.3934, 6394381.0045, 32.7496, 441.5673, 395.4042
143442.3934, 6394381.0045, 32.7496, 441.5673, 395.4042
143442.0710, 6394379.5513, 32.7989, 472.2687, 404.5957
143445.6761, 6394385.6207, 34.7847, 515.3032, 234.9731
143445.6761, 6394385.6207, 34.7847, 515.3032, 234.9731
143448.8903, 6394412.4843, 37.8856, 214.0109, 133.8930
143441.9399, 6394379.4831, 32.5755, 462.8616, 426.1502
143445.4735, 6394385.1064, 34.8533, 519.6869, 229.7178
143448.8903, 6394412.4843, 37.8856, 214.0109, 133.8930
143444.8837, 6394401.0010, 34.4301, 184.1745, 239.8666
143444.8837, 6394401.0010, 34.4301, 184.1745, 239.8666
143441.8756, 6394399.0092, 34.1863, 69.1116, 242.3902
143445.2535, 6394384.6301, 34.6608, 520.9957, 242.1669
143444.6016, 6394383.1073, 34.6084, 531.3792, 244.3796
143441.8510, 6394397.9929, 33.8905, 77.8632, 257.2371
143444.6016, 6394383.1073, 34.6084, 531.3792, 244.3796
143444.6016, 6394383.1073, 34.6084, 531.3792, 244.3796
143442.1201, 6394397.9985, 34.0532, 91.2592, 250.3346
143441.8510, 6394397.9929, 33.8905, 77.8632, 257.2371
143448.3874, 6394408.0216, 33.0901, 237.1454, 291.0836
143448.3874, 6394408.0216, 33.0901, 237.1454, 291.0836
143445.0777, 6394401.5087, 34.5765, 186.5924, 234.0603
143442.9143, 6394397.9512, 33.7110, 130.1420, 269.0090
143445.6411, 6394394.9854, 33.9299, 300.6159, 271.0596
143443.3823, 6394398.4682, 33.5946, 146.1995, 274.9301
143450.0895, 6394412.9262, 33.4049, 242.7509, 277.6676
143445.1167, 6394391.9845, 32.8630, 326.3978, 331.1379
143440.3055, 6394382.0708, 33.0512, 236.0862, 356.7420
143445.3210, 6394378.5175, 33.4361, 776.8016, 361.4029
143441.3162, 6394381.9815, 32.7805, 322.8175, 382.8233
143447.6760, 6394377.5490, 36.4742, 1016.0939, 105.3221
143442.3781, 6394403.9678, 35.0189, 48.5788, 206.4999
143442.3781, 6394403.9678, 35.0189, 48.5788, 206.4999
143445.4735, 6394393.9940, 33.3486, 308.4740, 301.0936
143443.0931, 6394400.4886, 34.4110, 111.5403, 235.3089
143445.5346, 6394393.5169, 33.2414, 319.5596, 307.8261
143443.2613, 6394379.6263, 33.8833, 571.5084, 307.4026
143443.2613, 6394379.6263, 33.8833, 571.5084, 307.4026
143443.2479, 6394392.5019, 32.9216, 220.1849, 322.2038
143443.0931, 6394400.4886, 34.4110, 111.5403, 235.3089
143441.0056, 6394391.0246, 32.9602, 113.7400, 319.7486
143444.6612, 6394383.0836, 34.4461, 535.3920, 256.8521
143440.2679, 6394380.9625, 34.1946, 267.7552, 257.9119
143439.9643, 6394388.0067, 32.9145, 88.8626, 332.2675
143439.9643, 6394388.0067, 32.9145, 88.8626, 332.2675
143443.0191, 6394387.4107, 32.9998, 303.4178, 336.8987
143443.0191, 6394387.4107, 32.9998, 303.4178, 336.8987
143442.9415, 6394378.5535, 33.6037, 595.1179, 338.6492
143442.9415, 6394378.5535, 33.6037, 595.1179, 338.6492
143445.0504, 6394377.6307, 33.2758, 807.2250, 382.8305
143443.2128, 6394384.9653, 32.7813, 375.5943, 364.9307
143442.0330, 6394379.6137, 33.1891, 468.3704, 367.4472
143442.0330, 6394379.6137, 33.1891, 468.3704, 367.4472
143445.0922, 6394377.6047, 33.3982, 812.8057, 371.6589
143445.0922, 6394377.6047, 33.3982, 812.8057, 371.6589
143442.5186, 6394381.0911, 32.9836, 449.1769, 374.8715
143445.1510, 6394377.5539, 33.3633, 819.8604, 375.4985
143445.3928, 6394378.4497, 33.2717, 784.3506, 376.6972
143445.0379, 6394377.6428, 33.3026, 805.8065, 380.1807
143442.2340, 6394381.9714, 32.7566, 395.5925, 386.3121
143446.1338, 6394387.1158, 34.4114, 496.0050, 258.9942
143442.2340, 6394381.9714, 32.7566, 395.5925, 386.3121
143442.4015, 6394381.5013, 32.7606, 424.4636, 390.1429
143442.4015, 6394381.5013, 32.7606, 424.4636, 390.1429
143442.0857, 6394381.0398, 32.7674, 415.9604, 393.1653
143442.0830, 6394380.5041, 32.7443, 435.2809, 400.1349
143442.1233, 6394380.1061, 32.7930, 454.1409, 399.6473
143442.1030, 6394379.0373, 32.8928, 497.5331, 401.0582
143442.1030, 6394379.0373, 32.8928, 497.5331, 401.0582
143442.1503, 6394379.5146, 32.8321, 480.6670, 401.9545
143442.2511, 6394378.9549, 32.7758, 513.2707, 413.2888
143442.2967, 6394378.9232, 32.7110, 518.2297, 419.8715
143442.2967, 6394378.9232, 32.7110, 518.2297, 419.8715
143446.1338, 6394387.1158, 34.4114, 496.0050, 258.9942
143444.6180, 6394383.1051, 34.3781, 531.5303, 261.6752
143444.6180, 6394383.1051, 34.3781, 531.5303, 261.6752
143444.2800, 6394382.0520, 34.3258, 547.4172, 266.3162
143444.3927, 6394382.5923, 34.3034, 534.7802, 267.3438
143442.1107, 6394379.0089, 32.5830, 497.8091, 431.0548
143442.0489, 6394379.0273, 32.5381, 491.4464, 435.1176
143443.7780, 6394398.9847, 33.4827, 158.2829, 280.2062
143444.9478, 6394395.5654, 33.5739, 258.4035, 285.2588
143443.6396, 6394380.6250, 34.0780, 557.7527, 287.7428
143443.6396, 6394380.6250, 34.0780, 557.7527, 287.7428
143443.6396, 6394380.6250, 34.0780, 557.7527, 287.7428
143443.6396, 6394380.6250, 34.0780, 557.7527, 287.7428
143443.4651, 6394380.1268, 33.9504, 565.3197, 299.9966
143451.2387, 6394405.4607, 32.9558, 361.2979, 304.9079
143451.2387, 6394405.4607, 32.9558, 361.2979, 304.9079
143444.0293, 6394381.1283, 33.7327, 563.4343, 316.1871
143447.1359, 6394395.9863, 32.8927, 348.7927, 321.1256
143444.2330, 6394381.6172, 33.6468, 557.7594, 321.4695
143446.3450, 6394393.0043, 32.8677, 366.7580, 329.8521
143442.4242, 6394386.4819, 33.1342, 286.6298, 330.7562
143445.6315, 6394390.4897, 32.8457, 382.5974, 338.6621
143445.6315, 6394390.4897, 32.8457, 382.5974, 338.6621
143445.5237, 6394389.9687, 32.8310, 388.3120, 341.3405
143445.5237, 6394389.9687, 32.8310, 388.3120, 341.3405
143444.6413, 6394387.5277, 32.8330, 397.0375, 350.3257
143443.8683, 6394385.1016, 32.8758, 414.5468, 358.7910
143442.9302, 6394383.5283, 32.7890, 397.6502, 373.1892
143442.9302, 6394383.5283, 32.7890, 397.6502, 373.1892
143442.4344, 6394383.4788, 32.7705, 363.8182, 374.0891
143442.0156, 6394379.6016, 33.0401, 466.6679, 381.4777
143445.3674, 6394378.4606, 33.1568, 781.1368, 386.7385
143444.9994, 6394377.6678, 33.2276, 800.9117, 386.9065
143444.9994, 6394377.6678, 33.2276, 800.9117, 386.9065
143442.2917, 6394381.0537, 32.7722, 431.8600, 392.8930
143442.2917, 6394381.0537, 32.7722, 431.8600, 392.8930
143442.1600, 6394379.0067, 32.8052, 503.3257, 409.8376
143442.0831, 6394379.5352, 32.7034, 473.4887, 413.6814
