143448.8115, 6394379.1271, 37.5050, 998.9944, 23.9187
143439.8634, 6394381.0355, 30.4946, 190.4468, 603.1766
143448.5981, 6394379.0757, 37.3000, 988.1241, 38.3375
143449.3869, 6394386.4622, 32.4568, 660.6215, 378.6596
143442.4160, 6394379.9869, 32.9539, 470.9026, 382.0410
143443.4757, 6394379.6491, 33.0097, 573.9246, 382.0750
143444.3834, 6394382.1372, 32.7390, 531.2647, 383.9534
143444.3834, 6394382.1372, 32.7390, 531.2647, 383.9534
143442.5609, 6394379.9661, 32.9342, 483.9577, 384.3757
143442.4670, 6394381.0988, 32.7939, 428.4030, 385.8634
143442.4670, 6394381.0988, 32.7939, 428.4030, 385.8634
143442.1114, 6394380.1143, 32.8680, 438.8463, 388.3763
143443.6208, 6394379.0125, 33.0110, 617.4805, 388.6750
143442.5846, 6394379.9567, 32.8883, 486.1083, 388.8350
143444.4423, 6394382.0914, 32.6173, 536.5332, 394.0982
143444.4423, 6394382.0914, 32.6173, 536.5332, 394.0982
143441.1810, 6394380.5449, 32.6999, 338.3444, 398.4798
143441.1810, 6394380.5449, 32.6999, 338.3444, 398.4798
143443.8345, 6394380.6478, 32.6883, 553.5466, 401.3674
143443.8345, 6394380.6478, 32.6883, 553.5466, 401.3674
143443.4489, 6394379.6645, 32.7309, 569.2924, 407.6926
143448.1399, 6394377.5656, 37.2923, 1063.2366, 20.2423
143447.1276, 6394405.9338, 34.9881, 188.1684, 208.0480
143449.0687, 6394379.1449, 37.7576, 1014.7264, 5.9748
143448.9776, 6394379.1634, 37.6921, 1007.8344, 10.4685
143448.7406, 6394379.1076, 37.4467, 995.6445, 27.8272
143448.4465, 6394379.0595, 37.1356, 978.8423, 50.4756
143455.2094, 6394392.5202, 38.6522, 742.4169, 75.8293
143447.9881, 6394384.3332, 37.0725, 688.9951, 79.8644
143446.3128, 6394387.5442, 37.0289, 485.9973, 81.5476
143446.1893, 6394387.0940, 36.9478, 492.1738, 83.9218
143464.9651, 6394414.6142, 41.1023, 593.5708, 84.9742
143465.0527, 6394414.5592, 41.1125, 596.2900, 84.9180
143464.6004, 6394413.6572, 40.9964, 598.6650, 84.9432
143446.4739, 6394386.9432, 36.9465, 512.8078, 85.8609
143446.2654, 6394387.0190, 36.9159, 498.6338, 86.3726
143446.2654, 6394387.0190, 36.9159, 498.6338, 86.3726
143444.6782, 6394382.4908, 36.4270, 556.6896, 86.7881
143447.0686, 6394391.9587, 37.8884, 413.7553, 55.1829
143447.7534, 6394377.5768, 36.8184, 1033.6843, 59.7705
143449.1651, 6394396.4762, 37.7680, 412.9682, 91.2009
143449.4549, 6394401.4690, 38.0880, 338.8712, 91.5223
143441.8706, 6394401.9541, 37.0147, 8.1491, 96.9951
143447.9752, 6394402.5481, 37.7457, 265.8196, 100.2588
143442.4684, 6394403.4520, 36.9710, 22.9391, 105.8250
143448.8114, 6394412.4796, 38.1188, 182.4747, 108.8775
143448.5786, 6394409.0434, 37.8304, 209.2116, 112.1798
143449.2565, 6394412.0128, 38.0405, 201.3711, 112.5383
143448.4642, 6394379.0269, 37.1941, 982.4617, 45.4127
143442.8103, 6394404.4647, 36.8273, 29.3830, 115.8513
143446.8248, 6394391.5661, 37.9505, 410.9096, 48.0181
143443.5624, 6394406.4707, 36.7877, 44.3063, 124.6187
143444.0421, 6394407.4566, 36.8896, 55.5270, 124.3663
143447.9859, 6394392.0447, 36.4827, 451.8028, 137.9464
143447.3059, 6394415.9483, 36.7113, 103.0428, 152.6700
143448.1319, 6394417.9836, 36.4518, 113.0796, 164.5688
143449.0145, 6394419.9339, 36.5519, 124.7643, 165.2714
143443.9963, 6394399.9460, 35.5275, 127.9921, 173.0023
143448.1114, 6394376.5480, 36.8183, 1134.0748, 57.1135
143447.8564, 6394378.6697, 36.8284, 965.6702, 67.5381
143451.8357, 6394385.0659, 37.6496, 853.1296, 78.9249
143445.0595, 6394382.4068, 36.5619, 586.9128, 79.4413
143449.3919, 6394396.4715, 37.8353, 422.6021, 89.4331
143449.3919, 6394396.4715, 37.8353, 422.6021, 89.4331
143447.9186, 6394392.0775, 37.1644, 449.8495, 101.1978
143444.4548, 6394382.6485, 34.7513, 526.3411, 221.1936
143445.2642, 6394384.6279, 34.7753, 507.4648, 222.1707
143445.2955, 6394401.4521, 34.5086, 166.5195, 223.1167
143447.4997, 6394384.6551, 37.0183, 649.1910, 80.5304
143444.5607, 6394382.5500, 36.4831, 546.4528, 81.1922
143444.6837, 6394382.4984, 36.4991, 557.1458, 80.9569
143446.2521, 6394387.5765, 37.0239, 481.6423, 81.4831
143454.6452, 6394391.1094, 38.3553, 761.2730, 82.0000
143445.0439, 6394382.4223, 36.5204, 584.9858, 82.7455
143445.0439, 6394382.4223, 36.5204, 584.9858, 82.7455
143447.6015, 6394384.5820, 36.9874, 657.5017, 83.3050
143444.6517, 6394382.5020, 36.4558, 554.5575, 84.1888
143444.6517, 6394382.5020, 36.4558, 554.5575, 84.1888
143446.3524, 6394386.9711, 36.9276, 505.0541, 86.1606
143444.8640, 6394382.4520, 36.4462, 571.1320, 87.0229
143449.2853, 6394401.4613, 37.9189, 332.2553, 97.5618
143444.5600, 6394401.4349, 35.4857, 135.8905, 178.1073
143443.7544, 6394379.4880, 35.1758, 618.4789, 179.2069
143443.7544, 6394379.4880, 35.1758, 618.4789, 179.2069
143443.6833, 6394379.5196, 35.1672, 611.1340, 179.4068
143443.6833, 6394379.5196, 35.1672, 611.1340, 179.4068
143449.2853, 6394401.4613, 37.9189, 332.2553, 97.5618
143445.4330, 6394402.4522, 35.3809, 161.3946, 186.4955
143449.0375, 6394401.4782, 37.8698, 322.4539, 98.3274
143446.4541, 6394404.4394, 35.1688, 179.4807, 199.0587
143444.6384, 6394383.0877, 34.6976, 521.7793, 226.0688
143446.7206, 6394404.9333, 35.1927, 184.2137, 199.0233
143449.0375, 6394401.4782, 37.8698, 322.4539, 98.3274
143442.0517, 6394402.4542, 37.0132, 12.3809, 99.3448
143447.1108, 6394405.9284, 35.1987, 187.8280, 200.0509
143449.3783, 6394401.4914, 37.8636, 335.2308, 100.3866
143447.9061, 6394391.5815, 36.6046, 459.3714, 130.0618
143442.2209, 6394402.9642, 36.9361, 15.8052, 104.9265
143448.2901, 6394408.9400, 35.1146, 197.5179, 206.4134
143449.5238, 6394406.9810, 38.0038, 265.6610, 106.5648
143444.5084, 6394400.9607, 34.6731, 138.2960, 213.4641
143449.0591, 6394406.9793, 37.8945, 249.3561, 108.4545
143445.0046, 6394401.5083, 34.5578, 153.4140, 219.9728
143448.1601, 6394407.5270, 37.7873, 211.1315, 109.2980
143447.0504, 6394406.5123, 34.4265, 178.3810, 228.5372
143445.7560, 6394397.5548, 34.4143, 239.5278, 232.0226
143445.6202, 6394397.0535, 34.3395, 240.8605, 235.5549
143445.6202, 6394397.0535, 34.3395, 240.8605, 235.5549
143448.0925, 6394376.6144, 37.1634, 1131.7224, 23.1610
143445.1851, 6394387.5442, 37.6074, 423.3332, 33.0447
143448.4370, 6394379.0550, 37.1941, 979.1046, 45.2691
143443.2427, 6394400.4862, 35.0701, 86.3383, 190.7921
143442.8366, 6394404.4596, 36.8934, 30.6230, 113.1814
143445.6623, 6394396.5779, 34.2398, 250.0795, 240.9968
143445.6623, 6394396.5779, 34.2398, 250.0795, 240.9968
143444.0793, 6394379.3731, 34.5575, 645.6142, 241.1328
143444.0793, 6394379.3731, 34.5575, 645.6142, 241.1328
143443.6724, 6394379.0202, 34.5296, 631.9789, 241.8160
143443.6724, 6394379.0202, 34.5296, 631.9789, 241.8160
143445.4367, 6394385.1432, 34.4766, 499.5594, 243.5143
143443.6806, 6394380.1277, 34.4834, 576.4045, 243.4990
143445.7929, 6394396.0726, 34.1473, 264.1554, 246.5574
143446.9711, 6394389.5997, 34.3711, 455.5512, 249.1119
143449.1690, 6394395.6270, 34.3058, 421.4825, 250.9433
143449.1690, 6394395.6270, 34.3058, 421.4825, 250.9433
143445.8773, 6394396.0423, 34.0443, 268.4096, 251.8724
143446.4035, 6394394.4644, 34.0187, 320.6326, 257.4570
143448.2837, 6394377.6040, 37.4544, 1070.8392, 7.4702
143446.4035, 6394394.4644, 34.0187, 320.6326, 257.4570
143443.4649, 6394380.1130, 34.0566, 557.5307, 281.7066
143447.5612, 6394377.2102, 36.7636, 1047.9176, 59.7754
143447.5612, 6394377.2102, 36.7636, 1047.9176, 59.7754
143443.6728, 6394380.6080, 33.9513, 550.3846, 290.0591
143447.7965, 6394391.5234, 33.5609, 446.6019, 291.9227
143443.9671, 6394398.9534, 33.5085, 136.5308, 266.2691
143447.7965, 6394391.5234, 33.5609, 446.6019, 291.9227
143448.2156, 6394377.1298, 37.2462, 1099.7943, 21.7461
143444.8474, 6394386.5486, 33.6550, 417.6378, 293.0204
143443.3111, 6394379.6027, 33.9322, 568.8610, 295.0913
143445.7173, 6394399.9843, 32.9978, 201.3642, 291.5650
143446.0643, 6394390.5990, 33.4553, 382.0309, 295.4093
143443.2872, 6394396.5203, 33.0066, 133.9653, 293.8894
143443.0326, 6394393.0105, 32.9353, 171.3453, 307.8378
143443.0326, 6394393.0105, 32.9353, 171.3453, 307.8378
143444.2854, 6394390.9224, 33.0582, 278.7323, 311.8345
143444.2854, 6394390.9224, 33.0582, 278.7323, 311.8345
143442.7932, 6394390.5332, 32.9205, 199.8564, 317.4990
143442.7932, 6394390.5332, 32.9205, 199.8564, 317.4990
143442.8332, 6394387.4849, 33.1276, 265.4228, 317.8134
143449.3176, 6394396.0319, 38.0172, 428.6513, 79.2072
143442.8332, 6394387.4849, 33.1276, 265.4228, 317.8134
143443.5069, 6394379.6328, 33.6635, 581.3938, 321.2253
143443.5069, 6394379.6328, 33.6635, 581.3938, 321.2253
143443.5069, 6394379.6328, 33.6635, 581.3938, 321.2253
143446.2637, 6394387.5780, 36.9617, 482.0203, 85.5936
143446.2637, 6394387.5780, 36.9617, 482.0203, 85.5936
143449.8462, 6394400.5424, 38.0608, 368.3570, 92.5295
143443.4771, 6394379.6490, 33.7748, 578.9378, 310.5246
143443.8472, 6394380.6379, 33.6868, 560.7557, 314.1551
143443.8472, 6394380.6379, 33.6868, 560.7557, 314.1551
143444.1909, 6394381.6427, 33.6128, 542.2605, 316.0067
143442.7720, 6394381.0993, 33.5331, 456.6267, 320.7584
143442.7720, 6394381.0993, 33.5331, 456.6267, 320.7584
143449.8462, 6394400.5424, 38.0608, 368.3570, 92.5295
143440.3780, 6394385.5051, 32.8583, 131.5570, 341.0384
143443.5205, 6394386.4940, 32.8251, 333.5185, 345.2602
143440.5303, 6394380.9707, 32.8814, 263.8012, 375.4967
143441.1158, 6394380.5437, 32.7496, 332.6419, 393.6369
143441.3735, 6394380.5185, 32.7045, 356.7855, 398.5662
143442.7481, 6394379.8500, 32.7445, 503.7330, 403.7198
143441.6666, 6394380.4978, 32.6222, 383.2871, 406.9037
143443.9678, 6394407.4749, 36.8519, 52.3723, 125.5206
143444.0422, 6394381.1143, 34.4847, 558.7933, 243.3797
143444.0422, 6394381.1143, 34.4847, 558.7933, 243.3797
143444.3716, 6394382.1366, 34.4341, 539.2196, 247.2453
143444.5088, 6394382.6278, 34.4287, 529.2471, 247.3227
143443.5598, 6394379.5997, 33.5641, 586.5818, 330.9855
143446.0700, 6394381.3658, 33.4555, 680.6807, 336.5921
143442.7114, 6394381.6307, 33.2584, 429.7361, 341.1392
143443.1836, 6394383.1155, 33.0700, 411.5450, 347.6967
143444.4029, 6394382.1189, 34.3936, 541.9185, 250.7734
143444.4029, 6394382.1189, 34.3936, 541.9185, 250.7734
143446.0291, 6394387.0974, 34.3389, 473.2475, 251.7080
143444.4200, 6394382.5784, 34.3727, 524.7717, 251.4067
143444.4200, 6394382.5784, 34.3727, 524.7717, 251.4067
143445.3408, 6394397.0731, 33.9382, 226.9923, 253.6016
143448.2384, 6394379.0165, 36.9718, 967.8380, 61.8183
143444.4114, 6394382.5841, 34.3183, 523.6884, 255.6961
143443.6383, 6394379.5482, 33.3490, 593.9412, 351.7722
143443.4570, 6394379.0693, 33.3419, 603.5994, 356.0137
143443.3978, 6394379.1068, 33.2058, 595.9290, 368.6265
143443.6405, 6394379.0285, 33.2169, 619.6595, 368.8652
143443.6405, 6394379.0285, 33.2169, 619.6595, 368.8652
143442.2965, 6394380.0433, 33.0487, 458.7717, 372.2574
143444.3407, 6394382.1535, 32.8806, 528.3710, 372.4751
143443.6934, 6394378.9967, 33.1059, 624.7872, 379.8989
143443.6934, 6394378.9967, 33.1059, 624.7872, 379.8989
143443.6624, 6394379.0155, 33.0871, 621.1850, 381.4463
143443.7927, 6394378.9727, 33.0879, 633.8189, 382.0434
143445.5512, 6394378.3020, 33.1877, 804.5801, 382.5092
143443.9804, 6394381.1552, 32.8481, 543.2881, 383.0244
143443.9804, 6394381.1552, 32.8481, 543.2881, 383.0244
143443.7635, 6394378.9892, 33.0533, 630.3914, 385.1170
143443.8561, 6394378.9171, 32.9711, 640.9584, 393.8354
143443.9265, 6394378.8671, 32.9672, 649.1545, 394.8414
143447.8705, 6394377.4990, 36.9734, 1048.2090, 46.0528
143446.5367, 6394388.6265, 35.8347, 463.3533, 160.7890
143446.1063, 6394395.0706, 33.9386, 295.5123, 259.3880
143446.1063, 6394395.0706, 33.9386, 295.5123, 259.3880
143445.2066, 6394395.5175, 33.7940, 244.7894, 262.7974
143439.1796, 6394386.9503, 35.2799, 11.3378, 141.8278
143442.6014, 6394379.9238, 32.6124, 487.4282, 415.1538
143446.2849, 6394387.5707, 36.2421, 480.7631, 131.8807
143445.5877, 6394386.1138, 35.9757, 483.6073, 141.0806
143447.8922, 6394392.0873, 36.2921, 445.8576, 147.5972
143445.6191, 6394386.1110, 35.8370, 485.0127, 150.7753
143445.6191, 6394386.1110, 35.8370, 485.0127, 150.7753
143443.4993, 6394379.4905, 34.0580, 590.4188, 284.6414
143444.2084, 6394382.1006, 33.9451, 526.6224, 286.4756
143444.5724, 6394383.0506, 33.9109, 514.9370, 286.9393
143444.5724, 6394383.0506, 33.9109, 514.9370, 286.9393
143443.2945, 6394379.6132, 33.9608, 567.1815, 292.2177
143443.8727, 6394380.6232, 33.7650, 563.8005, 307.4357
143443.8727, 6394380.6232, 33.7650, 563.8005, 307.4357
143448.0425, 6394376.8196, 36.6674, 1106.5629, 72.9310
143447.9857, 6394376.5873, 36.6426, 1121.1216, 73.0509
143447.8717, 6394378.6138, 36.7100, 969.1020, 77.9710
143448.0751, 6394379.0946, 36.6896, 950.7234, 84.8385
143442.6963, 6394400.5351, 35.1136, 60.0208, 186.4755
143443.6438, 6394380.1602, 33.7338, 567.3591, 311.9443
143448.1407, 6394377.6537, 37.3775, 1057.8073, 13.0350
143448.1057, 6394376.5971, 37.0348, 1132.3755, 35.9781
143448.5813, 6394379.0922, 37.3037, 986.1422, 37.9250
143447.9904, 6394377.5369, 37.0612, 1053.7539, 39.6942
143448.2045, 6394378.6888, 37.1393, 988.3078, 44.4065
143447.8114, 6394377.5627, 36.9833, 1040.0408, 44.7901
143442.6963, 6394400.5351, 35.1136, 60.0208, 186.4755
143447.6526, 6394391.1344, 35.4069, 454.4078, 193.1627
143442.8393, 6394399.9890, 34.9634, 72.4651, 193.9497
143446.1888, 6394387.6092, 35.8963, 473.0440, 153.3034
143444.0253, 6394381.1340, 33.6460, 551.9357, 315.4908
143447.6669, 6394377.4947, 36.7783, 1033.7952, 61.8460
143448.1405, 6394379.0622, 36.8393, 957.9774, 72.4351
143443.4943, 6394399.9518, 34.6464, 103.6836, 211.2403
143447.8043, 6394377.4063, 36.4738, 1045.5160, 92.0676
143447.6425, 6394377.1965, 36.4141, 1050.2191, 94.6407
143447.6425, 6394377.1965, 36.4141, 1050.2191, 94.6407
143449.4541, 6394401.4675, 37.9885, 338.6878, 95.6001
143449.4541, 6394401.4675, 37.9885, 338.6878, 95.6001
143444.6140, 6394383.1008, 34.7045, 519.6709, 225.3560
143445.4932, 6394390.5488, 32.8550, 351.6494, 327.8821
143448.4229, 6394406.5180, 37.8403, 232.1896, 106.7155
143450.0346, 6394422.4660, 36.4782, 134.9985, 171.3119
143449.6223, 6394421.4424, 36.4099, 130.9266, 171.6746
143447.8205, 6394378.6637, 36.7171, 962.8301, 77.0106
143447.8205, 6394378.6637, 36.7171, 962.8301, 77.0106
143447.8835, 6394392.0985, 37.5762, 448.8972, 78.8967
143443.5586, 6394379.6012, 33.5792, 586.5138, 329.5532
143443.6065, 6394379.5685, 33.5830, 591.9568, 329.6062
143448.6027, 6394412.4974, 37.9762, 175.3794, 112.7769
143448.6027, 6394412.4974, 37.9762, 175.3794, 112.7769
143448.3354, 6394379.5100, 36.3896, 938.2203, 115.0937
143440.0021, 6394385.5196, 32.8812, 100.9691, 338.1065
143444.5753, 6394387.1223, 32.9162, 383.0089, 338.1785
143444.5753, 6394387.1223, 32.9162, 383.0089, 338.1785
143443.6402, 6394379.5502, 33.3960, 594.2985, 347.3738
143445.5383, 6394401.9394, 33.2324, 169.4888, 277.0229
143445.1284, 6394394.0792, 33.2631, 264.2842, 292.6955
143444.4592, 6394382.6377, 35.2900, 529.7845, 177.8889
143444.1863, 6394407.9582, 36.9625, 57.0702, 122.9909
143443.3301, 6394383.6185, 32.9562, 404.8998, 353.5020
143443.1735, 6394384.9826, 32.7896, 351.5802, 356.3984
143446.6166, 6394393.5346, 32.8846, 345.9456, 317.3933
143442.3992, 6394397.9885, 33.9390, 71.8411, 242.2338
143442.3676, 6394380.6085, 33.0777, 441.1738, 364.5005
143441.9657, 6394394.9845, 35.1183, 86.0666, 180.8524
143447.6830, 6394391.1214, 35.6084, 456.7946, 182.3376
143448.8791, 6394394.5896, 35.7318, 433.7581, 183.1859
143450.1794, 6394398.1116, 35.7832, 418.3922, 187.4049
143440.3122, 6394386.4943, 32.8807, 106.8437, 333.1003
143440.8242, 6394384.0030, 32.8259, 201.9839, 355.1521
143450.1794, 6394398.1116, 35.7832, 418.3922, 187.4049
143442.6821, 6394384.0344, 32.8079, 344.6719, 360.5687
143442.6821, 6394384.0344, 32.8079, 344.6719, 360.5687
143440.2895, 6394381.5237, 32.9395, 223.8421, 364.1660
143442.4957, 6394382.0377, 32.7807, 395.6754, 378.3826
143442.5115, 6394379.9628, 32.8190, 479.2970, 395.1951
143442.5115, 6394379.9628, 32.8190, 479.2970, 395.1951
143450.9706, 6394400.1075, 35.8278, 413.0761, 189.0011
143450.9706, 6394400.1075, 35.8278, 413.0761, 189.0011
143446.1370, 6394387.6376, 35.3324, 467.3210, 188.7458
143442.5082, 6394379.9511, 32.4802, 477.6585, 427.1929
143442.2270, 6394380.0797, 33.0715, 451.3553, 369.5865
143442.3314, 6394380.0248, 33.0393, 462.4995, 373.3985
143442.5275, 6394379.9673, 32.9509, 481.1842, 382.7270
143444.9973, 6394383.5811, 32.5774, 517.2919, 385.2673
143444.9973, 6394383.5811, 32.5774, 517.2919, 385.2673
143443.8062, 6394378.9569, 33.0204, 635.2518, 388.6591
143442.7308, 6394379.8743, 32.8751, 501.9568, 391.1579
143442.1323, 6394380.1072, 32.8209, 440.7054, 392.9502
143442.6861, 6394379.8960, 32.8440, 497.0699, 393.7908
143442.6861, 6394379.8960, 32.8440, 497.0699, 393.7908
143445.3024, 6394378.5000, 33.0379, 773.7955, 393.9594
143445.3024, 6394378.5000, 33.0379, 773.7955, 393.9594
143445.0896, 6394395.5352, 33.6794, 238.6522, 268.0670
143443.2292, 6394379.6506, 33.9483, 559.9678, 292.8857
143443.2292, 6394379.6506, 33.9483, 559.9678, 292.8857
143442.4436, 6394379.9785, 32.7049, 472.2467, 405.7096
143445.4294, 6394393.5458, 33.1670, 288.6567, 300.0296
143445.4294, 6394393.5458, 33.1670, 288.6567, 300.0296
143443.2894, 6394379.6135, 33.8781, 566.2248, 300.0787
143443.2894, 6394379.6135, 33.8781, 566.2248, 300.0787
143446.2806, 6394390.4577, 37.9766, 409.4414, 36.4688
143446.2806, 6394390.4577, 37.9766, 409.4414, 36.4688
143448.2704, 6394379.5765, 36.3747, 930.3651, 115.9333
143446.2806, 6394390.4577, 37.9766, 409.4414, 36.4688
143446.2806, 6394390.4577, 37.9766, 409.4414, 36.4688
143446.2806, 6394390.4577, 37.9766, 409.4414, 36.4688
143446.2806, 6394390.4577, 37.9766, 409.4414, 36.4688
143447.7792, 6394377.0829, 36.9953, 1073.7727, 39.2428
143447.7792, 6394377.0829, 36.9953, 1073.7727, 39.2428
143447.9714, 6394376.5817, 36.7453, 1121.9180, 62.6410
143447.9714, 6394376.5817, 36.7453, 1121.9180, 62.6410
143442.6830, 6394379.8858, 32.5959, 495.8506, 417.1963
143442.6830, 6394379.8858, 32.5959, 495.8506, 417.1963
143446.0771, 6394403.4403, 35.1032, 175.9784, 200.4191
143447.5164, 6394406.9291, 35.1311, 191.6755, 203.7786
143444.3301, 6394400.9917, 34.8448, 130.1815, 205.2340
143445.1857, 6394388.5990, 33.0534, 381.0478, 323.9456
143443.7593, 6394388.9925, 32.8574, 288.5952, 330.6407
143442.4628, 6394385.4941, 32.8172, 288.1551, 349.4555
143445.4314, 6394378.4229, 33.3889, 790.5010, 362.4771
143442.8642, 6394382.5185, 32.7767, 407.1428, 375.2245
143442.1479, 6394381.5403, 32.7743, 385.6165, 382.8786
143442.1479, 6394381.5403, 32.7743, 385.6165, 382.8786
143440.8189, 6394381.0320, 32.7957, 288.2905, 383.6286
143440.8189, 6394381.0320, 32.7957, 288.2905, 383.6286
143449.1293, 6394395.0808, 37.7341, 439.3919, 88.6982
143449.1293, 6394395.0808, 37.7341, 439.3919, 88.6982
143444.4850, 6394382.6325, 34.7970, 529.2823, 217.7543
143444.6294, 6394383.1026, 34.7952, 521.0839, 218.3710
143441.7935, 6394380.4844, 32.6391, 395.0051, 405.5824
143441.7935, 6394380.4844, 32.6391, 395.0051, 405.5824
143442.4651, 6394379.9743, 32.6185, 473.7693, 413.9016
143441.9358, 6394380.0298, 32.5681, 425.5561, 417.7252
143442.1087, 6394380.0088, 32.5210, 441.2652, 422.5401
143442.4700, 6394379.9539, 32.4618, 474.2153, 428.8740
143444.4686, 6394382.6501, 34.5491, 526.2170, 237.4433
143445.8392, 6394396.5179, 34.2135, 259.1937, 242.9472
143446.1595, 6394387.6259, 34.4386, 465.7266, 245.0112
143445.7879, 6394396.4278, 34.0827, 258.0417, 249.1531
143445.3521, 6394397.5481, 33.9918, 220.5105, 250.4024
143446.2230, 6394394.5170, 33.9904, 311.0712, 258.1711
143445.1984, 6394396.0402, 33.8471, 236.0984, 259.2168
143444.7497, 6394387.5546, 37.6195, 397.0479, 27.8458
143443.3944, 6394380.1536, 34.1225, 550.4597, 275.0515
143443.4473, 6394380.1237, 34.1070, 555.9465, 276.8994
143443.8066, 6394407.4588, 34.8076, 44.8902, 203.6362
143447.8865, 6394377.4940, 36.9224, 1049.0153, 51.0888
143447.8895, 6394378.6374, 36.8243, 969.7337, 68.1093
143451.7288, 6394384.6352, 37.6619, 866.2084, 75.4866
143444.9378, 6394382.4147, 36.5503, 578.2712, 79.0946
143448.0332, 6394397.0317, 37.6760, 354.6452, 90.1522
143449.2160, 6394406.9855, 38.1215, 255.0581, 100.8750
143443.6402, 6394380.6282, 34.0329, 547.4565, 282.5005
143449.1164, 6394401.4790, 37.7961, 325.3317, 101.7769
143453.3637, 6394411.0361, 33.0116, 332.3064, 285.4607
143450.0414, 6394406.4735, 38.0886, 289.9536, 104.8878
143445.2228, 6394400.9401, 33.9045, 168.9524, 249.2974
143440.6636, 6394385.0277, 32.8620, 164.6786, 344.6376
143442.7964, 6394382.1205, 32.8763, 416.5282, 370.1614
143441.3711, 6394381.9901, 32.7735, 305.2394, 377.4176
143443.7979, 6394381.1335, 33.9776, 536.9539, 285.9512
143443.7979, 6394381.1335, 33.9776, 536.9539, 285.9512
143444.4118, 6394382.5903, 33.9211, 521.4938, 287.2959
143444.4118, 6394382.5903, 33.9211, 521.4938, 287.2959
143446.5641, 6394392.1047, 33.3926, 373.8382, 295.6383
143441.8190, 6394380.0632, 32.6592, 414.3347, 408.5316
143449.1409, 6394412.0440, 38.0829, 197.3626, 110.7130
143449.1409, 6394412.0440, 38.0829, 197.3626, 110.7130
143447.5002, 6394412.9986, 37.8374, 134.3631, 113.7063
143447.9799, 6394412.5386, 37.8362, 154.3972, 114.9816
143447.2941, 6394392.0025, 37.7423, 423.3576, 65.1453
143446.1571, 6394387.6345, 36.0318, 471.0351, 144.5074
143446.1571, 6394387.6345, 36.0318, 471.0351, 144.5074
143443.3748, 6394379.5619, 33.8502, 575.4842, 303.4325
143447.9799, 6394412.5386, 37.8362, 154.3972, 114.9816
143447.9730, 6394398.0076, 32.9124, 325.8867, 305.3436
143447.9789, 6394412.9951, 37.8415, 150.2407, 115.4837
143447.9789, 6394412.9951, 37.8415, 150.2407, 115.4837
143444.4667, 6394382.6356, 35.2472, 530.1672, 181.4034
143444.4667, 6394382.6356, 35.2472, 530.1672, 181.4034
143443.3986, 6394379.5459, 33.8159, 577.9676, 306.9017
143443.4490, 6394379.6646, 33.7522, 575.7820, 312.4312
143443.4490, 6394379.6646, 33.7522, 575.7820, 312.4312
143443.6519, 6394379.5419, 33.7568, 598.0121, 313.6386
143443.6519, 6394379.5419, 33.7568, 598.0121, 313.6386
143444.2272, 6394381.6219, 33.6043, 545.6745, 316.9666
143443.5576, 6394406.4654, 36.8881, 44.2069, 120.5806
143443.5576, 6394406.4654, 36.8881, 44.2069, 120.5806
143445.1922, 6394387.5406, 37.6092, 423.8564, 32.9779
143446.4989, 6394391.5100, 37.9974, 395.8966, 42.4046
143444.0554, 6394407.4525, 36.9084, 56.1055, 123.6948
143444.1345, 6394385.6077, 33.2687, 398.9809, 321.0186
143445.3386, 6394410.9489, 37.1600, 76.0599, 125.1098
143445.3386, 6394410.9489, 37.1600, 76.0599, 125.1098
143447.4908, 6394416.4500, 37.6433, 105.6403, 124.6653
143444.4431, 6394397.0124, 32.9759, 184.1100, 297.0010
143444.4431, 6394397.0124, 32.9759, 184.1100, 297.0010
143449.2854, 6394395.5745, 35.7057, 430.7858, 186.5419
143443.6633, 6394400.4754, 35.0795, 106.0340, 192.1229
143447.7628, 6394377.0346, 36.8552, 1074.8458, 52.3103
143447.7628, 6394377.0346, 36.8552, 1074.8458, 52.3103
143444.1238, 6394400.9890, 34.9402, 121.0658, 200.2185
143452.3273, 6394403.6103, 35.9553, 404.1184, 189.4688
143444.0533, 6394391.5176, 33.2148, 254.5589, 300.1233
143444.4149, 6394389.0230, 32.8515, 326.3817, 332.4147
143439.8478, 6394386.5142, 32.9146, 70.1317, 329.0747
143444.4051, 6394386.6225, 32.9925, 386.3810, 335.3850
143443.7470, 6394379.0035, 33.5721, 632.0012, 335.3129
143444.0070, 6394381.1420, 33.3769, 548.7349, 338.3458
143444.3752, 6394382.1333, 33.2952, 533.6899, 339.5350
143442.5590, 6394381.1130, 33.2895, 437.7072, 341.7080
143449.1009, 6394395.5785, 37.9755, 428.5665, 78.4108
143443.9266, 6394385.9786, 32.7896, 373.4305, 351.6481
143443.9266, 6394385.9786, 32.7896, 373.4305, 351.6481
143443.9266, 6394385.9786, 32.7896, 373.4305, 351.6481
143450.5164, 6394400.9618, 37.9302, 386.3166, 102.3813
143449.6012, 6394396.5763, 37.5866, 428.5487, 102.4183
143444.3221, 6394408.4750, 36.8372, 58.0046, 129.1190
143444.3221, 6394408.4750, 36.8372, 58.0046, 129.1190
143443.4371, 6394379.0806, 33.4743, 602.3087, 343.0726
143443.4371, 6394379.0806, 33.4743, 602.3087, 343.0726
143442.2605, 6394380.1058, 33.3454, 454.5824, 343.3398
143442.3539, 6394380.0599, 33.3534, 464.6031, 343.2533
143443.6657, 6394379.5319, 33.4428, 597.5343, 343.2224
143443.6657, 6394379.5319, 33.4428, 597.5343, 343.2224
143443.5824, 6394379.5869, 33.4094, 588.0010, 345.6454
143447.8348, 6394377.0156, 37.0045, 1082.4774, 38.5817
143448.6481, 6394379.3460, 36.4154, 966.3212, 115.4776
143447.9400, 6394407.9401, 35.0584, 195.8425, 207.5470
143443.4159, 6394379.0959, 33.4361, 599.5287, 346.5716
143445.3198, 6394384.5981, 34.8488, 512.2768, 217.2404
143443.1927, 6394385.9947, 32.8262, 325.1085, 347.3886
143444.5770, 6394383.1195, 34.7429, 516.6569, 222.1039
143441.8506, 6394399.0141, 34.1893, 33.2279, 226.9723
143443.6525, 6394379.0220, 33.3819, 622.1218, 353.1371
143440.3670, 6394390.4690, 35.1936, 48.5618, 163.2496
143441.8375, 6394397.9955, 33.8699, 42.8525, 243.6119
143444.9400, 6394400.4291, 33.6354, 162.6180, 260.8821
143444.9400, 6394400.4291, 33.6354, 162.6180, 260.8821
143448.2145, 6394406.9778, 33.0668, 213.8832, 280.4206
143448.2145, 6394406.9778, 33.0668, 213.8832, 280.4206
143443.4875, 6394379.0513, 33.3626, 607.1562, 354.2605
143442.6687, 6394381.6188, 33.0684, 425.9376, 357.5819
143443.5318, 6394384.5607, 32.8040, 388.6563, 358.9367
143445.4589, 6394378.4014, 33.4246, 794.0463, 359.4232
143444.7794, 6394402.4959, 34.4039, 132.2867, 225.1076
143444.5524, 6394383.1352, 34.6524, 513.9764, 229.0024
143444.5640, 6394382.5970, 34.3824, 533.9992, 251.3889
143445.1777, 6394391.9910, 32.8615, 304.8903, 320.9742
143442.7070, 6394383.5586, 32.8021, 361.0753, 364.5913
143442.2969, 6394380.0485, 33.1157, 458.9399, 365.8275
143443.4534, 6394379.0726, 33.2109, 602.2421, 368.5845
143442.5943, 6394379.9571, 33.0763, 487.9660, 371.1060
143442.6670, 6394379.9393, 33.0438, 494.6657, 374.4968
143439.6977, 6394388.4633, 35.1364, 29.4222, 159.7442
143445.8312, 6394386.6228, 35.7333, 481.2762, 160.0432
143445.8312, 6394386.6228, 35.7333, 481.2762, 160.0432
143444.2080, 6394382.0939, 34.2990, 528.6882, 257.5049
143445.5725, 6394401.4471, 34.0992, 177.8857, 241.4495
143445.7330, 6394396.4471, 34.1578, 255.3131, 245.3382
143445.7330, 6394396.4471, 34.1578, 255.3131, 245.3382
143444.5083, 6394382.6280, 34.4352, 529.2385, 246.8013
143442.1233, 6394397.9979, 34.0794, 57.7453, 234.3186
143446.0341, 6394387.0949, 34.3326, 473.5780, 252.1361
143444.0609, 6394381.5809, 34.3192, 539.2656, 256.4588
143442.1233, 6394397.9979, 34.0794, 57.7453, 234.3186
143443.1404, 6394398.4813, 33.6563, 102.8301, 257.6407
143446.2240, 6394387.0674, 35.2861, 488.6149, 192.0992
143443.0664, 6394400.4946, 34.4222, 77.4458, 219.5784
143440.9741, 6394391.0103, 32.9513, 78.7980, 308.5909
143440.2238, 6394381.5549, 33.0757, 217.1355, 350.8150
143445.1863, 6394394.5237, 33.5363, 259.9558, 277.7506
143443.4106, 6394380.1442, 34.0746, 551.8879, 279.6110
143443.4106, 6394380.1442, 34.0746, 551.8879, 279.6110
143443.4106, 6394380.1442, 34.0746, 551.8879, 279.6110
143443.4448, 6394380.1233, 34.0021, 555.1271, 286.5940
143445.4987, 6394393.5325, 33.3034, 292.6246, 293.1879
143445.5304, 6394378.3129, 33.1132, 801.8174, 389.2596
143449.6297, 6394400.9737, 32.9154, 343.8735, 301.1404
143445.8650, 6394393.4216, 33.1227, 312.4048, 303.8362
143445.6781, 6394394.5231, 33.8929, 284.6603, 261.2474
143444.5017, 6394382.6319, 34.4900, 528.9110, 242.3867
143447.3058, 6394390.1288, 35.5777, 462.8071, 181.5992
143443.1717, 6394398.4964, 33.7037, 104.2253, 255.4683
143448.2672, 6394408.4225, 33.6743, 200.6794, 256.9763
143443.4163, 6394398.4598, 33.6047, 116.4454, 260.9937
143441.9858, 6394397.4830, 33.5129, 55.8581, 262.6525
143442.4381, 6394397.9921, 33.3794, 73.3064, 269.6531
143444.9864, 6394396.0713, 33.5828, 225.0331, 271.4065
143444.7992, 6394395.5194, 32.9437, 223.5726, 303.7425
143443.6888, 6394380.1300, 33.7771, 572.5394, 308.3703
143443.6888, 6394380.1300, 33.7771, 572.5394, 308.3703
143442.7919, 6394388.5170, 33.1746, 240.0784, 310.0365
143442.5438, 6394386.4656, 33.1006, 270.1224, 323.7784
143443.6020, 6394379.5722, 33.5334, 591.0841, 334.2188
143443.6020, 6394379.5722, 33.5334, 591.0841, 334.2188
143450.5562, 6394399.1229, 35.8816, 414.8730, 184.9708
143447.1099, 6394389.6346, 35.4910, 465.3392, 185.2978
143439.9675, 6394388.0242, 32.9385, 54.2615, 319.6323
143443.2360, 6394386.0282, 32.8346, 327.1342, 346.6972
143441.7364, 6394384.4831, 33.1375, 262.4627, 329.5143
143441.0885, 6394382.4757, 33.1168, 267.1060, 342.4636
143441.0885, 6394382.4757, 33.1168, 267.1060, 342.4636
143442.7264, 6394381.6077, 33.1702, 431.3840, 349.0025
143443.4399, 6394379.0794, 33.4121, 602.1749, 349.0961
143443.1855, 6394385.5440, 32.8262, 336.7734, 350.1450
143443.5995, 6394384.4861, 32.7842, 395.4809, 361.0465
143442.5292, 6394381.0958, 33.0580, 434.8448, 362.4551
143440.4832, 6394381.4824, 32.8678, 242.9287, 371.7562
143442.8855, 6394382.5457, 32.7877, 407.8483, 374.1292
143442.3690, 6394380.0055, 33.0388, 466.5475, 373.7096
143445.4706, 6394378.3779, 33.2383, 794.7191, 376.9347
143443.3443, 6394383.6102, 32.9295, 406.0767, 355.6584
143443.0503, 6394384.0101, 32.7875, 371.8931, 363.0707
143442.3307, 6394380.0499, 33.1344, 461.8698, 364.1180
143443.0312, 6394383.4827, 32.7697, 387.1209, 368.3486
143443.0312, 6394383.4827, 32.7697, 387.1209, 368.3486
143449.7572, 6394396.5404, 35.6661, 430.9879, 190.5592
143442.6540, 6394379.9206, 32.9038, 493.6239, 387.8555
143442.6540, 6394379.9206, 32.9038, 493.6239, 387.8555
143442.2952, 6394380.6068, 32.7821, 433.7044, 391.5778
143442.2952, 6394380.6068, 32.7821, 433.7044, 391.5778
143442.3731, 6394379.9845, 32.7166, 466.0618, 404.4657
143442.3424, 6394382.9588, 32.7699, 352.5101, 371.1707
143442.1316, 6394380.1239, 33.0510, 441.1444, 370.8989
143445.3852, 6394378.4529, 33.2585, 784.3272, 374.1841
143442.2693, 6394379.9974, 32.5043, 455.4940, 424.3079
143443.4375, 6394380.1457, 33.9323, 553.0867, 292.8870
143450.0467, 6394401.6123, 32.9789, 349.6319, 298.0074
143443.4583, 6394380.1321, 33.8770, 555.0264, 298.1580
143443.8763, 6394378.9118, 33.0540, 643.4331, 386.0402
143442.3665, 6394379.9886, 32.8749, 466.1769, 389.4289
143442.3054, 6394380.0210, 32.8113, 459.2172, 395.0263
143442.1761, 6394380.0837, 32.7921, 445.3306, 395.9960
143442.1610, 6394380.4663, 32.7378, 427.8596, 396.9604
143442.1610, 6394380.4663, 32.7378, 427.8596, 396.9604
143442.2398, 6394380.0496, 32.7664, 452.1306, 398.8903
143442.6373, 6394379.9151, 32.7847, 491.7998, 399.1015
143442.4450, 6394379.9761, 32.7662, 472.8006, 399.9562
143442.2963, 6394380.0046, 32.6822, 458.4514, 407.4189
143442.6971, 6394379.8802, 32.6915, 497.8258, 408.3029
143442.6350, 6394379.9108, 32.6559, 491.0655, 411.2409
143442.6350, 6394379.9108, 32.6559, 491.0655, 411.2409
143442.4584, 6394379.9790, 32.6280, 473.0544, 412.9537
143446.1539, 6394391.9862, 32.8508, 354.6953, 323.7898
143444.1279, 6394385.6081, 33.2180, 398.3696, 324.5387
143442.3802, 6394379.9773, 32.5422, 466.0219, 421.0129
143442.3802, 6394379.9773, 32.5422, 466.0219, 421.0129
143442.6496, 6394379.8957, 32.4603, 491.8555, 429.7539
143442.5892, 6394379.9228, 32.4149, 485.3510, 433.6646
143444.1279, 6394385.6081, 33.2180, 398.3696, 324.5387
143445.4832, 6394390.5202, 32.8533, 351.7460, 328.0785
143443.5564, 6394379.5996, 33.5893, 586.4826, 328.6154
143445.1177, 6394388.6170, 32.8625, 376.2103, 335.2966
143445.1177, 6394388.6170, 32.8625, 376.2103, 335.2966
143443.5765, 6394379.5895, 33.4800, 587.8615, 339.0013
143443.6027, 6394400.4777, 35.0007, 103.1331, 195.4387
143440.3647, 6394383.5309, 32.8483, 175.2899, 355.7289
143443.1766, 6394384.9814, 32.7903, 351.8350, 356.3583
143442.4556, 6394381.1291, 33.0451, 427.4884, 363.1519
143442.4556, 6394381.1291, 33.0451, 427.4884, 363.1519
143442.3746, 6394383.5053, 32.7896, 337.8540, 365.3115
143442.3006, 6394380.0337, 32.9859, 459.1955, 378.3266
143445.3596, 6394378.4641, 33.1455, 780.8979, 384.4785
143442.4623, 6394381.1017, 32.8013, 427.9463, 385.1687
143442.4623, 6394381.1017, 32.8013, 427.9463, 385.1687
143445.4810, 6394378.3543, 33.0928, 795.6453, 390.6494
143441.3270, 6394380.5361, 32.7551, 352.1594, 393.4897
143445.4606, 6394378.3651, 33.0331, 793.0497, 396.0181
143445.4606, 6394378.3651, 33.0331, 793.0497, 396.0181
143443.8430, 6394378.8905, 32.9185, 640.9566, 399.1192
143442.2934, 6394380.0207, 32.7481, 457.8610, 401.0009
143442.2934, 6394380.0207, 32.7481, 457.8610, 401.0009
143442.5946, 6394379.9402, 32.7155, 486.7126, 405.2779
143442.5946, 6394379.9402, 32.7155, 486.7126, 405.2779
143442.5543, 6394379.9498, 32.6675, 482.6384, 409.6498
143442.5543, 6394379.9498, 32.6675, 482.6384, 409.6498
143442.3708, 6394379.9771, 32.6401, 465.7623, 411.7759
143442.3708, 6394379.9771, 32.6401, 465.7623, 411.7759
143446.9287, 6394405.4223, 35.1056, 186.5358, 203.0340
143446.9287, 6394405.4223, 35.1056, 186.5358, 203.0340
143454.4391, 6394425.4463, 35.6570, 225.5161, 203.7778
143454.4391, 6394425.4463, 35.6570, 225.5161, 203.7778
143439.8634, 6394381.0355, 30.4946, 190.4468, 603.1766
