143453.2560, 6394396.1320, 33.4469, 338.6785, 107.7904
143448.6348, 6394397.6110, 33.4114, 21.9612, 108.4728
143448.6348, 6394397.6110, 33.4114, 21.9612, 108.4728
143448.2351, 6394396.5960, 33.3648, 26.4858, 114.1338
143447.3192, 6394394.1087, 33.3727, 43.5396, 120.4553
143447.1477, 6394393.5894, 33.3507, 49.3978, 123.9412
143446.5779, 6394392.0951, 33.3735, 60.8991, 127.3852
143446.5400, 6394392.1121, 33.3613, 57.0699, 128.4741
143446.5400, 6394392.1121, 33.3613, 57.0699, 128.4741
143446.5184, 6394392.1210, 33.3389, 55.0420, 130.4937
143446.5444, 6394392.1085, 33.3207, 57.9228, 132.1506
143446.1942, 6394391.1086, 33.3683, 69.1234, 131.9458
143446.0650, 6394390.5741, 33.3445, 81.4349, 136.5857
143452.7884, 6394392.4750, 32.8672, 461.1154, 156.0980
143446.5610, 6394390.3700, 32.9628, 138.2983, 173.3735
143446.1163, 6394391.1197, 33.2341, 62.7637, 144.8826
143446.6234, 6394392.6157, 32.8747, 47.9037, 169.3689
143445.9884, 6394390.4897, 32.6923, 83.7477, 200.9980
143445.6108, 6394390.5283, 32.3929, 49.6460, 231.8514
143446.1883, 6394390.4751, 32.8048, 101.6081, 189.3333
143450.1260, 6394387.3337, 32.8377, 576.9396, 189.7166
143450.1260, 6394387.3337, 32.8377, 576.9396, 189.7166
143446.2659, 6394390.4569, 32.7569, 109.7676, 193.7296
143446.1593, 6394389.9656, 32.7172, 123.5632, 201.4058
143446.1593, 6394389.9656, 32.7172, 123.5632, 201.4058
143452.9661, 6394392.3246, 32.9071, 477.0089, 153.5202
143453.3299, 6394396.0808, 33.4774, 344.1682, 105.9575
143447.5116, 6394390.6492, 33.4060, 201.8988, 128.2948
143446.0270, 6394390.5931, 33.3685, 76.8750, 134.2050
143450.3941, 6394389.1100, 33.1537, 488.7942, 151.7548
143450.3941, 6394389.1100, 33.1537, 488.7942, 151.7548
143445.6475, 6394390.5300, 32.5504, 51.5898, 216.2635
143450.2230, 6394401.5849, 33.4585, 9.6051, 98.4199
143453.4493, 6394395.9959, 33.5070, 353.1483, 104.2332
143453.3318, 6394396.0793, 33.4692, 344.3328, 106.4740
143445.6480, 6394390.9524, 32.3871, 34.6708, 228.7054
143453.6182, 6394395.8701, 33.4635, 366.2178, 107.1456
143452.6189, 6394395.4669, 33.4138, 330.2068, 111.3588
143453.2680, 6394396.9953, 33.3292, 309.2990, 113.4440
143453.2680, 6394396.9953, 33.3292, 309.2990, 113.4440
143447.4622, 6394389.4440, 33.5966, 257.0263, 114.2797
143452.6235, 6394395.4619, 33.3527, 330.7891, 115.3343
143447.5661, 6394389.4281, 33.5665, 266.5552, 117.1878
143447.5661, 6394389.4281, 33.5665, 266.5552, 117.1878
143447.6825, 6394391.5898, 33.3809, 172.5219, 127.1321
143447.6825, 6394391.5898, 33.3809, 172.5219, 127.1321
143449.5818, 6394400.0994, 33.3788, 11.2986, 105.6986
143448.4698, 6394397.1016, 33.4386, 26.2490, 107.6546
143446.3505, 6394391.6149, 33.3548, 61.3588, 131.0953
143446.0325, 6394390.5903, 33.3639, 77.5391, 134.6624
143446.1861, 6394390.5409, 33.3445, 94.0206, 136.5113
143446.1861, 6394390.5409, 33.3445, 94.0206, 136.5113
143454.1424, 6394398.3273, 33.3403, 307.5226, 110.0623
143447.8831, 6394395.6010, 33.4294, 33.4332, 111.8200
143453.9563, 6394398.4539, 33.3159, 294.7028, 111.3003
143448.4116, 6394397.1074, 33.3678, 22.6113, 112.6817
143447.8486, 6394395.6156, 33.4055, 30.6220, 113.6155
143447.3419, 6394389.0213, 33.6145, 269.5259, 113.9258
143447.7912, 6394389.3498, 33.5884, 288.8308, 115.1451
143447.7912, 6394389.3498, 33.5884, 288.8308, 115.1451
143447.6736, 6394395.1169, 33.3921, 34.7309, 115.9688
143453.2402, 6394397.0126, 33.2714, 307.4690, 116.9473
143453.1115, 6394397.0983, 33.2513, 298.1385, 118.0648
143447.1813, 6394389.6148, 33.5504, 224.9237, 118.4689
143447.3695, 6394388.9938, 33.5562, 273.6376, 119.8236
143447.5414, 6394389.4232, 33.5329, 264.9613, 120.4960
143447.7340, 6394391.1270, 33.4635, 196.9332, 121.2374
143446.5145, 6394390.4592, 33.4201, 126.6570, 128.9559
143446.3512, 6394390.0180, 33.4128, 133.0978, 131.6031
143446.5016, 6394390.4494, 33.3861, 126.2246, 132.3076
143446.5016, 6394390.4494, 33.3861, 126.2246, 132.3076
143446.3595, 6394391.6089, 33.3115, 62.7645, 135.1354
143446.0801, 6394390.5650, 33.3051, 83.5654, 140.4780
143452.7342, 6394392.4595, 32.9637, 458.8419, 149.5124
143452.8802, 6394392.3949, 32.8398, 469.4828, 158.1166
143450.3599, 6394389.1142, 33.0257, 486.5020, 162.7869
143446.2052, 6394389.9724, 33.0745, 124.6330, 165.8593
143446.4029, 6394390.4450, 33.0418, 120.2967, 165.8783
143446.4029, 6394390.4450, 33.0418, 120.2967, 165.8783
143450.3454, 6394389.1556, 33.2104, 483.1245, 146.7928
143452.8331, 6394392.4395, 32.9031, 464.9846, 153.6418
143446.4127, 6394390.4447, 32.9854, 121.6103, 171.2799
143452.8331, 6394392.4395, 32.9031, 464.9846, 153.6418
143450.3339, 6394389.1386, 33.0580, 483.4699, 159.9772
143450.1332, 6394387.3304, 32.8716, 577.6295, 186.5801
143446.5346, 6394390.3802, 32.9082, 135.9177, 178.6305
143449.7829, 6394387.6642, 32.8697, 533.7177, 186.1169
143450.2714, 6394389.1781, 32.8990, 477.4675, 173.5618
143449.8159, 6394387.6327, 32.8532, 537.8681, 187.7014
143449.8571, 6394387.5908, 32.8171, 543.1971, 191.1217
143449.8571, 6394387.5908, 32.8171, 543.1971, 191.1217
143449.7711, 6394387.6696, 32.8224, 532.6082, 190.4932
143449.9972, 6394387.4592, 32.8227, 560.6414, 190.8433
143449.9972, 6394387.4592, 32.8227, 560.6414, 190.8433
143447.4002, 6394388.9816, 32.6916, 281.0582, 204.7894
143446.4832, 6394390.3663, 32.6142, 134.2194, 206.9489
143447.5434, 6394388.8832, 32.6706, 298.1709, 206.8122
143447.5434, 6394388.8832, 32.6706, 298.1709, 206.8122
143449.7901, 6394387.6442, 32.7544, 535.4532, 196.8373
143447.6451, 6394388.8181, 32.7197, 309.7206, 202.0388
143447.5944, 6394388.8527, 32.7109, 303.7848, 202.8883
143445.7986, 6394390.5208, 32.5714, 65.9150, 213.4599
143452.8058, 6394392.4183, 33.2758, 464.1095, 127.6350
143450.2905, 6394389.1774, 33.0950, 478.5207, 156.7349
143450.2905, 6394389.1774, 33.0950, 478.5207, 156.7349
143450.2905, 6394389.1774, 33.0950, 478.5207, 156.7349
143445.9349, 6394390.5888, 32.9369, 72.2754, 176.8160
143446.4702, 6394393.0505, 32.8849, 18.3525, 166.8008
143450.3500, 6394389.1159, 32.9425, 485.8567, 169.9252
143450.3500, 6394389.1159, 32.9425, 485.8567, 169.9252
143450.3500, 6394389.1159, 32.9425, 485.8567, 169.9252
143446.1818, 6394390.4717, 32.7087, 101.9421, 198.6391
143446.0815, 6394390.4490, 32.4127, 96.3413, 227.7087
143445.6636, 6394390.5317, 32.6881, 51.7805, 202.6828
