143446.2182, 6394390.5043, 33.4431, 54.4209, 92.4349
143446.1784, 6394390.5072, 33.0627, 52.0801, 129.1166
143446.3257, 6394390.4918, 33.0432, 67.1552, 132.0062
143446.3568, 6394390.4869, 33.0314, 70.3953, 133.3359
143446.3063, 6394390.4924, 32.9895, 65.4638, 137.0509
143446.3954, 6394390.4713, 32.9682, 74.8798, 139.5377
143446.4676, 6394390.4559, 32.9253, 82.5319, 144.0420
143446.4676, 6394390.4559, 32.9253, 82.5319, 144.0420
143446.5011, 6394390.4455, 32.9261, 86.0811, 144.0949
143446.5181, 6394390.4344, 32.8892, 88.1904, 147.6328
143462.9729, 6394419.4714, 32.9612, 334.0572, 284.4095
143456.9257, 6394409.4306, 32.4155, 286.3976, 285.0645
143466.3599, 6394427.0247, 33.2643, 330.0608, 286.2628
143466.3599, 6394427.0247, 33.2643, 330.0608, 286.2628
143457.0895, 6394409.4673, 32.3370, 291.9518, 288.3347
143446.5815, 6394390.4151, 32.8848, 94.8994, 148.3053
143446.5534, 6394390.4307, 32.8359, 91.9432, 152.9626
143467.3848, 6394422.5997, 42.3491, 401.1395, 31.5748
143456.0164, 6394398.5834, 36.7055, 468.3106, 31.2841
143467.2507, 6394422.5774, 41.8662, 398.4560, 44.5398
143467.1219, 6394423.5788, 41.8099, 382.6637, 50.3834
143467.3128, 6394423.0635, 42.1942, 393.5475, 37.9245
143458.6541, 6394400.3964, 37.2130, 533.2133, 38.0500
143446.7809, 6394390.9190, 32.8834, 99.6761, 155.1833
143446.0272, 6394390.5199, 32.7772, 37.9180, 155.8710
143447.4970, 6394392.9355, 33.0757, 108.5957, 162.0522
143446.1815, 6394390.4974, 32.7175, 54.1832, 162.4870
143446.1513, 6394390.4932, 32.7038, 51.3505, 163.5629
143446.1513, 6394390.4932, 32.7038, 51.3505, 163.5629
143446.2047, 6394390.4870, 32.6770, 56.9427, 166.4487
143446.2047, 6394390.4870, 32.6770, 56.9427, 166.4487
143451.4456, 6394391.4346, 33.1355, 448.4763, 166.3519
143448.3819, 6394394.9536, 33.2758, 128.0231, 167.8005
143465.2946, 6394424.3995, 37.4228, 330.7948, 169.6156
143465.1687, 6394424.4611, 37.4084, 326.9347, 169.9542
143448.5517, 6394395.4719, 33.2979, 128.3637, 170.9042
143448.5517, 6394395.4719, 33.2979, 128.3637, 170.9042
143446.2906, 6394390.4853, 32.6308, 65.6696, 171.4525
143464.7505, 6394420.5980, 36.8963, 364.0876, 172.4737
143450.8544, 6394396.0822, 33.4416, 265.4886, 175.6037
143449.0064, 6394396.4771, 33.3513, 137.4281, 176.3255
143449.0064, 6394396.4771, 33.3513, 137.4281, 176.3255
143466.5227, 6394428.6045, 37.6684, 313.5192, 176.5152
143446.3990, 6394390.4542, 32.5750, 77.3773, 177.1833
143446.3990, 6394390.4542, 32.5750, 77.3773, 177.1833
143448.3549, 6394390.9173, 32.7377, 238.5753, 177.8946
143446.4538, 6394390.4415, 32.5414, 83.2111, 180.6181
143450.8575, 6394396.0902, 33.3640, 265.6416, 180.7456
143447.0765, 6394391.9265, 32.6202, 100.2949, 189.7040
143447.0765, 6394391.9265, 32.6202, 100.2949, 189.7040
143447.2778, 6394392.4407, 32.6534, 104.2625, 191.9060
143457.7676, 6394399.5413, 36.8652, 519.5577, 42.7698
143457.2446, 6394399.5321, 36.7743, 497.6118, 44.1796
143459.9443, 6394401.8693, 37.4656, 545.7495, 45.3275
143458.2800, 6394402.9581, 37.4465, 455.9450, 45.7231
143447.5880, 6394389.4732, 33.7257, 217.2013, 63.4692
143452.7443, 6394392.4932, 32.8545, 491.5293, 200.3754
143449.5959, 6394394.9749, 32.6322, 214.5523, 219.0679
143447.4824, 6394389.5051, 33.7067, 206.2827, 64.6942
143447.6400, 6394389.4692, 33.6489, 222.4356, 71.4498
143465.0746, 6394416.5848, 40.9535, 425.8095, 33.0572
143449.7655, 6394388.1390, 33.0505, 464.3007, 130.6093
143449.7655, 6394388.1390, 33.0505, 464.3007, 130.6093
143446.5883, 6394390.4650, 33.5639, 91.3201, 83.7690
143446.5883, 6394390.4650, 33.5639, 91.3201, 83.7690
143450.4113, 6394396.4519, 32.6489, 230.6436, 227.7903
143458.4607, 6394402.9182, 37.4921, 463.9034, 44.2843
143458.4607, 6394402.9182, 37.4921, 463.9034, 44.2843
143456.1284, 6394401.4253, 33.1259, 406.6381, 233.9507
143467.3059, 6394426.5397, 42.2508, 351.4065, 52.3638
143458.3123, 6394402.4349, 37.2246, 469.4220, 52.1196
143445.8169, 6394390.5123, 32.6418, 17.4429, 167.5665
143451.1660, 6394391.5997, 33.0701, 423.7502, 171.2554
143451.1660, 6394391.5997, 33.0701, 423.7502, 171.2554
143455.1353, 6394399.9344, 32.9204, 397.6091, 237.2366
143458.7426, 6394408.9623, 33.5844, 358.4875, 240.2948
143458.7426, 6394408.9623, 33.5844, 358.4875, 240.2948
143446.5397, 6394393.5403, 32.3942, 16.8648, 217.8914
143447.4318, 6394397.4263, 34.5496, 5.5888, 93.4094
143452.8357, 6394417.4897, 37.9624, 23.9212, 93.7105
143452.2201, 6394402.0402, 32.6793, 212.3027, 251.1278
143458.7703, 6394400.3843, 37.2269, 538.1783, 37.9522
143460.0464, 6394401.8363, 37.6292, 550.2863, 38.1088
143448.0784, 6394400.0144, 32.4584, 13.9183, 248.8588
143448.9438, 6394399.0028, 32.4476, 85.7223, 247.6001
143450.2526, 6394401.5226, 32.4212, 118.4657, 260.0335
143454.6466, 6394411.4623, 32.5773, 170.0754, 280.2036
143460.4050, 6394402.3824, 37.6172, 550.1401, 44.8611
143447.3478, 6394389.5139, 33.5976, 193.6758, 74.1102
143462.2904, 6394410.5908, 37.2934, 444.4349, 115.5285
143447.8235, 6394392.0943, 34.0285, 154.6359, 75.6343
143447.8235, 6394392.0943, 34.0285, 154.6359, 75.6343
143447.6568, 6394391.5443, 33.8875, 156.6176, 79.0563
143455.2507, 6394414.5459, 38.1415, 145.2856, 80.0050
143446.2174, 6394390.5128, 33.4739, 53.9820, 89.5546
143446.2174, 6394390.5128, 33.4739, 53.9820, 89.5546
143462.4014, 6394411.0592, 37.5214, 439.5226, 109.9280
143450.3025, 6394389.1212, 33.3554, 461.1159, 118.2864
143452.5569, 6394417.5129, 37.8930, 13.2508, 95.3774
143452.5569, 6394417.5129, 37.8930, 13.2508, 95.3774
143460.7234, 6394406.6308, 36.9432, 467.8983, 102.9074
143449.8379, 6394388.1481, 33.2614, 469.3618, 111.2261
143463.9754, 6394423.4519, 33.4284, 311.5379, 276.4726
143462.9424, 6394420.5911, 33.2377, 318.7743, 277.5841
143446.3547, 6394390.4857, 32.9505, 70.5701, 141.1068
143450.0389, 6394387.4865, 32.7491, 519.2855, 154.2891
143464.2827, 6394423.0464, 33.0624, 324.5293, 286.3779
143446.2771, 6394390.4992, 33.0765, 62.0163, 128.4816
143446.2341, 6394390.4933, 33.0632, 57.9750, 129.3551
143446.2341, 6394390.4933, 33.0632, 57.9750, 129.3551
143466.4083, 6394427.0267, 33.1030, 331.2992, 290.4345
143463.9194, 6394412.9249, 37.1815, 453.6451, 134.6861
143447.7419, 6394393.4398, 33.1664, 115.6343, 160.5052
143447.7419, 6394393.4398, 33.1664, 115.6343, 160.5052
143467.2718, 6394425.5515, 42.3109, 362.0379, 46.2510
143456.4323, 6394399.0176, 36.6718, 475.6279, 39.8871
143463.0150, 6394411.6034, 39.5154, 447.4557, 44.0091
143447.5848, 6394389.4740, 33.7278, 216.8688, 63.2387
143464.9681, 6394418.4394, 36.9014, 398.9608, 166.1230
143464.9681, 6394418.4394, 36.9014, 398.9608, 166.1230
143464.8849, 6394424.5927, 37.4070, 318.2759, 169.8447
143451.2453, 6394395.9649, 33.4478, 292.3384, 176.0796
143451.2453, 6394395.9649, 33.4478, 292.3384, 176.0796
143466.9732, 6394427.9501, 37.6582, 331.1075, 175.8497
143450.7958, 6394396.1117, 33.3953, 261.2341, 178.5828
143447.6455, 6394390.0519, 32.5883, 206.4607, 179.6510
143450.0080, 6394394.8853, 33.1999, 243.0980, 180.3266
143450.0080, 6394394.8853, 33.1999, 243.0980, 180.3266
143449.6437, 6394397.9206, 33.4404, 147.9592, 182.3768
143449.6437, 6394397.9206, 33.4404, 147.9592, 182.3768
143447.8949, 6394390.4850, 32.6080, 214.1041, 183.1181
143449.3868, 6394397.4640, 33.3747, 141.3302, 182.7606
143448.0320, 6394389.8920, 33.7732, 242.5744, 69.8960
143447.3305, 6394389.5326, 33.6329, 191.2650, 70.7431
143467.0418, 6394422.1111, 41.1389, 399.8202, 62.1462
143467.0140, 6394424.5664, 41.9278, 367.8474, 51.3292
143467.0140, 6394424.5664, 41.9278, 367.8474, 51.3292
143464.8380, 6394416.0204, 40.2627, 428.3045, 51.0622
143452.7848, 6394392.4748, 32.8023, 494.6873, 204.0994
143452.8635, 6394392.4406, 32.6709, 500.7956, 213.4445
143450.0028, 6394399.4331, 32.8645, 141.0661, 226.6369
143450.0028, 6394399.4331, 32.8645, 141.0661, 226.6369
143467.1519, 6394422.0592, 41.4186, 403.0331, 54.3646
143468.1407, 6394430.5808, 42.9161, 326.0588, 54.8688
143450.3141, 6394400.4262, 32.6733, 140.8369, 242.4141
143453.4669, 6394407.9083, 33.2528, 171.0190, 243.0424
143449.6266, 6394400.5424, 32.4183, 99.8218, 256.0689
143449.4230, 6394396.0681, 33.1794, 174.9462, 187.0642
143452.8353, 6394403.5346, 32.6746, 214.8570, 256.7112
143449.4230, 6394396.0681, 33.1794, 174.9462, 187.0642
143453.7049, 6394406.0545, 32.6846, 211.2381, 263.8807
143460.8964, 6394421.8908, 33.1758, 246.6012, 279.7707
143446.7557, 6394390.4295, 33.5982, 108.3193, 81.6038
143454.8750, 6394414.5363, 38.1501, 131.4813, 78.1642
143454.8750, 6394414.5363, 38.1501, 131.4813, 78.1642
143460.6954, 6394418.4587, 32.4141, 282.6402, 298.8776
143462.5115, 6394410.0675, 37.6099, 460.4578, 102.1575
143462.5630, 6394411.0107, 37.7284, 445.2110, 102.7977
143446.1300, 6394390.5255, 33.4557, 45.0071, 90.6599
143446.1300, 6394390.5255, 33.4557, 45.0071, 90.6599
143462.4011, 6394409.5524, 37.3813, 466.5604, 107.5700
143462.4011, 6394409.5524, 37.3813, 466.5604, 107.5700
143451.3470, 6394391.4779, 33.2241, 440.1368, 159.3529
143447.7445, 6394393.4396, 33.1612, 115.8630, 160.9341
143446.1893, 6394390.4952, 32.7175, 55.0110, 162.5133
143446.2112, 6394390.4919, 32.6418, 57.6039, 169.9423
143464.5561, 6394420.1379, 36.9260, 364.9413, 169.8372
143448.6060, 6394395.4535, 33.3009, 132.6260, 170.8086
143466.8662, 6394427.0977, 37.5961, 338.0432, 175.0723
143449.0645, 6394396.4568, 33.3578, 141.7604, 175.9973
143451.1451, 6394395.9589, 33.4368, 286.4533, 176.3401
143451.0410, 6394396.0057, 33.4260, 278.9179, 176.9086
143451.0410, 6394396.0057, 33.4260, 278.9179, 176.9086
143450.9875, 6394396.0295, 33.4183, 275.0519, 177.3434
143450.9875, 6394396.0295, 33.4183, 275.0519, 177.3434
143448.9423, 6394396.4587, 33.3197, 133.5883, 178.0698
143449.4875, 6394397.4225, 33.4359, 148.4995, 178.9384
143447.8062, 6394389.9894, 32.5985, 222.9245, 179.0800
143449.4170, 6394397.4483, 33.4232, 143.4712, 179.6399
143449.4170, 6394397.4483, 33.4232, 143.4712, 179.6399
143449.1906, 6394396.9518, 33.3415, 139.4874, 180.8923
143448.0729, 6394390.4698, 32.6347, 229.8965, 181.5694
143446.4325, 6394390.4508, 32.5162, 80.9909, 182.9969
143452.8656, 6394418.5332, 37.9384, 15.4649, 100.0495
143452.8656, 6394418.5332, 37.9384, 15.4649, 100.0495
143451.1653, 6394391.5859, 33.1720, 424.0301, 163.2844
143449.8313, 6394398.4337, 33.4296, 149.0977, 186.8254
143447.2689, 6394392.4385, 32.7010, 103.3869, 187.8348
143451.3387, 6394391.5016, 33.0935, 438.9188, 169.5595
143446.1330, 6394390.5063, 32.5158, 50.0213, 181.7660
143447.9908, 6394394.4453, 32.5877, 112.8615, 213.7298
143454.9901, 6394407.9439, 32.7728, 234.6923, 265.8429
143454.9901, 6394407.9439, 32.7728, 234.6923, 265.8429
143450.9758, 6394406.5242, 32.4855, 79.0852, 270.7886
143454.8014, 6394411.9863, 32.5370, 169.1301, 282.7695
143456.6293, 6394409.5565, 32.4385, 273.3553, 284.1255
143451.4175, 6394391.4445, 33.1788, 446.1703, 162.9506
143451.4175, 6394391.4445, 33.1788, 446.1703, 162.9506
143464.8711, 6394430.8909, 35.2859, 253.4328, 239.1617
143458.4656, 6394409.0978, 33.5682, 346.3867, 240.8577
143467.3383, 6394425.5485, 42.4937, 363.5346, 41.5462
143464.8980, 6394416.0013, 40.5707, 430.0405, 41.3293
143464.8980, 6394416.0013, 40.5707, 430.0405, 41.3293
143467.9957, 6394429.0778, 42.7120, 338.8669, 53.3538
143467.9957, 6394429.0778, 42.7120, 338.8669, 53.3538
143451.0561, 6394391.6466, 33.1511, 414.4728, 164.8102
143462.2951, 6394410.0965, 37.3843, 453.3175, 109.8232
143448.5444, 6394395.4337, 33.2178, 128.9447, 176.3141
143449.3709, 6394396.5756, 33.2598, 159.7626, 184.6641
143449.3709, 6394396.5756, 33.2598, 159.7626, 184.6641
143449.7804, 6394388.1533, 32.9125, 465.0997, 144.0242
143449.3772, 6394396.5737, 33.1808, 160.4240, 189.9547
143452.8484, 6394392.4241, 32.8920, 500.2212, 197.7010
143452.8596, 6394392.4444, 32.6577, 500.4368, 214.3810
143448.2419, 6394397.5276, 32.4206, 67.1756, 241.8226
143451.7602, 6394404.9933, 32.4599, 139.3485, 269.4142
143457.7417, 6394423.4960, 32.6314, 138.5895, 296.1266
143466.7982, 6394420.6149, 41.4969, 413.3423, 44.0232
143457.7417, 6394423.4960, 32.6314, 138.5895, 296.1266
143466.7982, 6394420.6149, 41.4969, 413.3423, 44.0232
143457.1384, 6394405.0670, 33.3021, 370.8058, 238.9192
143457.1384, 6394405.0670, 33.3021, 370.8058, 238.9192
143452.9765, 6394406.9312, 33.2038, 164.3705, 241.6442
143452.9690, 6394406.9246, 33.1122, 164.3000, 245.7418
143452.0406, 6394401.5048, 32.6922, 213.3915, 248.4499
143448.8581, 6394399.0288, 32.4275, 79.9158, 248.7553
143454.8450, 6394413.5409, 32.5158, 150.9680, 286.0241
143454.8450, 6394413.5409, 32.5158, 150.9680, 286.0241
143462.6071, 6394411.5579, 38.5257, 436.5063, 77.3166
143451.4958, 6394402.9230, 33.2528, 158.6058, 222.9806
143452.1530, 6394401.5355, 32.6488, 218.6195, 251.0477
143452.8887, 6394402.9908, 32.6735, 227.3197, 255.3302
143456.2368, 6394414.9135, 33.1051, 183.3342, 267.8860
143459.8500, 6394420.5197, 32.7276, 232.5544, 290.9993
143459.8500, 6394420.5197, 32.7276, 232.5544, 290.9993
143453.5868, 6394404.4465, 32.7121, 233.3895, 258.4593
143453.5868, 6394404.4465, 32.7121, 233.3895, 258.4593
143455.7207, 6394409.4172, 32.9563, 240.3390, 262.2719
143453.8004, 6394406.0175, 32.7023, 216.0019, 263.1128
143463.6291, 6394423.5956, 33.6341, 300.7247, 270.6865
143451.1857, 6394404.0286, 32.4384, 126.3022, 267.3766
143464.0710, 6394423.4045, 33.4957, 314.5000, 274.5989
143466.5200, 6394426.9717, 33.1580, 334.5054, 289.0181
143466.3331, 6394427.0631, 33.0707, 329.1447, 291.2670
