143426.6294418247, 6394339.1822918011, 35.4567254990, 143426.6045264360, 6394339.1639437666, 35.4869949113, 2432, 2058, 0.0000000664
143426.8487765293, 6394339.9358792957, 35.4263227242, 143426.9520876023, 6394339.9597196858, 35.3707977356, 2302, 1918, 0.0000000611
143427.2716298024, 6394340.5512369880, 35.3485649108, 143427.4571493226, 6394340.4721452892, 35.5045560905, 2419, 2084, 0.0000000212
143427.3530863230, 6394341.3267682949, 35.1321835137, 143427.3308544876, 6394341.3416834734, 35.1271598893, 2388, 2030, 0.0000000170
143427.7901528657, 6394342.1864768742, 35.1221110219, 143427.8298291250, 6394342.1019694619, 35.1452071401, 2451, 2085, 0.0000000311
143428.1084505916, 6394343.1700802259, 35.0511163420, 143428.0767400367, 6394343.2384047015, 35.0398215087, 2309, 1990, 0.0000000409
143428.2078121598, 6394344.0644522915, 34.8908824799, 143428.1700267638, 6394344.0288042305, 34.9122457507, 2405, 2070, 0.0000000578
143428.4176930592, 6394345.0370103754, 34.7558484378, 143428.1309619972, 6394345.1981092943, 34.6977207283, 2203, 1857, 0.0000000487
143428.4167375567, 6394346.1306957500, 34.6717113390, 143428.3786194080, 6394346.3055452649, 34.6690012796, 2214, 1779, 0.0000000525
143428.7037955602, 6394347.1450704299, 34.6593367933, 143428.7493301835, 6394347.1591017637, 34.6612390208, 2100, 1489, 0.0000000692
143428.9316700131, 6394347.7024566084, 34.5043747880, 143428.9105485948, 6394347.5691650761, 34.4670491756, 1912, 1298, 0.0000000315
143429.1626814131, 6394348.4313084409, 34.4716378630, 143429.1313371696, 6394348.4016903015, 34.5084490954, 1774, 1212, 0.0000000765
143429.4491544792, 6394349.0137984771, 34.5184622007, 143429.3235207945, 6394348.9828787772, 34.4859377810, 1576, 1078, 0.0000000245
143429.7556224153, 6394349.8729148749, 34.4028319901, 143429.7665147819, 6394350.0164836505, 34.4289604810, 1351, 980, 0.0000000459
143429.9012561233, 6394350.4367128974, 34.3819283157, 143429.8680926701, 6394350.2421269193, 34.4053061528, 1298, 945, 0.0000000578
143430.3083471167, 6394350.8384033423, 34.0823302934, 143430.2841946816, 6394350.7383485669, 34.0928749829, 1224, 896, 0.0000000201
143430.3374807138, 6394351.3409710238, 33.8568263520, 143430.3535838614, 6394351.3271507788, 33.8570338261, 1227, 887, 0.0000000239
143430.4219369984, 6394352.3314610254, 33.8777948667, 143430.4281938048, 6394352.3004709557, 33.8718557529, 1211, 890, 0.0000000382
143430.6862904439, 6394352.8738579229, 33.9102065814, 143430.5884703412, 6394352.5780436210, 33.8966448541, 1239, 924, 0.0000000251
143430.8445792389, 6394353.4972938895, 34.0019335453, 143430.8673749315, 6394353.4532318301, 33.9995473553, 1189, 883, 0.0000000279
143430.9938037978, 6394353.7506927010, 33.9558973442, 143431.0052023204, 6394353.7421896867, 33.9551534902, 1199, 901, 0.0000000580
143431.3191539012, 6394354.7726227259, 33.9216686774, 143431.3967339271, 6394354.8981200270, 33.9505165783, 1131, 824, 0.0000000477
143431.6282414147, 6394355.7030166797, 33.9263688238, 143431.6490656463, 6394355.7088004425, 33.9288031379, 1246, 921, 0.0000000305
143431.8631715812, 6394356.0540248873, 33.8791151092, 143431.8285015076, 6394355.9833718576, 33.8606372151, 1268, 908, 0.0000000246
143432.1562316250, 6394356.6768414173, 33.7552610289, 143432.1833299948, 6394356.8851142777, 33.8206601841, 1242, 895, 0.0000000198
143432.2478997102, 6394357.0439723851, 33.6316461372, 143432.1510889051, 6394356.9071493065, 33.6517891872, 1327, 928, 0.0000000172
143432.3948992309, 6394357.5570596140, 33.6392172513, 143432.3934131986, 6394357.5564680463, 33.6363883528, 1278, 895, 0.0000000214
143432.6680480354, 6394357.9728634004, 33.4662667883, 143432.7144147526, 6394357.8828068720, 33.4789287091, 1345, 935, 0.0000000449
143432.8044403340, 6394358.9096080456, 33.2427852974, 143432.8097323487, 6394358.9043783424, 33.2224231054, 1323, 919, 0.0000000564
143433.0303129391, 6394359.5915661091, 33.1982700087, 143433.0419407855, 6394359.3610479068, 33.1595067019, 1291, 850, 0.0000000190
143433.2995191943, 6394360.2628045492, 33.2547148104, 143433.1815737644, 6394360.1687369747, 33.2525802428, 1353, 848, 0.0000000230
143433.4529515863, 6394360.7788024023, 33.1658833252, 143433.3130009607, 6394360.8241102491, 33.1457485757, 1379, 854, 0.0000000461
143433.7091983426, 6394361.3049326129, 33.2238938528, 143433.5257039974, 6394361.3260470033, 33.2118139766, 1378, 831, 0.0000000590
143433.8366039516, 6394361.7782894718, 33.1306834404, 143433.7049298389, 6394361.5249993363, 33.1637952541, 1406, 853, 0.0000000302
143433.9308669516, 6394362.3355524577, 33.1177307491, 143433.7688196562, 6394362.2890572026, 33.1820078279, 1347, 788, 0.0000000287
143434.2488072035, 6394362.7892509596, 33.0718110694, 143434.2080102540, 6394362.6357882097, 33.0703675047, 1380, 793, 0.0000000845
143434.6137326388, 6394363.1747939549, 32.9727120458, 143434.6210393179, 6394363.1166731007, 32.9330825371, 1342, 802, 0.0000000302
143434.7526226291, 6394363.8107869253, 33.0500423210, 143434.6840221118, 6394363.6825377587, 33.0345419665, 1341, 778, 0.0000000267
143434.8858407186, 6394364.2633872898, 33.1760964966, 143434.6991830803, 6394364.2004543878, 33.1578056216, 1294, 751, 0.0000001370
143434.8570186608, 6394364.5572883263, 33.2073736431, 143434.9537546257, 6394364.6348710703, 33.2034861015, 1333, 792, 0.0000000342
143435.0812740703, 6394364.9659321047, 33.4252038962, 143435.0671409369, 6394364.8022251241, 33.4857710195, 1379, 792, 0.0000001099
143435.1928860508, 6394365.2217344213, 33.5841607165, 143435.1457800912, 6394365.0537861167, 33.5109868438, 1385, 779, 0.0000000432
143435.1748041315, 6394365.4375868309, 33.8215570940, 143435.1928741350, 6394365.3129471326, 33.8234195798, 1338, 739, 0.0000000258
143434.9533524248, 6394365.7696461929, 34.3552556040, 143434.8477733317, 6394365.6330657182, 34.4499530263, 1323, 674, 0.0000000336
143435.2308636424, 6394365.8288470777, 34.2379391396, 143435.1670979741, 6394365.7827062411, 34.2615873008, 1322, 693, 0.0000000256
143435.4177871286, 6394366.5568819754, 34.2468062026, 143435.6100810929, 6394366.7094370825, 34.1957191681, 1269, 596, 0.0000000463
143435.6168634342, 6394367.0573337935, 34.1694361154, 143435.5793578192, 6394367.0548887663, 34.1959628812, 1317, 608, 0.0000000418
143435.5775289955, 6394367.3996530995, 34.2198668547, 143435.6207908955, 6394367.4791545235, 34.1892805564, 1279, 600, 0.0000001451
143435.9690431408, 6394367.7928577717, 34.0026805907, 143435.9080477562, 6394367.4233385790, 34.1678684719, 1260, 548, 0.0000000347
143436.1483338047, 6394368.2955395393, 34.0577002153, 143436.1759299822, 6394368.4266650323, 34.0269739624, 1239, 478, 0.0000001126
143436.4855556344, 6394368.6738953944, 34.0054928502, 143436.4705626788, 6394368.6874450762, 33.9898497886, 1297, 469, 0.0000002081
143436.5241664127, 6394369.2438218025, 34.2150301322, 143436.3991617626, 6394368.9573835041, 34.2827662624, 1279, 474, 0.0000000309
143436.8094741730, 6394370.0616245642, 34.3523718725, 143436.8434939859, 6394369.6497561056, 34.3805968934, 1304, 416, 0.0000000309
143436.9787156205, 6394370.4764707442, 34.2860046402, 143436.9082250176, 6394370.3493952835, 34.3415071643, 1241, 329, 0.0000001253
143437.4312355211, 6394371.3525834437, 34.1549348269, 143437.4296159116, 6394371.4214754645, 34.1248055687, 1308, 288, 0.0000000297
143437.4650976444, 6394372.1802905193, 34.2726480275, 143437.4586518221, 6394372.3644473469, 34.2368930582, 1343, 273, 0.0000000359
143438.0076312805, 6394373.1976410309, 33.9620823179, 143437.9708242612, 6394373.2037676275, 33.9624894634, 1315, 233, 0.0000000514
143438.5045655621, 6394373.8216827903, 33.7095252916, 143438.6137314825, 6394374.1099020541, 33.6862171490, 1310, 218, 0.0000000403
143438.0810587239, 6394374.6445669401, 34.1660762667, 143438.2016143189, 6394374.9066075804, 34.1193915899, 1187, 169, 0.0000001083
143438.8290262399, 6394375.8377122153, 34.0906316605, 143438.7065610988, 6394375.8248927444, 34.1123462657, 1217, 114, 0.0000000539
143441.1481262618, 6394373.6743385326, 30.6129394321, 143441.1364601031, 6394373.5522859674, 30.6105535391, 1242, 261, 0.0000000197
143441.8356862306, 6394374.6080319360, 30.7127741940, 143441.9006578247, 6394374.8917605374, 30.7549439472, 1257, 244, 0.0000000468
143441.7537665032, 6394375.1847307896, 30.7802473084, 143441.7230396094, 6394374.6258482235, 30.5763048431, 1265, 240, 0.0000000577
143441.6373619614, 6394375.5099730510, 30.8048768407, 143441.7495042267, 6394375.2566935439, 30.8231320587, 1186, 190, 0.0000000523
143440.8641473982, 6394374.7130806968, 30.8926222069, 143440.8801570288, 6394374.8740936071, 30.8997506382, 1206, 167, 0.0000000262
143440.5812271344, 6394374.5435343049, 30.7713125529, 143440.7082499494, 6394374.9478465877, 30.8558514329, 1236, 138, 0.0000001316
143440.3614609721, 6394374.2950520478, 30.8485421479, 143440.3774089972, 6394374.3083770908, 30.8491068875, 1200, 123, 0.0000000929
143440.5542315030, 6394374.8005977385, 30.8365524798, 143440.3896338502, 6394374.4471330214, 30.7408584023, 1139, 126, 0.0000001812
143440.3412110512, 6394376.0406864714, 31.0861371905, 143439.2405643603, 6394373.8371447101, 30.7344941800, 1172, 104, 0.0000002113
143424.3907333640, 6394328.3665728988, 24.1692266292, 