834.740051 174.580566 143436.316 6394359.472 38.452
239.835358 207.141220 143427.658 6394362.027 38.376
437.319458 218.244186 143430.465 6394361.396 38.098
531.834473 267.480103 143432.948 6394364.927 37.656
559.729248 170.678528 143432.753 6394362.541 39.446
845.259948 160.413910 143437.223 6394361.204 39.037
211.190155 510.402740 143427.048 6394361.520 33.577
519.567688 131.898239 143432.108 6394362.287 39.617
650.494934 129.172379 143434.166 6394361.662 39.842
397.210571 145.146866 143430.318 6394363.127 39.797
